,EIG_a,ER_s_2,Kelvin_s_1,MJO_s,MJO_a,MRG_a_1,TD_s_1,WIG_s,CARIBE_u_1,CARIBE_v,CHOCO_u_2,CHOCO_v_1,ORINOQUIA_u_3,ORINOQUIA_v_3,PPT_ERA5_1,PPT_ERA_acum,Tendencia,Caudal_antes,Caudal
2000-01-01,,,,,,,,,,,,,,,,,,,2.3099855135332192
2000-01-02,,,,,,,,,,,,,,,,,,2.3099855135332192,2.179661070228919
2000-01-03,,,,,,,,,,,,,,,,,-1.7441967176145137,2.179661070228919,2.6849044194748424
2000-01-04,,,,,,,,,,,,,,,,,1.1603217401640316,2.6849044194748424,2.2575220612605507
2000-01-05,,,,,,,,,,,,,,,,,-1.9105482298995924,2.2575220612605507,2.1099998134481104
2000-01-06,,,,,,,,,,,,,,,,,1.3382827782935616,2.1099998134481104,1.7965144774368953
2000-01-07,,,,,,,,,,,,,,,,,-2.1655044043231353,1.7965144774368953,1.0990654808899756
2000-01-08,,,,,,,,,,,,,,,,,-0.8890699306607585,1.0990654808899756,0.5715049367721073
2000-01-09,,,,,,,,,,,,,,,,,-0.430730153060699,0.5715049367721073,0.7196750061570544
2000-01-10,,,,,,,,,,,,,,,,,0.8468755797130503,0.7196750061570544,0.8192679381581129
2000-01-11,,,,,,,,,,,,,,,,,0.1970065823996673,0.8192679381581129,0.7464372791072651
2000-01-12,,,,,,,,,,,,,,,,,-0.40733963999957756,0.7464372791072651,1.2649289167652007
2000-01-13,,,,,,,,,,,,,,,,,0.744129652846433,1.2649289167652007,1.0254066758612654
2000-01-14,,,,,,,,,,,,,,,,,-0.5306130062477821,1.0254066758612654,1.3404168260525706
2000-01-15,,,,,,,,,,,,,,,,,-0.15852232572132843,1.3404168260525706,0.9738911132287361
2000-01-16,,,,,,,,,,,,,,,,,-0.40392354011251175,0.9738911132287361,0.744316141346975
2000-01-17,,,,,,,,,,,,,,,,,-0.17812688619156872,0.744316141346975,0.3939014460832696
2000-01-18,,,,,,,,,,,,,,,,,-0.2762222815533122,0.3939014460832696,0.32866228893848953
2000-01-19,,,,,,,,,,,,,,,,,-0.20388340194842408,0.32866228893848953,0.9674041636258099
2000-01-20,,,,,,,,,,,,,,,,,0.478923062016783,0.9674041636258099,0.5937559480396888
2000-01-21,,,,,,,,,,,,,,,,,-0.3456396495598971,0.5937559480396888,0.9542676309876508
2000-01-22,,,,,,,,,,,,,,,,,0.6223413118588852,0.9542676309876508,0.4083079249770906
2000-01-23,,,,,,,,,,,,,,,,,-0.24876327891784525,0.4083079249770906,0.7415092695620612
2000-01-24,,,,,,,,,,,,,,,,,0.29110489912441506,0.7415092695620612,0.7811108061584007
2000-01-25,,,,,,,,,,,,,,,,,0.30095923757550297,0.7811108061584007,0.838662097698595
2000-01-26,,,,,,,,,,,,,,,,,0.03613750590470915,0.838662097698595,1.141731368883657
2000-01-27,,,,,,,,,,,,,,,,,0.17875678914424853,1.141731368883657,3.0831903065586714
2000-01-28,,,,,,,,,,,,,,,,,3.109256854044846,3.0831903065586714,2.7473904559116065
2000-01-29,,,,,,,,,,,,,,,,,-2.8527349280477154,2.7473904559116065,1.75496626325484
2000-01-30,,,,,,,,,,,,,,,,,-1.121143921912625,1.75496626325484,1.9080263743704262
2000-01-31,,,,,,,,,,,,,,,,,-0.44765575837614585,1.9080263743704262,1.1066101191128856
2000-02-01,,,,,,,,,,,,,,,,,-0.5953905072827996,1.1066101191128856,1.3503033098598547
2000-02-02,,,,,,,,,,,,,,,,,0.6096543447836337,1.3503033098598547,1.1532453572418229
2000-02-03,,,,,,,,,,,,,,,,,-1.1311610010296194,1.1532453572418229,1.6068038191655771
2000-02-04,,,,,,,,,,,,,,,,,0.5753079700456392,1.6068038191655771,1.6061771759862082
2000-02-05,,,,,,,,,,,,,,,,,-0.08181091205470462,1.6061771759862082,1.29755257524372
2000-02-06,,,,,,,,,,,,,,,,,-0.14433831676303757,1.29755257524372,1.4448711148323325
2000-02-07,,,,,,,,,,,,,,,,,0.45251779631292116,1.4448711148323325,1.1423349307906718
2000-02-08,,,,,,,,,,,,,,,,,-0.13467372983229675,1.1423349307906718,0.7432345336861143
2000-02-09,,,,,,,,,,,,,,,,,-2.300038541718414,0.7432345336861143,0.5646506416504516
2000-02-10,,,,,,,,,,,,,,,,,-0.5684424692222715,0.5646506416504516,0.281042145696288
2000-02-11,,,,,,,,,,,,,,,,,0.017091181889937614,0.281042145696288,0.03813713591136174
2000-02-12,,,,,,,,,,,,,,,,,-1.0272603619622314,0.03813713591136174,0.2926398600146949
2000-02-13,,,,,,,,,,,,,,,,,0.13147956620746798,0.2926398600146949,0.20025443163223988
2000-02-14,,,,,,,,,,,,,,,,,0.03531515591837163,0.20025443163223988,0.014696123607853998
2000-02-15,,,,,,,,,,,,,,,,,-0.38517926087311327,0.014696123607853998,-0.03671927284869596
2000-02-16,,,,,,,,,,,,,,,,,-0.1324610171116929,-0.03671927284869596,-0.04768630381873543
2000-02-17,,,,,,,,,,,,,,,,,-0.020705275430285948,-0.04768630381873543,0.9619347588023843
2000-02-18,,,,,,,,,,,,,,,,,2.581132359032578,0.9619347588023843,1.0476656310169608
2000-02-19,,,,,,,,,,,,,,,,,0.7554569704504437,1.0476656310169608,0.3341263537888695
2000-02-20,,,,,,,,,,,,,,,,,-0.5756408255961427,0.3341263537888695,0.7483778572546086
2000-02-21,,,,,,,,,,,,,,,,,1.210894442345849,0.7483778572546086,1.356380972362085
2000-02-22,,,,,,,,,,,,,,,,,1.5110326082377883,1.356380972362085,2.687502387051299
2000-02-23,,,,,,,,,,,,,,,,,2.664306600698619,2.687502387051299,2.502266914919904
2000-02-24,,,,,,,,,,,,,,,,,-0.27769677012723737,2.502266914919904,2.990626110258743
2000-02-25,,,,,,,,,,,,,,,,,3.1112157435079317,2.990626110258743,2.851609315249113
2000-02-26,,,,,,,,,,,,,,,,,-1.7800158620859294,2.851609315249113,2.5129686060748426
2000-02-27,,,,,,,,,,,,,,,,,-1.5579291802002946,2.5129686060748426,2.9561054633468458
2000-02-28,,,,,,,,,,,,,,,,,3.3509746383749524,2.9561054633468458,2.954414292694217
2000-02-29,,,,,,,,,,,,,,,,,-1.5037840636130397,2.6940493837365462,2.830302831745849
2000-03-01,,,,,,,,,,,,,,,,,0.9109613239732491,3.020374169251117,3.258813168272105
2000-03-02,,,,,,,,,,,,,,,,,2.670847241791298,3.258813168272105,3.052264842909905
2000-03-03,,,,,,,,,,,,,,,,,-0.4348613693156148,3.052264842909905,2.988570009449553
2000-03-04,,,,,,,,,,,,,,,,,1.273352322155603,2.988570009449553,1.9976850010144933
2000-03-05,,,,,,,,,,,,,,,,,-3.5136011727700693,1.9976850010144933,2.16222606386148
2000-03-06,,,,,,,,,,,,,,,,,-0.9825617017051597,2.16222606386148,2.7837954373966523
2000-03-07,,,,,,,,,,,,,,,,,3.1023792674762802,2.7837954373966523,1.5437537378269883
2000-03-08,,,,,,,,,,,,,,,,,-2.798655081443791,1.5437537378269883,2.212617824540917
2000-03-09,,,,,,,,,,,,,,,,,1.659743760573849,2.212617824540917,1.7940974667265228
2000-03-10,,,,,,,,,,,,,,,,,-0.9685097537802942,1.7940974667265228,0.6811128176303027
2000-03-11,,,,,,,,,,,,,,,,,-1.0679537098966432,0.6811128176303027,0.6660337764872758
2000-03-12,,,,,,,,,,,,,,,,,-0.6072077276922189,0.6660337764872758,1.0643376815298018
2000-03-13,,,,,,,,,,,,,,,,,0.5301502986471152,1.0643376815298018,2.5723410804637448
2000-03-14,,,,,,,,,,,,,,,,,2.25550867897405,2.5723410804637448,1.9658456060088505
2000-03-15,,,,,,,,,,,,,,,,,-1.1318742430841666,1.9658456060088505,2.3060746067083286
2000-03-16,,,,,,,,,,,,,,,,,1.263794356368632,2.3060746067083286,1.1818076077272395
2000-03-17,,,,,,,,,,,,,,,,,-2.1195036697407468,1.1818076077272395,1.0704778241136008
2000-03-18,,,,,,,,,,,,,,,,,0.3942398609664967,1.0704778241136008,0.19546175542856128
2000-03-19,,,,,,,,,,,,,,,,,-1.62426770948241,0.19546175542856128,-0.1967762117842733
2000-03-20,,,,,,,,,,,,,,,,,-0.7271172452588504,-0.1967762117842733,-0.1933530267789561
2000-03-21,,,,,,,,,,,,,,,,,-0.10517843541819626,-0.1933530267789561,-0.11602222656770567
2000-03-22,,,,,,,,,,,,,,,,,0.20099735479158823,-0.11602222656770567,-0.08896431762104091
2000-03-23,,,,,,,,,,,,,,,,,-0.03868156021288163,-0.08896431762104091,0.04060133458648488
2000-03-24,,,,,,,,,,,,,,,,,0.4541880469816877,0.04060133458648488,0.361286056279669
2000-03-25,,,,,,,,,,,,,,,,,1.068885534688178,0.361286056279669,0.867300637741764
2000-03-26,,,,,,,,,,,,,,,,,1.6008443771188126,0.867300637741764,0.8076548205406995
2000-03-27,,,,,,,,,,,,,,,,,-0.4348665472619695,0.8076548205406995,1.171553209949186
2000-03-28,,,,,,,,,,,,,,,,,0.709549619753511,1.171553209949186,1.246625165202381
2000-03-29,,,,,,,,,,,,,,,,,0.436040850934934,1.246625165202381,1.2885885503547014
2000-03-30,,,,,,,,,,,,,,,,,-0.24566816733227242,1.2885885503547014,0.8471600924907405
2000-03-31,,,,,,,,,,,,,,,,,-1.564861278848717,0.8471600924907405,1.1093486610825207
2000-04-01,,,,,,,,,,,,,,,,,1.0657374330407872,1.1093486610825207,0.5115723530892405
2000-04-02,,,,,,,,,,,,,,,,,-1.3050689649518856,0.5115723530892405,0.162943943382168
2000-04-03,,,,,,,,,,,,,,,,,-0.9515721930977045,0.162943943382168,0.03012976121201006
2000-04-04,,,,,,,,,,,,,,,,,-0.18142162750854418,0.03012976121201006,-0.04511317300367828
2000-04-05,,,,,,,,,,,,,,,,,-0.1169251760544256,-0.04511317300367828,0.8849576249025776
2000-04-06,,,,,,,,,,,,,,,,,1.0654712249059062,0.8849576249025776,0.3300966357380981
2000-04-07,,,,,,,,,,,,,,,,,-1.0289988067833107,0.3300966357380981,0.26547313230060726
2000-04-08,,,,,,,,,,,,,,,,,-0.06411860857353138,0.26547313230060726,0.57782577605878
2000-04-09,,,,,,,,,,,,,,,,,0.4546622851447182,0.57782577605878,-0.1713938199790241
2000-04-10,,,,,,,,,,,,,,,,,-1.7104300616737296,-0.1713938199790241,-0.09250045357706473
2000-04-11,,,,,,,,,,,,,,,,,0.20560284181848443,-0.09250045357706473,0.08692881670019593
2000-04-12,,,,,,,,,,,,,,,,,0.3844876696664136,0.08692881670019593,0.2875546776594131
2000-04-13,,,,,,,,,,,,,,,,,0.25146395053711973,0.2875546776594131,0.5596628260997271
2000-04-14,,,,,,,,,,,,,,,,,0.7116384393192299,0.5596628260997271,0.21888821268157965
2000-04-15,,,,,,,,,,,,,,,,,-0.5407786585893561,0.21888821268157965,0.25265155701286923
2000-04-16,,,,,,,,,,,,,,,,,0.03673199520205731,0.25265155701286923,-0.011844296138219263
2000-04-17,,,,,,,,,,,,,,,,,-0.3105568437679323,-0.011844296138219263,0.5370282458649044
2000-04-18,,,,,,,,,,,,,,,,,1.0367380569620388,0.5370282458649044,0.18360570866447332
2000-04-19,,,,,,,,,,,,,,,,,-0.4810202307479567,0.18360570866447332,0.042047445537431574
2000-04-20,,,,,,,,,,,,,,,,,-0.27023054660402845,0.042047445537431574,-0.1676691240884972
2000-04-21,,,,,,,,,,,,,,,,,-0.34999056874678197,-0.1676691240884972,-0.4141322866129133
2000-04-22,,,,,,,,,,,,,,,,,-0.2758851612688877,-0.4141322866129133,0.8021428321879988
2000-04-23,,,,,,,,,,,,,,,,,1.663613313022203,0.8021428321879988,0.42332145187747294
2000-04-24,,,,,,,,,,,,,,,,,-0.5096205428710174,0.42332145187747294,1.4124540539961228
2000-04-25,,,,,,,,,,,,,,,,,1.6664849992044048,1.4124540539961228,0.3570546870386419
2000-04-26,,,,,,,,,,,,,,,,,-1.6204529565620576,0.3570546870386419,-0.3845219910299226
2000-04-27,,,,,,,,,,,,,,,,,-1.3537458850832191,-0.3845219910299226,-0.5982581858378522
2000-04-28,,,,,,,,,,,,,,,,,-0.21588342372572292,-0.5982581858378522,-0.08504946802239063
2000-04-29,,,,,,,,,,,,,,,,,0.8625113001888821,-0.08504946802239063,-0.4515660234093546
2000-04-30,,,,,,,,,,,,,,,,,-0.543912153793114,-0.4515660234093546,-0.45109070686750313
2000-05-01,,,,,,,,,,,,,,,,,0.11641172720420981,-0.45109070686750313,0.6161310202961645
2000-05-02,,,,,,,,,,,,,,,,,1.531694034119343,0.6161310202961645,0.13487016357602535
2000-05-03,,,,,,,,,,,,,,,,,-0.8917429313772117,0.13487016357602535,0.6445740017528968
2000-05-04,,,,,,,,,,,,,,,,,0.8061696928953607,0.6445740017528968,-0.6816886340329428
2000-05-05,,,,,,,,,,,,,,,,,-1.4648609404674078,-0.6816886340329428,-0.8211537282516036
2000-05-06,,,,,,,,,,,,,,,,,-0.15229334883157644,-0.8211537282516036,0.3923236545892244
2000-05-07,,,,,,,,,,,,,,,,,1.7289783478745244,0.3923236545892244,0.012828579966749836
2000-05-08,,,,,,,,,,,,,,,,,-0.7727921752498358,0.012828579966749836,-0.5128055636636363
2000-05-09,,,,,,,,,,,,,,,,,-0.8984735360941912,-0.5128055636636363,-0.8946341669671446
2000-05-10,,,,,,,,,,,,,,,,,-0.45548719181572106,-0.8946341669671446,-0.7410860091205422
2000-05-11,,,,,,,,,,,,,,,,,0.17430752833194255,-0.7410860091205422,0.46776512412612237
2000-05-12,,,,,,,,,,,,,,,,,1.0667686012653688,0.46776512412612237,0.8066089258928122
2000-05-13,,,,,,,,,,,,,,,,,0.002272194783749395,0.8066089258928122,0.6522871793498342
2000-05-14,,,,,,,,,,,,,,,,,-0.48062767612727625,0.6522871793498342,0.49341025239708314
2000-05-15,,,,,,,,,,,,,,,,,-0.012058018957802214,0.49341025239708314,1.4829547026377004
2000-05-16,,,,,,,,,,,,,,,,,1.071779587174315,1.4829547026377004,1.250797256269744
2000-05-17,,,,,,,,,,,,,,,,,-0.14729661285439374,1.250797256269744,0.3631877343939728
2000-05-18,,,,,,,,,,,,,,,,,-0.7841749599214353,0.3631877343939728,-0.14554854190800123
2000-05-19,,,,,,,,,,,,,,,,,-0.7850893330594443,-0.14554854190800123,0.8476588075807763
2000-05-20,,,,,,,,,,,,,,,,,1.3297725474703648,0.8476588075807763,-0.02530961121250215
2000-05-21,,,,,,,,,,,,,,,,,-1.364029413247628,-0.02530961121250215,1.8539858740559858
2000-05-22,,,,,,,,,,,,,,,,,2.0413588799839153,1.8539858740559858,0.8338678259777356
2000-05-23,,,,,,,,,,,,,,,,,-1.7902870660081402,0.8338678259777356,0.30434436481266597
2000-05-24,,,,,,,,,,,,,,,,,-0.3389845076549457,0.30434436481266597,-0.2549343542266724
2000-05-25,,,,,,,,,,,,,,,,,-0.9550075285196512,-0.2549343542266724,-0.29876335871155196
2000-05-26,,,,,,,,,,,,,,,,,-0.1412751072932633,-0.29876335871155196,-0.3633069922188481
2000-05-27,,,,,,,,,,,,,,,,,-0.05392302247434503,-0.3633069922188481,-0.23037144160936013
2000-05-28,,,,,,,,,,,,,,,,,0.014870929294609094,-0.23037144160936013,-0.22343125567447816
2000-05-29,,,,,,,,,,,,,,,,,0.11072732471437269,-0.22343125567447816,-0.6792896115950948
2000-05-30,,,,,,,,,,,,,,,,,-0.684673114131223,-0.6792896115950948,-0.1539723563025034
2000-05-31,,,,,,,,,,,,,,,,,0.9673952629158592,-0.1539723563025034,-0.05031865659744191
2000-06-01,,,,,,,,,,,,,,,,,0.21101114389722206,-0.05031865659744191,-0.22950296120270514
2000-06-02,,,,,,,,,,,,,,,,,-0.4979663660816309,-0.22950296120270514,0.6120594891093486
2000-06-03,,,,,,,,,,,,,,,,,1.01585460280915,0.6120594891093486,-0.6102739602259434
2000-06-04,,,,,,,,,,,,,,,,,-1.7168894996241824,-0.6102739602259434,-0.5700213788219122
2000-06-05,,,,,,,,,,,,,,,,,0.34884762764413113,-0.5700213788219122,-0.8562961257287014
2000-06-06,,,,,,,,,,,,,,,,,-0.8971117816679197,-0.8562961257287014,0.5568276522482843
2000-06-07,,,,,,,,,,,,,,,,,2.013368180860828,0.5568276522482843,-0.05412126046661675
2000-06-08,,,,,,,,,,,,,,,,,-1.106229603653492,-0.05412126046661675,0.12605928930344107
2000-06-09,,,,,,,,,,,,,,,,,0.22748906544935005,0.12605928930344107,0.6059137336073869
2000-06-10,,,,,,,,,,,,,,,,,1.2002413354471089,0.6059137336073869,0.8411903152161923
2000-06-11,,,,,,,,,,,,,,,,,0.47934680353699777,0.8411903152161923,0.06738034325728574
2000-06-12,,,,,,,,,,,,,,,,,-1.2789782619916692,0.06738034325728574,0.16182387330890252
2000-06-13,,,,,,,,,,,,,,,,,0.16501015592915405,0.16182387330890252,0.09660971236069124
2000-06-14,,,,,,,,,,,,,,,,,-0.1711585745931889,0.09660971236069124,1.22026374943705
2000-06-15,,,,,,,,,,,,,,,,,2.3871889018199624,1.22026374943705,0.6682385479763436
2000-06-16,,,,,,,,,,,,,,,,,-1.9102253769576647,0.6682385479763436,0.2582223969723759
2000-06-17,,,,,,,,,,,,,,,,,-0.7990809941815425,0.2582223969723759,0.7084609241941928
2000-06-18,,,,,,,,,,,,,,,,,0.6427086070251714,0.7084609241941928,0.4936932092914653
2000-06-19,,,,,,,,,,,,,,,,,0.08957978996234894,0.4936932092914653,1.7580705611650613
2000-06-20,,,,,,,,,,,,,,,,,1.1424449383555593,1.7580705611650613,0.37475456969629795
2000-06-21,,,,,,,,,,,,,,,,,-2.1981683068367373,0.37475456969629795,0.010840853612658385
2000-06-22,,,,,,,,,,,,,,,,,-0.6369593181876018,0.010840853612658385,-0.016318764047195868
2000-06-23,,,,,,,,,,,,,,,,,-0.028129761431775816,-0.016318764047195868,0.43745830268476715
2000-06-24,,,,,,,,,,,,,,,,,0.8546896108837488,0.43745830268476715,1.2125350751942414
2000-06-25,,,,,,,,,,,,,,,,,1.2122050093553431,1.2125350751942414,3.076771093261453
2000-06-26,,,,,,,,,,,,,,,,,3.2100726542130533,3.076771093261453,1.7385954128106516
2000-06-27,,,,,,,,,,,,,,,,,-3.3003586805919674,1.7385954128106516,0.9408703340992438
2000-06-28,,,,,,,,,,,,,,,,,-2.2363048700786563,0.9408703340992438,1.3948682391345542
2000-06-29,,,,,,,,,,,,,,,,,1.1306586808898513,1.3948682391345542,1.2335658745345917
2000-06-30,,,,,,,,,,,,,,,,,-0.015604092661817014,1.2335658745345917,0.545374136570229
2000-07-01,,,,,,,,,,,,,,,,,-1.390987585767252,0.545374136570229,0.31430314970430806
2000-07-02,,,,,,,,,,,,,,,,,-0.5321374903104882,0.31430314970430806,0.4990177736673223
2000-07-03,,,,,,,,,,,,,,,,,0.40745077463162893,0.4990177736673223,0.6522254662035576
2000-07-04,,,,,,,,,,,,,,,,,0.045141976389188494,0.6522254662035576,0.5553763174805084
2000-07-05,,,,,,,,,,,,,,,,,0.012158013415859694,0.5553763174805084,0.4293776089143391
2000-07-06,,,,,,,,,,,,,,,,,0.1400153499342464,0.4293776089143391,-0.0723099886674371
2000-07-07,,,,,,,,,,,,,,,,,-0.7865169060556536,-0.0723099886674371,0.6165255477753807
2000-07-08,,,,,,,,,,,,,,,,,1.4806897298912949,0.6165255477753807,0.41448763078293954
2000-07-09,,,,,,,,,,,,,,,,,-0.6726653805266388,0.41448763078293954,0.061065675939009544
2000-07-10,,,,,,,,,,,,,,,,,-0.9519686533071949,0.061065675939009544,-0.14295748080806156
2000-07-11,,,,,,,,,,,,,,,,,-0.6620769301894467,-0.14295748080806156,-0.2909785024236647
2000-07-12,,,,,,,,,,,,,,,,,-0.5576204221993905,-0.2909785024236647,-0.22876703256870642
2000-07-13,,,,,,,,,,,,,,,,,0.3294590741333911,-0.22876703256870642,-0.2630361272884504
2000-07-14,,,,,,,,,,,,,,,,,-0.27114200934026145,-0.2630361272884504,0.6038649197203695
2000-07-15,,,,,,,,,,,,,,,,,2.5606237836883357,0.6038649197203695,0.1876693960885008
2000-07-16,,,,,,,,,,,,,,,,,-0.5711012770568623,0.1876693960885008,-0.043535217480763326
2000-07-17,,,,,,,,,,,,,,,,,-0.3075251685884818,-0.043535217480763326,0.06056022220296078
2000-07-18,,,,,,,,,,,,,,,,,0.3537127347505216,0.06056022220296078,0.7836019391093937
2000-07-19,,,,,,,,,,,,,,,,,0.7384276013917626,0.7836019391093937,0.26986895835931296
2000-07-20,,,,,,,,,,,,,,,,,-0.8990791516517925,0.26986895835931296,0.47948164671528604
2000-07-21,,,,,,,,,,,,,,,,,0.5165521769383432,0.47948164671528604,0.9855218074381134
2000-07-22,,,,,,,,,,,,,,,,,1.360890150203966,0.9855218074381134,0.7827224043530573
2000-07-23,,,,,,,,,,,,,,,,,-0.7853662199476406,0.7827224043530573,0.06747056947153389
2000-07-24,,,,,,,,,,,,,,,,,-1.2052551953798656,0.06747056947153389,-0.00788717173376586
2000-07-25,,,,,,,,,,,,,,,,,-0.20308577749363538,-0.00788717173376586,0.633887483000619
2000-07-26,,,,,,,,,,,,,,,,,1.3821762908984354,0.633887483000619,1.112928352000348
2000-07-27,,,,,,,,,,,,,,,,,1.245823917368785,1.112928352000348,0.6665718100883746
2000-07-28,,,,,,,,,,,,,,,,,-0.13779181207848287,0.6665718100883746,1.6784301379038402
2000-07-29,,,,,,,,,,,,,,,,,3.240830078755085,1.6784301379038402,0.9843163259563902
2000-07-30,,,,,,,,,,,,,,,,,-2.274415211688051,0.9843163259563902,1.6649242082082338
2000-07-31,,,,,,,,,,,,,,,,,1.5174896265153068,1.6649242082082338,0.9212230793813081
2000-08-01,,,,,,,,,,,,,,,,,-1.3090538952159962,0.9212230793813081,0.7104707688830092
2000-08-02,,,,,,,,,,,,,,,,,-0.7256667057956462,0.7104707688830092,0.9233513438976788
2000-08-03,,,,,,,,,,,,,,,,,0.6280413150124878,0.9233513438976788,0.5514392464240787
2000-08-04,,,,,,,,,,,,,,,,,-1.5316049157912413,0.5514392464240787,0.9171338183259113
2000-08-05,,,,,,,,,,,,,,,,,1.2042231044151075,0.9171338183259113,0.7470803872731967
2000-08-06,,,,,,,,,,,,,,,,,-0.8358499208388893,0.7470803872731967,1.6951842464456195
2000-08-07,,,,,,,,,,,,,,,,,1.8275140834133183,1.6951842464456195,0.5476469679584388
2000-08-08,,,,,,,,,,,,,,,,,-1.8680824480273686,0.5476469679584388,0.37265391831295297
2000-08-09,,,,,,,,,,,,,,,,,-0.07934886197445244,0.37265391831295297,0.6436304167344488
2000-08-10,,,,,,,,,,,,,,,,,0.29172190926308733,0.6436304167344488,0.0953494337409492
2000-08-11,,,,,,,,,,,,,,,,,-1.098719490443197,0.0953494337409492,-0.10692700134501752
2000-08-12,,,,,,,,,,,,,,,,,-0.3858641960552303,-0.10692700134501752,-0.2667398868518798
2000-08-13,,,,,,,,,,,,,,,,,-0.361295923767941,-0.2667398868518798,-0.3234753826207918
2000-08-14,,,,,,,,,,,,,,,,,-0.21554082512826767,-0.3234753826207918,-0.2986645228002215
2000-08-15,,,,,,,,,,,,,,,,,0.14909821612566973,-0.2986645228002215,-0.1299913993263761
2000-08-16,,,,,,,,,,,,,,,,,0.4358799506519187,-0.1299913993263761,-0.4590815525411752
2000-08-17,,,,,,,,,,,,,,,,,-0.8266708800563076,-0.4590815525411752,0.016547160909195925
2000-08-18,,,,,,,,,,,,,,,,,1.2355249951618403,0.016547160909195925,0.022898459970947183
2000-08-19,,,,,,,,,,,,,,,,,0.020637855743967534,0.022898459970947183,-0.03905377891208228
2000-08-20,,,,,,,,,,,,,,,,,-0.11721375914198648,-0.03905377891208228,-0.5832867755769889
2000-08-21,,,,,,,,,,,,,,,,,-0.9254655661075165,-0.5832867755769889,-0.8014660573010861
2000-08-22,,,,,,,,,,,,,,,,,-0.02900675543134954,-0.8014660573010861,-0.9019964644403531
2000-08-23,,,,,,,,,,,,,,,,,-0.37078824231696494,-0.9019964644403531,-0.8190041851093789
2000-08-24,,,,,,,,,,,,,,,,,-0.1041692606142585,-0.8190041851093789,-0.5932864084529553
2000-08-25,,,,,,,,,,,,,,,,,0.33328132144677136,-0.5932864084529553,-0.7144445452859836
2000-08-26,,,,,,,,,,,,,,,,,-0.027711852176632544,-0.7144445452859836,0.041924934872227156
2000-08-27,,,,,,,,,,,,,,,,,0.9542390156782103,0.041924934872227156,-0.6200999586001158
2000-08-28,,,,,,,,,,,,,,,,,-1.7618401911107733,-0.6200999586001158,-0.9136738027375478
2000-08-29,,,,,,,,,,,,,,,,,-0.358338440860358,-0.9136738027375478,0.3764532413115177
2000-08-30,,,,,,,,,,,,,,,,,1.8190602052729186,0.3764532413115177,-0.29441081169135613
2000-08-31,,,,,,,,,,,,,,,,,-0.560894339527216,-0.29441081169135613,-0.5320324010297514
2000-09-01,,,,,,,,,,,,,,,,,-0.3631338885971784,-0.5320324010297514,-0.02816102445063414
2000-09-02,,,,,,,,,,,,,,,,,1.1249889895167082,-0.02816102445063414,0.4305066670370505
2000-09-03,,,,,,,,,,,,,,,,,1.3439987266321285,0.4305066670370505,-0.05877409435506032
2000-09-04,,,,,,,,,,,,,,,,,-0.8396405690600615,-0.05877409435506032,0.777478031130462
2000-09-05,,,,,,,,,,,,,,,,,1.7005668967414949,0.777478031130462,1.4228112100945585
2000-09-06,,,,,,,,,,,,,,,,,1.4642728330829575,1.4228112100945585,0.9390068770323292
2000-09-07,,,,,,,,,,,,,,,,,-1.7594446831952182,0.9390068770323292,1.3949503222793531
2000-09-08,,,,,,,,,,,,,,,,,0.7554558484546335,1.3949503222793531,0.938966801068745
2000-09-09,,,,,,,,,,,,,,,,,-1.618142963128708,0.938966801068745,0.9743033692378691
2000-09-10,,,,,,,,,,,,,,,,,0.48034590836580726,0.9743033692378691,1.3232677227963647
2000-09-11,,,,,,,,,,,,,,,,,0.3734968502346376,1.3232677227963647,0.9956526830111732
2000-09-12,,,,,,,,,,,,,,,,,-0.47095743108022875,0.9956526830111732,0.40244992568517574
2000-09-13,,,,,,,,,,,,,,,,,-0.528159238868036,0.40244992568517574,-0.07732448934675565
2000-09-14,,,,,,,,,,,,,,,,,-0.5347299347407519,-0.07732448934675565,-0.14137768404023826
2000-09-15,,,,,,,,,,,,,,,,,0.0008566111754652007,-0.14137768404023826,-0.0857128292064944
2000-09-16,,,,,,,,,,,,,,,,,0.1082779772667498,-0.0857128292064944,0.1859097409701008
2000-09-17,,,,,,,,,,,,,,,,,0.42750304121853905,0.1859097409701008,0.23415773147456884
2000-09-18,,,,,,,,,,,,,,,,,0.09031581514334469,0.23415773147456884,0.04794214962963121
2000-09-19,,,,,,,,,,,,,,,,,-0.3522894500954198,0.04794214962963121,0.6022318846303687
2000-09-20,,,,,,,,,,,,,,,,,0.46593028507682893,0.6022318846303687,2.0504851894453937
2000-09-21,,,,,,,,,,,,,,,,,2.5599448712066444,2.0504851894453937,0.9613088486025338
2000-09-22,,,,,,,,,,,,,,,,,-1.5899478873840913,0.9613088486025338,1.2334275319459285
2000-09-23,,,,,,,,,,,,,,,,,0.1359082008796056,1.2334275319459285,2.4628240727555166
2000-09-24,,,,,,,,,,,,,,,,,2.882513396416523,2.4628240727555166,2.3963162678771734
2000-09-25,,,,,,,,,,,,,,,,,1.3631552826916522,2.3963162678771734,1.1003330001586888
2000-09-26,,,,,,,,,,,,,,,,,-2.5820895642366195,1.1003330001586888,0.6583044118000916
2000-09-27,,,,,,,,,,,,,,,,,-1.2276932407905639,0.6583044118000916,0.12294843654299834
2000-09-28,,,,,,,,,,,,,,,,,-0.8099500007233552,0.12294843654299834,0.014012872668925817
2000-09-29,,,,,,,,,,,,,,,,,-0.2816786371422783,0.014012872668925817,0.5027391938708244
2000-09-30,,,,,,,,,,,,,,,,,0.860557816240958,0.5027391938708244,2.720716764191822
2000-10-01,,,,,,,,,,,,,,,,,3.2226853555057398,2.720716764191822,1.5426474591754746
2000-10-02,,,,,,,,,,,,,,,,,-2.8766508429024156,1.5426474591754746,1.0519165200861276
2000-10-03,,,,,,,,,,,,,,,,,-0.8969386074269662,1.0519165200861276,2.294611778576906
2000-10-04,,,,,,,,,,,,,,,,,1.1173930000940817,2.294611778576906,0.9862725518247851
2000-10-05,,,,,,,,,,,,,,,,,-0.8332778126981187,0.9862725518247851,0.22272785629410066
2000-10-06,,,,,,,,,,,,,,,,,-0.9698283658425719,0.22272785629410066,0.19892862900356495
2000-10-07,,,,,,,,,,,,,,,,,-0.09253136853083568,0.19892862900356495,-0.2847701493031152
2000-10-08,,,,,,,,,,,,,,,,,-2.019309669496051,-0.2847701493031152,0.46333613682638064
2000-10-09,,,,,,,,,,,,,,,,,1.3187226405053865,0.46333613682638064,0.6464611269043562
2000-10-10,,,,,,,,,,,,,,,,,0.6546355736110777,0.6464611269043562,0.11418599448781713
2000-10-11,,,,,,,,,,,,,,,,,-0.6909883038002755,0.11418599448781713,-0.5205114387204959
2000-10-12,,,,,,,,,,,,,,,,,-0.9032574378263839,-0.5205114387204959,-0.5920125152590893
2000-10-13,,,,,,,,,,,,,,,,,-0.297253713680642,-0.5920125152590893,-0.6125898667662618
2000-10-14,,,,,,,,,,,,,,,,,-0.03825429425706518,-0.6125898667662618,-0.8937880383322091
2000-10-15,,,,,,,,,,,,,,,,,-0.40006930408843483,-0.8937880383322091,-0.8373730331929313
2000-10-16,,,,,,,,,,,,,,,,,-0.1452289430659088,-0.8373730331929313,-0.6474843965361043
2000-10-17,,,,,,,,,,,,,,,,,0.3475892867045278,-0.6474843965361043,-0.33884936489227585
2000-10-18,,,,,,,,,,,,,,,,,0.6986586303638843,-0.33884936489227585,-0.7177909438557666
2000-10-19,,,,,,,,,,,,,,,,,-0.3361928079823532,-0.7177909438557666,-0.9211254521261575
2000-10-20,,,,,,,,,,,,,,,,,-0.1269511520519851,-0.9211254521261575,-0.9689114872642922
2000-10-21,,,,,,,,,,,,,,,,,-0.13004697659375808,-0.9689114872642922,-0.7767736043272311
2000-10-22,,,,,,,,,,,,,,,,,0.07434993014805727,-0.7767736043272311,-0.4707065509153621
2000-10-23,,,,,,,,,,,,,,,,,0.680298683181795,-0.4707065509153621,-0.2958172761321722
2000-10-24,,,,,,,,,,,,,,,,,0.3996991057918609,-0.2958172761321722,0.30924932909970143
2000-10-25,,,,,,,,,,,,,,,,,0.6882782856474752,0.30924932909970143,0.17209235087465596
2000-10-26,,,,,,,,,,,,,,,,,-0.23462125396795033,0.17209235087465596,1.5871995866196693
2000-10-27,,,,,,,,,,,,,,,,,1.1329984637226198,1.5871995866196693,1.5650824127353646
2000-10-28,,,,,,,,,,,,,,,,,-0.1320765004554474,1.5650824127353646,1.0697374286486905
2000-10-29,,,,,,,,,,,,,,,,,-0.4391444739912404,1.0697374286486905,0.4567540948859781
2000-10-30,,,,,,,,,,,,,,,,,-0.30213543085078914,0.4567540948859781,1.3781043263066033
2000-10-31,,,,,,,,,,,,,,,,,1.0003910344371234,1.3781043263066033,1.035850751084508
2000-11-01,,,,,,,,,,,,,,,,,-0.7913410906818055,1.035850751084508,0.7409242518854539
2000-11-02,,,,,,,,,,,,,,,,,-0.455618813905004,0.7409242518854539,0.5609548600032428
2000-11-03,,,,,,,,,,,,,,,,,-0.013362602805408812,0.5609548600032428,1.8226220457495963
2000-11-04,,,,,,,,,,,,,,,,,1.6214329936455372,1.8226220457495963,0.0700227793004436
2000-11-05,,,,,,,,,,,,,,,,,-2.0023660988383245,0.0700227793004436,0.20645058195351745
2000-11-06,,,,,,,,,,,,,,,,,0.12352093157905761,0.20645058195351745,-0.28028538946665393
2000-11-07,,,,,,,,,,,,,,,,,-0.525842995463464,-0.28028538946665393,-0.5599078940032571
2000-11-08,,,,,,,,,,,,,,,,,-0.655374234945446,-0.5599078940032571,-0.6578931902865867
2000-11-09,,,,,,,,,,,,,,,,,-0.00802178508221115,-0.6578931902865867,-0.5843874978409728
2000-11-10,,,,,,,,,,,,,,,,,-0.15712457496033416,-0.5843874978409728,0.20500689650447237
2000-11-11,,,,,,,,,,,,,,,,,1.128797178573401,0.20500689650447237,-0.10269246551358636
2000-11-12,,,,,,,,,,,,,,,,,-0.5189284400887106,-0.10269246551358636,0.14059112381358255
2000-11-13,,,,,,,,,,,,,,,,,0.5215352876984691,0.14059112381358255,-0.44122226448153873
2000-11-14,,,,,,,,,,,,,,,,,-1.2400107503983806,-0.44122226448153873,-0.802302374253972
2000-11-15,,,,,,,,,,,,,,,,,-0.26382674389030014,-0.802302374253972,-0.6840724797297254
2000-11-16,,,,,,,,,,,,,,,,,-0.3675185304522774,-0.6840724797297254,-0.8142508998441287
2000-11-17,,,,,,,,,,,,,,,,,0.09172844467174351,-0.8142508998441287,-0.7835146595269729
2000-11-18,,,,,,,,,,,,,,,,,0.5938784253946077,-0.7835146595269729,-0.6398414206421119
2000-11-19,,,,,,,,,,,,,,,,,0.3062230787269419,-0.6398414206421119,-0.2575990452033128
2000-11-20,,,,,,,,,,,,,,,,,0.46925919835236063,-0.2575990452033128,-0.47266550511995087
2000-11-21,,,,,,,,,,,,,,,,,-0.45745499316040783,-0.47266550511995087,-0.7188209208775455
2000-11-22,,,,,,,,,,,,,,,,,-0.02846889002444568,-0.7188209208775455,-1.037764032485562
2000-11-23,,,,,,,,,,,,,,,,,-0.32358947795746246,-1.037764032485562,-0.9686002308233447
2000-11-24,,,,,,,,,,,,,,,,,-0.03835946470038544,-0.9686002308233447,-0.9797334829606178
2000-11-25,,,,,,,,,,,,,,,,,-0.10435974975734702,-0.9797334829606178,-0.9124559778069135
2000-11-26,,,,,,,,,,,,,,,,,-0.15581396128168182,-0.9124559778069135,-0.6768873796106667
2000-11-27,,,,,,,,,,,,,,,,,0.3347681702656427,-0.6768873796106667,-0.8565955719649722
2000-11-28,,,,,,,,,,,,,,,,,-0.16645059638911275,-0.8565955719649722,-0.42322002322492636
2000-11-29,,,,,,,,,,,,,,,,,0.9581583129082439,-0.42322002322492636,-0.20152628198903563
2000-11-30,,,,,,,,,,,,,,,,,0.2387346786800764,-0.20152628198903563,-0.42744141987094203
2000-12-01,,,,,,,,,,,,,,,,,-0.7386595412154983,-0.42744141987094203,-0.6319076638389539
2000-12-02,,,,,,,,,,,,,,,,,-0.31756256108705266,-0.6319076638389539,-0.523297573107326
2000-12-03,,,,,,,,,,,,,,,,,0.10288018748875773,-0.523297573107326,-0.2786877390770179
2000-12-04,,,,,,,,,,,,,,,,,0.23089028610429121,-0.2786877390770179,-0.5143260889986303
2000-12-05,,,,,,,,,,,,,,,,,-0.3697464044023579,-0.5143260889986303,-0.5403465391626873
2000-12-06,,,,,,,,,,,,,,,,,0.2390316586759868,-0.5403465391626873,-0.7718844450111295
2000-12-07,,,,,,,,,,,,,,,,,-0.1969895132991662,-0.7718844450111295,-0.6686619370112138
2000-12-08,,,,,,,,,,,,,,,,,0.34498384272810834,-0.6686619370112138,-0.6630834684925435
2000-12-09,,,,,,,,,,,,,,,,,-0.027956493285902242,-0.6630834684925435,-0.8247289510678101
2000-12-10,,,,,,,,,,,,,,,,,-0.2834457321048918,-0.8247289510678101,-1.0994393227161805
2000-12-11,,,,,,,,,,,,,,,,,-0.6217318404908484,-1.0994393227161805,-0.4929234634594901
2000-12-12,,,,,,,,,,,,,,,,,1.0540636575495204,-0.4929234634594901,-0.44072946379233807
2000-12-13,,,,,,,,,,,,,,,,,0.21566724652570943,-0.44072946379233807,-0.6475578683317819
2000-12-14,,,,,,,,,,,,,,,,,-0.8841610409864843,-0.6475578683317819,-0.7078453597263958
2000-12-15,,,,,,,,,,,,,,,,,0.14514276907482682,-0.7078453597263958,-0.85481055643691
2000-12-16,,,,,,,,,,,,,,,,,-0.6721913556863636,-0.85481055643691,-0.6292431770873386
2000-12-17,,,,,,,,,,,,,,,,,0.6037103476596285,-0.6292431770873386,-0.7442578156948585
2000-12-18,,,,,,,,,,,,,,,,,-0.2467776716390273,-0.7442578156948585,-0.8710211454543048
2000-12-19,,,,,,,,,,,,,,,,,-0.22249131098372488,-0.8710211454543048,-1.0874404165492046
2000-12-20,,,,,,,,,,,,,,,,,-0.43077801303327706,-1.0874404165492046,-0.3815482181457251
2000-12-21,,,,,,,,,,,,,,,,,1.3907819235387218,-0.3815482181457251,-0.5449661958832093
2000-12-22,,,,,,,,,,,,,,,,,-0.5254412580770162,-0.5449661958832093,-0.6137823452318858
2000-12-23,,,,,,,,,,,,,,,,,0.17213318661333027,-0.6137823452318858,-1.048131970462103
2000-12-24,,,,,,,,,,,,,,,,,-0.7440846886032045,-1.048131970462103,-0.9010139335416468
2000-12-25,,,,,,,,,,,,,,,,,-0.0003767472571622945,-0.9010139335416468,-0.769668147384793
2000-12-26,,,,,,,,,,,,,,,,,0.21332682595297897,-0.769668147384793,-0.2553622881098316
2000-12-27,,,,,,,,,,,,,,,,,0.8765986343379851,-0.2553622881098316,0.5433114224498329
2000-12-28,,,,,,,,,,,,,,,,,1.2269962146202373,0.5433114224498329,0.8128799974583549
2000-12-29,,,,,,,,,,,,,,,,,0.18406689857949815,0.8128799974583549,1.6464991891471898
2000-12-30,,,,,,,,,,,,,,,,,2.130265038925327,1.6464991891471898,1.995210685050866
2000-12-31,,,,,,,,,,,,,,,,,0.27548063748212653,1.995210685050866,2.0504279085076855
2001-01-01,,,,,,,,,,0.010987537364716166,,,,,,,1.267973612483155,2.4867775645375745,0.5783661271036703
2001-01-02,,,,,,,,,-0.3204874418548968,0.45123924048673336,,0.19834657599074113,,,1.0687063492427853,,-2.2811697157506394,0.5783661271036703,0.2040028682139034
2001-01-03,,,,,,,,,-0.2914094021318238,-0.08318950157900899,0.23013035184834882,0.740171373148455,,,-0.23370367871861708,,-1.4064919889672616,0.2040028682139034,-0.03593052701035594
2001-01-04,,,,,,,,,0.5418220227895786,0.13390956356821107,0.640286384224884,0.1758744892638027,-0.03635962147675059,0.5208348391065826,-0.8176106123679658,,-0.7894787358507755,-0.03593052701035594,-0.30227438197516127
2001-01-05,,,,,,,,,1.3033643567124256,-0.11637138422123117,0.11626268905060771,-0.09851955248071484,0.5652904291112031,-0.04340783305519691,-0.7169147998187105,,-0.8712220665131627,-0.30227438197516127,-0.4901259747741969
2001-01-06,,,,,,,,,1.894541054444559,-0.010738927264864034,-0.3251129713443455,-0.2556707724577344,1.2843355368720524,0.6751954905654008,-0.5678042531602344,,-0.5494224389780757,-0.4901259747741969,-0.10245734678243518
2001-01-07,,,,,,,,,1.7703728064120656,1.0419975147091272,-0.6448831415179938,-0.7226918657476658,1.4015857555123694,1.500342510710917,-0.5025971945958893,,1.133337674751088,-0.10245734678243518,-0.3849205329719052
2001-01-08,,,,,,,,,0.830963258940679,1.6463174772457425,-0.8011502396673886,-0.806969117365679,1.178250342243407,0.8582626886904565,-0.7039470462217945,,-0.7333061195273325,-0.3849205329719052,-0.5611552763511445
2001-01-09,,,,,,,,,0.006167735892556451,1.0913975200918975,-0.7937294186797212,-0.0544629337932429,0.32254005811562364,-0.10178715454622167,-0.668872256718091,,-0.623560671059393,-0.5611552763511445,-0.559648804812861
2001-01-10,,,,,,,,,0.19246073840096764,0.14537519501560353,-0.3046929719882971,-0.006566932604012599,0.42201088658464697,-0.479397429348502,-0.7292201311691221,,-0.19293497815550995,-0.559648804812861,-0.5192304775995586
2001-01-11,,,,,,,,,0.6755956331707895,0.14311903282565192,0.5364063749383379,0.7434637325494625,-0.6577456381895284,-0.8170678741191547,-0.42329930130107873,,0.17322320332777214,-0.5192304775995586,-0.4768277712620632
2001-01-12,,,,,,,,,0.6083777526793588,-0.20631869918656662,0.6756246378680197,0.2179898450508381,0.2854054525167392,-0.6471043523419633,0.18004972245600115,,0.24810220097325922,-0.4768277712620632,-0.3531071741675033
2001-01-13,,,,,,,,,0.8430940288736447,-0.48961224077944526,0.07119668268543738,-0.12344840851098036,0.4274114593383502,-0.5542408030091288,-0.40073894314510244,,0.4819893188533595,-0.3531071741675033,-0.3564718055124449
2001-01-14,,,,,,,,,1.3202611829741846,-0.7372221756712647,-0.6524409886357887,-0.7074860602467928,0.019935917066640236,0.7083683128331674,-0.6066129720503877,-0.7052908278310778,-0.1448778803064938,-0.3564718055124449,-0.6172534715446976
2001-01-15,,,,,,,,,1.820618606828601,-0.4819499344140905,-1.0299051702908972,-0.8562890215248791,0.6152466405054832,0.6482416176063567,-0.5762502390363202,-0.8425272213238174,-0.16572718658416694,-0.6172534715446976,-0.678186238322868
2001-01-16,,,,,,,,,1.5152032757416416,0.2516038352029406,-0.8892887616187048,-1.3017196031773557,1.391373964658919,0.04032148921951782,-0.2873946075211058,-0.8398837304932655,-0.26680033398833614,-0.678186238322868,-0.7290143133390358
2001-01-17,,,,,,,,,0.8710577756649068,0.19448409453248974,-0.5053502759964841,-0.5551426286367964,0.0051329236522183845,1.482977787488259,-0.5455004566313207,-0.8096372315162771,-0.3308195185875744,-0.7290143133390358,-0.32506929453747957
2001-01-18,,,,,,,,,0.2129774318660375,0.6028376918198187,-0.9069806167206761,-0.7117558242441036,-0.6742698740932784,1.5039487182614886,0.9785936786891263,-0.6394495420936419,0.3804945851377321,-0.32506929453747957,0.344900185779157
2001-01-19,,,,,,,,,-0.32646985501660897,1.256862883606226,-0.3749786159423084,0.4759377045708395,-0.021601511091313585,0.7994460484010671,0.06843318682257037,-0.5933169761008863,2.037600302292375,0.344900185779157,-0.26882478325756737
2001-01-20,,,,,,,,,-0.6861752957897822,1.6915892072430445,0.118580306978837,1.1054770826817022,-0.31229337129709156,0.3075158728217553,-0.11299863156429875,-0.591325568802322,-0.7574046760763457,-0.26882478325756737,0.5247574903210922
2001-01-21,,,,,,,,,-0.3960308632109763,1.0952582539562705,1.4865447588075815,1.1134102970228343,-0.5694010648860859,1.1460839876865807,1.6732144093477204,-0.23636857183145477,1.2670873468379487,0.5247574903210922,0.032575382779223415
2001-01-22,,,,,,,,,-0.0925201855967345,0.8845359899809324,1.9738401164902262,0.683343166663025,0.1574323937950218,1.391115396152228,-0.33217663543006487,-0.15597617460413518,-1.6272602527188946,0.032575382779223415,-0.04655266862478714
2001-01-23,,,,,,,,,0.03166065838599266,0.3029744970438564,1.0114827460141778,0.577491406299341,0.37652029879043813,-0.4150829448371465,0.3320483884499471,0.030869232710872215,-0.11345305335519124,-0.04655266862478714,0.3544565187694284
2001-01-24,,,,,,,,,0.46150060498050366,0.3704409932687965,0.985807622870501,0.781362777517366,0.37232755309289767,-0.24876441948173206,0.9194417087610969,0.20677398557974255,0.7987508058235857,0.3544565187694284,0.23808805658103882
2001-01-25,,,,,,,,,0.3342707604690965,-0.30477975804457424,1.322207978774509,0.49388992444333385,-0.3133470229072242,-0.49496633485385994,-0.22206139475729114,0.1584924525097902,-0.7930266713338482,0.23808805658103882,0.15658153625524507
2001-01-26,,,,,,,,,0.3110015785120884,-1.4963870071830812,-0.12935714884169933,-1.2347102026826995,-0.24537856840290162,0.41807948867039185,-0.2545158112427502,0.16935725031597335,-0.39076023777583935,0.15658153625524507,0.22865929988465766
2001-01-27,,,,,,,,,0.43875619586383563,-0.6838396446650228,-1.0459902170758455,-1.3802156085946793,0.14914713980185756,0.15416585122124635,-0.9959491467898577,0.10419754108253801,0.07419013973996044,0.22865929988465766,-0.3448209417275243
2001-01-28,,,,,,,,,-0.18368300430991244,-0.7355215058409338,-0.845663640584862,-1.029914345372369,0.30601507108567577,0.7781660912253472,-1.1311583285140698,0.0313462248114006,-0.7642012267097471,-0.3448209417275243,-0.45781123321523126
2001-01-29,,,,,,,,,-0.6281321327156458,-0.1762429747761086,-0.12261105928047433,-0.4569030412913177,0.9391355332477448,0.1693250939691815,-0.9610972009971684,-0.07131329880044342,-0.06610670656203535,-0.45781123321523126,-0.5971839427286217
2001-01-30,,,,,,,,,-0.9808528258684608,0.19728600758557693,-0.6122019249138945,-0.11982978843682031,-0.0777427960896692,-0.002409679431484097,-0.8884003541941751,-0.10849368621652418,-0.3387380333628637,-0.5971839427286217,-0.705634355633247
2001-01-31,,,,,,,,,-1.1816571132185227,0.5294022113893486,-0.7412745925673481,0.13558889250614317,0.41498917249788925,-1.2821626204319787,-1.2479089673640604,-0.5475102917529544,0.027856061232487756,-0.705634355633247,-0.6420958327733568
2001-02-01,,,,,,,,,-1.3643248352484634,0.33864170477682554,-0.6048462309544459,-0.8107211718996179,-0.288450448991908,-1.8818358364391332,-0.9293111276243875,-0.7286186906205496,-0.1706095050027739,-0.6420958327733568,-0.4831054526354209
2001-02-02,0.8545515388252102,,,-1.822053744891161,-0.006943973350452656,,,1.9871933248013303,-1.1351800036172284,0.0617092707440966,-0.7582327234555993,-0.4018345619533121,0.17788512686942817,-0.7590351263955273,-0.8201450765802533,-0.7797686901317812,0.5253124202464401,-0.4831054526354209,-0.7916532572435124
2001-02-03,-0.26636249874067325,,0.6429199238412083,-1.8041229419734661,-0.033951020257226946,0.7151361502501674,-1.101270590779281,-1.8168775058292543,-0.7307730913947218,0.09446098064114046,0.16137566933417494,-0.348367706951662,0.5553600644105684,-0.08935581479393373,-0.627794770077346,-1.090154891747247,-0.8226520424588004,-0.7916532572435124,-0.9064417026629731
2001-02-04,-0.872601605508812,-0.5337527704240813,-0.5479036691998624,-1.748300174276884,-0.0952527861764986,-1.070901477869406,0.16293903100733456,1.2407689117587761,-0.7429583526341688,0.24720531735767282,0.6534529860332928,0.25997465785130885,0.6097359956505265,-0.10627084139176327,-0.3684260244504518,-1.0111243556543483,0.05946972781129019,-0.9064417026629731,-0.8421363067270589
2001-02-05,1.159034503889967,-0.06744948344206274,-1.0577220326966144,-1.6397458129624758,-0.15912477418493312,-0.8476312135373167,0.5714337324362212,-0.6487996443635373,-0.7775793687688684,0.2729940050514472,0.06753592375869877,0.3340826494673268,0.6229783173163413,-0.7633920695965365,-0.6113873456012076,-1.0229629130930264,0.35953966137669185,-0.8421363067270589,-0.7413921501754759
2001-02-06,-0.7233861214373573,0.2688336528236156,-0.7316341893837602,-1.5356972337676202,-0.23308994390815893,1.2100640599869115,-0.7165977358487383,0.2800022797796615,-0.7090588791704755,-0.092876496930724,-0.20602029527809398,0.061367600486734494,0.8927819202788732,0.097177878950244,-0.4692419880291925,-1.1031788649356897,-0.10642461769029814,-0.7413921501754759,-0.7337076154489784
2001-02-07,0.25121740852913255,0.43379651637580846,-0.2363316167158332,-1.357369648225134,-0.2987940426467154,1.4867944218912112,0.20352945444947435,-0.08611743738285205,-0.6155864768166242,-0.5271512526670009,-0.23123502887039143,-0.5377305038578083,0.8497734390826657,0.20967311347937484,-0.18814171686625034,-1.0752278352242401,-0.10040075115761363,-0.7337076154489784,-0.5370472698667205
2001-02-08,-0.07013622034958246,0.5110216385897692,0.3603870244260821,-1.1630412829885304,-0.41435801006890144,-0.3195917433953739,1.663555226106965,-0.0023009505864924128,-1.204312102829228,-0.6269046465032185,-0.621147005010236,-1.0774196114919279,0.7649751887803453,0.4649961903579783,-0.03230646606731192,-1.022651552126518,0.165455602532449,-0.5370472698667205,-0.5917712683156052
2001-02-09,0.47358029905429017,0.5835396822917294,0.4293196259647046,-0.9159292535997469,-0.5214307871892208,-1.595296578841667,-0.6611838404552904,0.020468134121771567,-1.6119159418781064,-0.47872181646183365,-0.7641057999737755,-0.6143422221106265,0.479526849345417,0.763537932200529,-0.007819456477592128,-0.9230425210003923,-0.01687305691103691,-0.5917712683156052,-0.9777504067402276
2001-02-10,-1.608879881396976,0.6039951799590471,1.0072629674801765,-0.6703689851711215,-0.5940722074754821,-0.4742269945348759,-0.7784137217278753,0.05461234429001653,-1.6909077306272624,0.1279892899371629,-0.5043574493801845,-0.6826950867607872,-0.03506513462113062,1.0741269076227968,-0.056068919838802356,-0.8560759640988057,-0.2339313864668533,-0.9777504067402276,-0.7087341113900538
2001-02-11,2.104983646223586,0.5846733937162826,0.17650650751670532,-0.41629196138286223,-0.6615092468463536,0.8643097837662486,0.052761680884599683,-0.24954097562277255,-1.4244999607973856,-0.4292027780744538,-0.4589486100005477,-0.6800091769044919,0.0625510378095349,0.27486304843619913,-1.0054482999045937,-0.9195472088062219,-0.2883987719058812,-0.7087341113900538,-0.50024911671539
2001-02-12,-0.8063920419687531,0.3191773399296393,-0.5335468675229295,-0.16258418691620233,-0.6997772912153652,0.7126947858499249,-0.07558931185789497,0.48602349225097113,-1.1290466099033367,-0.7765511875204575,-0.46681035726252884,-1.2132965100324022,0.9128208882161681,-0.6815672653649715,-0.8119194670882229,-0.9301054245299235,0.528171379056316,-0.50024911671539,-1.1615176503745273
2001-02-13,-0.6382502379414429,0.06979054955759165,0.06321750797281135,0.09037238735281738,-0.5762002112608213,0.21445279626790972,0.8991003052180481,-0.6003945278711476,-1.4718557678779671,-0.4279486847826061,-1.0759108317256934,-1.6236303474755631,0.06439365554224037,-0.9189909695141161,-1.0295351039261582,-0.9560237260338478,0.0071173520359907655,-1.1615176503745273,-0.7315545745582115
2001-02-14,0.1666268275569496,-0.05043149965047332,-0.27158279128429896,0.36729191009371975,-0.5460818443753228,-0.4467607210740173,0.44639422904447634,0.49939413348857964,-2.1867385022742436,-0.42011278591449486,-1.3170071417592382,-0.9156674147319345,0.3375326917286816,-0.5144567319570809,-1.370817426453345,-0.9841537944323596,-0.014791112547446252,-0.7315545745582115,-1.1046083773286592
2001-02-15,0.2785424095125319,-0.070956863541817,-0.11425518970625274,0.6574977795290156,-0.48719450948343956,-0.40087279670256654,-1.2106701738559404,0.006211789970239478,-2.4475953299358957,-0.13509977165508,-0.4814911549692886,-0.44782147211728585,-0.2462708036353997,-0.7840268590545855,-1.0376879934401453,-1.031347113491229,-0.32674132291117275,-1.1046083773286592,-1.0450019833243518
2001-02-16,0.08681316286928097,-0.1257153011684006,-0.0720884055196168,0.9579144897416605,-0.40859460073346454,-0.005290149560854611,-0.2488980832761452,-0.6430959300828336,-2.059329255513325,0.1674947128977621,-0.2742791033017285,-0.5133585521746434,-0.764187225985363,-0.9634013139588894,-1.154344768933836,-1.0900981838681234,0.30054264774389255,-1.0450019833243518,-1.1014466543021828
2001-02-17,-0.6613060757469365,-0.19856832462894852,-0.5984142831638286,1.000924542942377,-0.3777638642288589,0.13803987543008153,1.1443899792629142,1.1023442521608835,-1.4134947525130073,0.6683160903442541,0.0930048484548609,-0.5777494328393836,0.4138649885811205,-0.4842390490787039,-1.009601662422693,-1.115187789849558,0.21862679314925929,-1.1014466543021828,-0.8831680809113877
2001-02-18,-0.12434904290953619,-0.3193344041260127,0.4049472329646472,1.1974003013903975,-0.28121149648841914,0.1420204390797522,0.12628851562679405,-1.3141843770780657,-1.0074628232113834,0.13226474182685313,0.5413272870728197,0.15187640775846895,0.06639376970375194,0.19966820356843268,-0.6440400321223104,-1.0260701096353007,0.9765938047222694,-0.8831680809113877,-1.0735089596359093
2001-02-19,1.1923574039794234,-0.48276395096095626,0.17699830443612344,1.2348537072400259,-0.20390908626358722,0.22560771720531203,-0.0500520874433206,1.306237273512861,0.1289017497484341,0.17129465226987997,0.12171917720870849,-0.36224685074218266,0.5749913753290443,0.24545416826942093,-0.9333322615243674,-1.0565461154953346,-1.0653548947479152,-1.0735089596359093,-0.9119096578606654
2001-02-20,-0.7194355850615203,-0.6456000723052322,0.7553441166202401,1.3260676467165595,-0.11012900334451235,0.12252970677541833,0.43301250037581585,-1.0450904921066568,0.3460460436063224,0.2503371963376456,-0.32448151300145167,-0.9284006682788999,0.2693890181107858,-0.3250188562849047,-0.7468200837958167,-1.1101373747783665,-0.3166796798068847,-0.9119096578606654,-0.8872051325640857
2001-02-21,-0.5506841167049444,-0.7052982287261971,2.0389576134425234,1.559828319715482,-0.04389037928659569,-0.4238861198115549,-1.143888271066495,0.6453870868113775,0.40127239995569747,-0.3309271263025167,-0.7967482087943287,-1.093835072546703,0.1392693327195047,-0.5197043407884573,1.7405131367208928,-1.0361117823199666,0.5003985596571718,-0.8872051325640857,-0.2084179712872878
2001-02-22,0.9640616903762524,-0.5711205464358549,-0.09169660135795699,1.5618870138445247,-0.004213843591192845,-0.4923648143902938,-1.002994088880068,-0.219933807731618,1.123233310350486,-0.6097833722318659,-0.4911708790835785,-1.046999305282601,0.1847256424136191,0.36133860249071215,0.8308223062043516,-0.9856949406694404,2.186744308580726,-0.2084179712872878,-0.2870143783905317
2001-02-23,-1.1002011433949603,-0.3587324668186395,-1.4318573560125083,1.5294371140186307,0.07745888101528238,0.23585838533477108,2.2828140745546874,-0.03146469757201445,1.2370433120655047,-0.3030996714067514,-0.3513420037873084,-0.5119533666658703,0.874184054822227,-0.46982611910445055,0.6313654066530794,-0.952609516560723,-0.1658242370261802,-0.2870143783905317,-0.4139513155361898
2001-02-24,1.1078468359002094,-0.09036963165739183,-1.0194051024832889,1.4755677374188998,0.15972587240040248,0.7619621045716989,0.3049174026257805,0.02171242880087324,0.7055122206071577,-0.7470425409911714,-0.8724992661316838,-0.6677528337915082,0.8433550569224834,-1.0997035758178135,-0.4132625727549954,-0.9292900243355716,-0.34955443273535813,-0.4139513155361898,0.09566348851630253
2001-02-25,-0.55151096712195,0.2566280419010602,-1.7755732153341635,1.3859353848870508,0.23909201178751543,0.20670526655495552,-1.446549022218915,0.390620376759062,-0.4771593550234629,-0.16636876097226475,-0.8063908882549906,-0.3798930283077444,0.5478222732930361,-0.49605444782816915,-0.15310308200168155,-0.8294264976090194,1.1094147539606751,0.09566348851630253,-0.04849432259343411
2001-02-26,0.00016983693573170488,0.6431508428445027,-0.2356302859429665,1.272394577392894,0.320110399079681,-0.7696599671604685,0.22999226473321852,-1.0126152620038125,-1.0463360405521347,-0.42628005795062185,-0.8022837234855599,0.252575458720617,0.2974981794591785,-0.36060511057790195,-0.27732355562678307,-0.6051349962234995,-0.5684580430285614,-0.04849432259343411,0.7909162264622968
2001-02-27,-0.17700174765311877,0.9844386553790391,-0.3041992152057037,1.013946621047516,0.5146581352823655,-0.46420247346962434,0.5181171536548509,1.5122464894620933,-0.6864485437069765,-0.6023040395343006,-0.47741583884362776,-0.30298739860954305,0.32657473623466243,-0.8028106332571501,1.4087134263511483,-0.2905229621693235,2.0540226388706593,0.7909162264622968,0.46914289745003407
2001-02-28,0.6578149613153446,1.1720818940853128,-0.5918853448689666,1.0900576404005764,0.6572689850603219,0.023032342169137267,0.16000807202120698,-1.526157445921556,0.4695323776265337,-0.08907287406556406,-0.058393678075252635,-0.468060350277457,1.0280592360505105,-0.9233409886293396,0.07408524391886553,-0.14349143861011432,-0.26296732826063274,0.46914289745003407,0.11536492759845773
2001-03-01,-0.693933351426287,0.9952833318373534,0.7250575998643073,1.0239510913612337,0.6862896161680488,0.45889830809280613,-0.8504706448963975,1.4569528959442,0.6571574147136093,0.529824045905852,-0.761471793453101,-0.1698066021166156,0.971399316487242,-1.0886137333392498,-0.18321526712466674,-0.05683810652271045,-2.1292009105197365,0.0754207082222666,-0.38503256662580865
2001-03-02,0.7594345173003503,0.6991630400874957,1.258256476861647,0.9062903788985002,0.7088486541557387,0.33437193895577183,-0.2919114158538985,-0.7377751566004914,1.2394872719983705,0.7688810800990618,-0.47461381074161224,0.675191835653819,1.6550291772735968,-0.9314869776211985,0.1368585806530036,0.09336505882708776,-1.7126447447778383,-0.38503256662580865,-0.3853088736945709
2001-03-03,-1.0804754169845954,0.1993255482771026,2.0521909202605424,0.6938468828676525,0.6828325978530682,0.9444227415678921,1.6764394018992357,0.1705617515454101,0.707366003258001,1.2387583806596099,-0.6339490173873668,0.13638674108203372,1.4992389983764378,0.22352350291953993,-0.15009392531242105,0.15656854330762787,-0.05163754985133012,-0.3853088736945709,-0.2861453502462862
2001-03-04,1.0562957004289448,-0.36290630966328635,0.8525773434596762,0.3330962897186037,0.653618255700426,0.006626687567003577,0.48675494211442405,0.03428353926585722,-0.03909930690789218,1.2868270359735259,-0.6336163327220171,0.26524965552015967,1.9140074045528979,0.41332601363501054,-0.047040699910574586,0.24004906387527405,0.1839472567018948,-0.2861453502462862,0.029175239483708898
2001-03-05,-0.2881329599211927,-0.7663826083057463,-1.200361020085044,0.11279070277828365,0.6165747580816785,-1.9760416274922303,-0.9310139866801485,0.08313875970215226,-0.17686197470464315,1.227282918985341,0.7172321585607591,0.7036391194597648,0.929442688471321,-0.08790048534011989,0.6075220489033026,0.4043482051226212,0.5990111229159811,0.029175239483708898,0.41964460642167317
2001-03-06,0.3170327105435028,-1.0086119612625521,0.2534521434778654,0.6501048852226942,0.08217098756741811,-0.9864740185880628,-0.285275936248793,-0.5156865638285397,0.4458172416164509,-1.1214459700950727,0.6718108253570946,0.8606089681532629,-0.5764234143769944,0.4048013802080656,1.7700624509114118,0.44544983621244855,0.8243632508331346,0.41964460642167317,0.481172143456503
2001-03-07,-0.149930195535021,-1.1975608364268526,0.8063855148712484,0.8247635191924445,0.016727555363865308,1.1420114686895049,0.15335949740355648,0.9221577759342877,1.7869479235600465,-1.2661429541506932,0.2052646513986978,-0.07828354496662646,-0.32228645721639576,0.6649342617204854,0.4002088655406638,0.37916335645596044,0.469189778928314,0.481172143456503,0.3606287690597929
2001-03-08,-0.3992314544773372,-1.230798278391757,0.72557313444664,0.8742906184662714,-0.000600867264666644,2.780149251437635,0.7063440234404046,-0.9177526623853519,1.7789760282362284,-0.6160427292119884,-0.4889674046725486,-1.2650394339569755,2.165479893911954,0.445516510867632,0.632145381085005,0.3708861664331602,-0.33894059566474644,0.3606287690597929,0.35468083088269
2001-03-09,0.5241700483186374,-1.0443588225571998,-0.6340406762590647,0.9399476889262274,0.05612141688071306,0.08682501852098756,0.17257884210907756,0.558983207648685,1.213290273741831,1.4469525947502695,0.14258308314217816,-0.7923966725374805,-0.2610663145209323,0.45499821745506375,0.5918230265241758,0.4956548012343842,-0.03912130115937702,0.35468083088269,-0.25443002686452065
2001-03-10,0.014200225288767018,-0.5858160827140079,-2.1050028046418596,0.9784099169189396,0.045288142338524094,-1.333684082478997,-0.5146984194582935,0.09205566566257234,-0.04682301259917443,2.1811222440004703,-0.37510583110846596,-0.17821229594813776,-0.979642434840004,1.811846932338802,-0.3769393603018998,0.43145116886267,-0.9702473899230352,-0.25443002686452065,-0.24470946040981034
2001-03-11,-0.23453417122936565,-0.09636857480781857,-1.2226827354582583,1.0080101152372645,0.04184466921890889,-0.8517247725692361,-0.12630147329859903,-0.6992806526860014,-0.21605214120740554,1.738692589098607,3.828433650175655e-05,0.9168267097690059,-0.9969811005242859,0.5722533280483432,-0.09071678304746698,0.4662964262601258,-0.15073200413926102,-0.24470946040981034,0.12586550705294694
2001-03-12,-0.09810789264686072,0.4481530085128556,-0.47350016988992716,1.0481596789924343,-0.027944292786471675,-0.044872532855247775,-0.1722226797478378,0.9180593125612811,-0.3367821943395619,0.8745112858789303,0.8416204157615014,0.6345305591943764,0.7916926779820495,-0.7308778314095723,-0.7644857009910223,0.2483599757968404,1.2008456935907348,0.12586550705294694,-0.4504749203155391
2001-03-13,0.15268553877885094,1.0191907838471412,0.8241973662007158,1.1081831432575642,-0.09067977700904845,0.06405985138725581,0.6018990963291856,-0.6710789249707592,-0.8475612398340086,0.5056222445738375,0.6190747359684439,-0.025991739217864202,-0.5726501804273544,-0.8288609480435827,-0.3325998449532989,0.255419335987297,-1.4549675502231312,-0.4504749203155391,-0.32897844528962644
2001-03-14,0.4268126697892376,1.5788810030918197,1.5340970268353944,1.108749035414063,-0.03872057216050532,0.3164979398328037,0.39306843070132336,-0.05694146030254527,-1.2792676499047861,1.0842381955551663,-0.6196458606520453,0.12835113257167968,0.08566138938420925,0.5970338487402034,-1.3242053353323688,0.09102767664962451,0.17454130873181845,-0.32897844528962644,-0.6332009620107193
2001-03-15,-0.6201050399155789,1.711830764880119,1.4168170974285048,1.0406886552770476,0.09323337778481683,0.4483156796237003,-0.68359208487082,0.9007230199134694,-0.9289082315384191,1.5972538984791935,0.025561583172423605,0.10175444482236101,0.27096910567622495,0.6053108535893259,-0.1148575604780097,0.04459193809813218,-0.5800346277765441,-0.6332009620107193,-0.5788324204419322
2001-03-16,0.061771631625493234,1.4892985559532705,-0.1934271141467792,1.0128381610978776,0.20580659080974056,0.7349701805625228,-0.30998915188847254,-1.3461920062206643,-0.5920052281904546,1.2563271087201993,0.6363580853643769,0.25537682858946986,1.0598638366109476,0.704868225136204,0.3527175279187833,0.11052445926854693,0.08436534769660443,-0.5788324204419322,-0.48504747735995335
2001-03-17,0.31963455516870315,1.2285700752618238,-0.5507642820685004,0.8134105715149714,0.07167032435274276,0.33509303658825434,-0.07393895197474609,1.2019886598812821,-0.6716995052545927,0.5541593730120492,1.2566772199342175,0.6785402932553676,-0.0985847817341581,-0.9587982151905338,-0.4437134977421827,0.05032737556602972,0.12751300971223026,-0.48504747735995335,-0.4889529640085891
2001-03-18,0.31798342033886523,1.0168808562655158,-0.16317322688393526,0.6906579637726041,0.16793559221767235,-1.408109993844239,0.39024111936483036,-0.5530789039783095,-0.6290069545142866,0.6771127331222102,1.1328704196659576,0.8370856051311893,-0.5097846589949231,-0.3403913605220186,-0.8072402665372292,-0.198702875583522,-0.26196317981976464,-0.4889529640085891,-0.3317129089809864
2001-03-19,-1.1349603996218112,0.8215592125950884,0.7411544293353042,0.4837658506583478,0.25248006738312145,-2.029921926015801,0.606962136634705,-0.22611186722834678,-0.25836946634209207,0.8969399901569893,-0.17405117492054897,0.5860459311359865,-0.30606309603239745,-0.23203035322641125,0.08728413777609847,-0.3280710541302972,0.2561394177603187,-0.3317129089809864,0.19669914066077263
2001-03-20,1.4803828683257705,0.5435177136158723,1.5911759713431424,0.22828988844616638,0.4072584475383476,-0.09412223796514359,-0.615839576060867,0.7870221644806786,0.23321413107568464,0.7475549949664415,-0.01702550454274603,0.6252571527249681,0.015266791883798677,0.13525231514689076,0.5392788520675418,-0.2884534465222292,0.9703495088797803,0.19669914066077263,0.25751052775028094
2001-03-21,-0.4719360174121293,0.016649643766715832,-0.1111679088476886,-0.006590930009856107,0.45107680686983354,2.2999418433547443,-0.31486585215405166,-0.8582341820173836,0.9175783969307294,-0.08216273510996525,0.11360139969932324,0.5829566442075866,0.7966618094567046,-0.6051404281304971,0.6298737580965525,-0.26248952946471604,0.23525950131327436,0.25751052775028094,1.3182165459136155
2001-03-22,-0.5206866397510704,-0.8880458364465704,-1.253999913201843,-0.19952991652255572,0.47689835132902636,1.5326512667647638,0.03228790090773846,0.5480924592572609,1.3222474006911693,-1.0157215349656095,-0.5104590963087252,0.04038050260987672,-0.16698449068339255,1.2105734878346437,1.3977472435659188,-0.08427066689093188,1.3543454105941621,1.3182165459136155,0.15829378881807074
2001-03-23,0.6244881462680434,-1.4167840466620716,0.19685198308233515,-0.3798530050845237,0.5511118742098025,-0.6106733743061794,-0.2245415010318447,-0.15613427697578955,2.0812538520980888,-0.9418833807784389,-0.35979449987987666,-1.0387084698276066,-1.2198427106450198,1.7362822799891382,0.8284344297954681,0.09305718900492627,-0.9859003218209712,0.15829378881807074,0.3372195617587927
2001-03-24,-0.6398811239161136,-1.5289051676230978,0.7069435027257435,-0.4776100612109474,0.5506520968483213,-1.9620675426490704,1.4418627849923433,-0.054733381128254814,1.6480815457571452,-0.7252821336645718,-1.034822926645367,-1.1499620096566885,-0.08496772366271922,0.11274581027270712,-0.3984115579715504,0.03652495643582307,0.411595140850199,0.3372195617587927,0.4365565176136448
2001-03-25,1.0146977701163875,-1.5633552253438574,0.4141963264099897,-0.48885276091753926,0.5315080985467884,-1.1026008161796084,0.24368532235503293,-0.09929679632894749,0.8542677145272065,-0.13777183484313155,-0.8242578081438695,-0.8218183261395058,1.5436800293665405,-0.7720112601981822,0.18473976426142855,0.12267656944260945,0.24319278662158933,0.4365565176136448,-0.19542732030943713
2001-03-26,-0.7553270389636779,-1.5942379020338986,0.26529854639134776,-0.5384137697464346,0.5288792959136692,1.0886188643963295,-2.098383707143273,0.3058260874725378,0.29556472873571593,0.06809618485702942,-0.9185954188190009,-0.546279543981602,0.13209283306805367,0.5342831394254361,0.20802928285927494,0.17843304925089415,-1.7395175639897873,-0.19542732030943713,-0.2442466341715335
2001-03-27,-2.025862683654121,-1.5733505558004428,-1.205076557874405,-0.5750093101745937,0.5054320341757348,2.0616096607261185,0.1152741941436374,-0.473921738728817,0.24498006170612452,-0.4345193547408633,-0.8695522289301085,-0.1850476098427425,-0.8570687196912168,-0.1236825100516735,-0.6663376306063717,0.23116365949503723,-0.06342772436714665,-0.2442466341715335,-0.46101752410962127
2001-03-28,2.372797366968927,-1.5394353466264192,-1.2374548069086317,-0.6181718882508167,0.5582570717186024,0.2821078605467169,1.9365829693170618,0.3504231231682544,0.31373959139329616,-0.2625602362573961,-0.3074291890009915,-0.672884217687634,-0.46893803211758117,-0.7219335954177264,-0.49536757458159303,0.1956989337751315,-0.40919657026930617,-0.46101752410962127,-0.574044610720893
2001-03-29,-1.8835589692999608,-1.214843547826885,0.8884478891793232,-0.6349665360938624,0.5107488610242839,-1.670764838861234,-0.48958137414440345,0.020668090318493842,-0.22767602532667325,0.6892602647653445,-0.780036406806253,-0.554485122482093,0.5055720101278769,0.7300057892093381,-1.6939040375975674,0.03878381080840718,-0.5325812572336696,-0.574044610720893,-0.2463216316411378
2001-03-30,-0.24580932801168728,-0.11726281475213887,0.30867228398869495,-0.6305163883823091,0.5546071377497076,-0.81818461735316,-0.23290025409129525,-0.21222622905902228,-0.8173656493299571,2.4449339612926626,-0.734186130274914,-0.11958362378817051,0.7094212933177952,0.020108809084133986,0.6815912339640411,0.13389613031599967,0.8839749323063955,-0.2463216316411378,-0.4785574532251744
2001-03-31,1.7204481755057708,0.8163935425286937,-0.7177776400300321,-0.639584598393183,0.4919169211720537,0.67179339430363,0.05251258451495133,0.23812445011629735,-0.988831956668384,1.4003077792107272,1.0220745048675055,0.2865693847111519,0.20258547843673985,0.04070264796190752,-0.4619539365556034,0.2057907995213626,-0.35882437411736795,-0.4785574532251744,-0.6499610511649523
2001-04-01,-1.324873330121318,1.2660904257581627,-0.7752039986611499,-0.6320084721235776,0.350896753761751,0.5844753516822506,-0.5774357380547385,-0.03685054774516143,-0.2046124964660046,0.646182449574576,0.5162494676630138,1.1254265687210232,-0.635381721202398,0.3232904715444297,-0.4298712106242992,0.14323388536698392,-0.650636586281201,-0.6499610511649523,-0.5749691630869437
2001-04-02,0.6087902444830503,1.471703727856321,0.09043285267039075,-0.606544634725054,0.19442379771111248,-0.36375691437468544,0.635653787971916,-0.4257503371115465,0.7055570470815953,-0.06941443367174062,1.579408861308325,1.0094919401512399,-0.07269916704192611,0.005256573690523918,-0.9732516238629645,-0.05163436967974935,0.30124767009413717,-0.5749691630869437,-0.6826632361857733
2001-04-03,-0.1808839734852882,1.5456017331934566,0.9500732219276758,-0.510756364113787,0.0031876638093730346,-0.2093967550931301,-0.46337177279690955,0.43244367824811364,0.7866522316277234,-0.5643495522945032,0.6523548009689668,0.12917615666801413,2.281224982492916,-0.3784429065135677,-1.2589575113678106,-0.29078974244029515,-0.290155111005983,-0.6826632361857733,-0.7827181796239921
2001-04-04,-0.5965518858556613,1.4713883554351075,-0.051684602835278315,-0.4332228391746777,-0.1812819462991679,0.4330127262962493,-0.37975472508614627,-0.2005980766196874,0.122863005039092,-1.076334850716898,-0.48422546625128776,-0.517988516939803,1.2597940060309614,-0.6523911550800557,-1.4218686696151828,-0.7796150237036418,-0.207405842270388,-0.7827181796239921,-0.5485782298805312
2001-04-05,0.6392609842409702,1.228108513655735,0.4485445324668803,-0.306193462321629,-0.2932622832249879,0.3268451483670958,1.030916734597191,-0.08283098302579454,0.387924071834903,-1.2861464183148958,-1.16634090209166,-1.3078546203548278,-0.19018670514418617,-0.8540208972008945,-1.3574043068986288,-1.1176737089482167,0.09115043410267733,-0.5485782298805312,-1.0256055268446513
2001-04-06,0.15657689099454497,0.7633703988936617,1.2822008279397497,-0.14094191123385658,-0.4610694589745779,-0.18661576612978237,0.13865171362094383,0.2685866362557232,0.40583147263864916,-0.8785694927183165,-0.8134192829695176,-1.0824516956323411,0.09662611346756883,-0.12485974041739165,-0.1797187219102416,-1.1199832630310687,-0.4243438505435204,-1.0256055268446513,-0.9866022985692318
2001-04-07,-0.90579565368313,0.28752147376727016,0.9248914429103229,0.25815399421499424,-0.14897141330040461,-0.7806684725346011,-1.076987779828472,-0.14926120574958104,-0.4359696394283264,-0.5006721784372863,-1.096476611903939,-1.7198280414379716,1.079695126631155,1.0002549368835203,-0.7324699375450674,-1.2783172971995924,-0.09411276693357348,-0.9866022985692318,-0.6663514116083145
2001-04-08,1.153361556494589,-0.11249742137883156,-0.5496663192762954,0.42632622974538564,-0.18434429994748947,-0.5458928797573046,-0.9180659508187929,-0.011222974792212355,-1.0339747959622492,-0.43633176929952805,-1.0559110562394893,-1.4884317448879443,-0.07150138308099883,-0.22568677747281918,-1.094524350063312,-1.4486961143349932,0.5089032445981627,-0.6663514116083145,-0.7875014068000326
2001-04-09,0.8091829629693229,-0.7118776332495163,-1.4675935180934292,0.5321372898958903,-0.20094017410559448,0.2303803710443327,0.7289028172852523,0.05661558070404305,-0.8253351865207406,-0.5629500471528537,-0.8238805165553019,-0.6056256693665322,-1.2873871885316341,-0.2782323752888803,-0.7901188957914781,-1.3920721624238193,0.1538087683237134,-0.7875014068000326,-1.077186493966639
2001-04-10,-1.272365072705865,-0.768996547798277,-0.6073549331922994,0.5776707271088273,-0.30132858977177557,-0.08134215044196738,0.6928165511723576,0.14610392896893565,-0.19913416388308736,0.29211909517305096,0.11290295417115444,-0.20085578079382888,-0.9886939101414767,-1.6689412172709317,-0.893549695682835,-1.5009765945224343,-0.6808294589809644,-1.077186493966639,-0.8004929977574834
2001-04-11,0.768159451709381,-0.7620487569406258,0.8426776585827005,0.62515982216203,-0.31567044317337556,-0.3282702070137293,0.6173877926398449,-0.45574072961183054,-0.3279407253617946,0.21907685311560063,0.05557512330847249,-0.8127031226848107,1.643151050564252,-1.606868647923594,-0.5844800788454056,-1.5272727668041814,0.917567097423193,-0.8004929977574834,-0.6793361017957417
2001-04-12,-0.2759486917598293,-0.6872529618463011,0.752024452018783,0.6553635994467272,-0.3254377978008612,0.7225307677192703,-0.5313867867207548,0.6901587008447547,-0.8365908111135337,-0.10359752354960627,-0.70265155289668,-0.8656280058188809,2.577580387441817,0.05848536797588679,-0.3636784969662873,-1.6367937494455411,-0.024251578355544354,-0.6793361017957417,-0.22836396053508543
2001-04-13,0.14706766547166517,-0.38137585228225324,-0.2957879130888456,0.5942782331029592,-0.30176758896761363,1.1071398515804503,-0.8607812404427347,-0.6901421555053477,-1.5794899105319251,-0.5124135382723323,-1.0278271249539832,-1.063068154102774,0.5689002206998426,-0.48581399871731806,-0.36615613194273156,-1.60143328516722,0.771687585763161,-0.22836396053508543,-0.635002546707944
2001-04-14,0.1269669808462012,-0.14744836860147378,-0.7098802202332624,0.5915988869934979,-0.259161991428021,-0.6541565637851514,-0.08263536421315434,0.42066722799139655,-1.3176074584077644,-0.7506902592796859,-0.10952274019285235,-1.017512151475883,-0.9831001313855285,0.523839571640368,-0.45444943679988764,-1.5532051417143613,-1.0387988768189151,-0.635002546707944,-0.7181096467291337
2001-04-15,-0.08412177588622105,-0.1294429530917684,0.11585516628238884,0.5804533479990793,-0.27929987378531074,-1.2670586880454353,0.34512261334853817,0.13380272061246323,-0.6704060294670596,-0.3561545930815753,-0.7681283128313341,-0.8433995051561678,-0.6452309926090584,-0.01825486179665124,0.022037386304389478,-1.3410210055170309,-0.3918441596799147,-0.7181096467291337,-0.584705160889037
2001-04-16,-0.1657499611889014,-0.24543080443465567,0.6239760576006553,0.5835819325416631,-0.2956020486495482,0.037378000297029194,0.7649482774417792,-0.7036744475604026,0.0926594742714561,0.24752682866983322,0.07129937468220696,0.24470690413645793,0.8635490180046794,-0.7675640700454877,-0.33054280399282326,-1.2322681011705976,0.3510384128102102,-0.584705160889037,-0.8316592799444189
2001-04-17,-0.7439839388621543,-0.3999885021656623,-0.9578791139016949,0.5531705274084474,-0.31452610917129137,0.6192478412743233,-0.7173103453436082,0.8836681720407046,0.0828887271876769,0.2669744060519891,-0.005177638501568363,-0.3249352338555575,1.2812793294206168,-0.5809637110171121,-0.26104297701185686,-1.050099475506706,-0.3258815125967921,-0.8316592799444189,-0.8714368039239092
2001-04-18,2.0104217045619053,-0.5663311443608373,-1.9791313098515222,0.5361647723508199,-0.31800059299088296,0.24838815509696424,-0.10425145163996304,-0.423340916705758,-0.16721500273172363,0.3112002095886063,-0.5484544355796556,-0.53218160409733,0.10578131576188401,0.0587591217824472,0.10955133536815882,-0.8519919112192613,-0.11392586133442703,-0.8714368039239092,-0.7023966826390843
2001-04-19,-1.99364628981684,-0.6281556442049815,-0.8129682373142645,0.46528429664686277,-0.35182214106109777,0.49589104761778674,0.711184417534764,-0.006888867771233846,-0.18706339913307732,-0.31350288531588055,-0.375948740696585,0.08767144822697014,-0.6498183398355204,0.3401704005957489,0.06513005186661737,-0.8063242167927861,0.18072133869646795,-0.7023966826390843,-0.23593342150884156
2001-04-20,-0.8203953666753966,0.00015897941968620399,0.8216951339451178,0.3803152859019087,-0.3818172123320225,0.8426910106940556,-0.28801690354650333,0.13922860653901462,-0.2676674960368963,-1.493278100986259,-0.7802922491462206,-0.9335978493442313,-0.7030174232121942,-0.25730621500252715,-0.9852929517792215,-0.8352383431889294,0.8970756501081554,-0.23593342150884156,-0.6977995867924389
2001-04-21,1.8914170056992194,0.6730202538001439,0.9600675947191163,0.2373184508723943,-0.41015741000177125,-0.8871393002727869,-0.9839466890849433,0.014194875999856662,-0.35206506338283794,-1.8845434184718934,-0.6494926393184326,-1.5713427692515818,1.2446337753899928,-1.6300347335473517,-0.5589729267397012,-0.7841171284495669,-0.7683481643818134,-0.6977995867924389,-0.9633455352623034
2001-04-22,-0.546106232687613,1.0172030137925838,0.9941549357300173,0.12331177833735431,-0.4358120983211436,-1.941514948565719,0.7726562603851317,-0.49808203976883103,-0.5352535076839647,-1.425156874525194,-1.5633612175021079,-2.3379170857980474,0.3140508281735721,-1.0095270156284177,-2.122014493844339,-0.9756150808135277,-0.17836321416807774,-0.9633455352623034,-1.2776946054137703
2001-04-23,-1.517350785896167,1.2579968295311017,0.8464949984307638,-0.0028766548725853726,-0.4582681789126197,0.21147491690167133,-0.3841928251514436,0.8389447393737065,-0.5531136405167724,-1.045381008226541,-2.708203103324219,-2.6921679033699486,-0.21450586856012957,-1.5275431865128455,-0.5414138927997395,-0.975066210852424,-0.4483700433678196,-1.2776946054137703,-1.2139922824238145
2001-04-24,1.9591783177333915,1.444476184758286,-0.22523858382884443,-0.11683153012884914,-0.544185151075999,1.0860730816648052,-0.750506009162077,-0.927753955808384,-0.4590288389413906,0.07783368126103955,-1.5181073352166565,-2.2636686444499348,-0.44536054485580506,-1.703543838569849,-0.9330105881811922,-1.129316166721831,0.177352253438257,-1.2139922824238145,-1.4829933271285818
2001-04-25,-0.8774014279311106,1.5520502888388947,-0.7806297082687029,-0.249785250795131,-0.5579193309525993,0.38126250414370777,1.301928280098364,0.9680498994256143,-0.4560539379150613,0.32563478241771454,-1.284860861871486,-1.1093373258834864,-0.272209521709042,-1.7703578562234312,-1.7473496634428778,-1.4794936826791356,-0.4074374696505547,-1.4829933271285818,-1.887882171823418
2001-04-26,-1.314729841902447,1.5352994771840967,0.16080489035944698,-0.42264475550779645,-0.6169065111017319,0.052013637207749985,-0.4060553458598292,-1.0609189850660097,-0.5128179898620068,-0.17107008071076443,-1.3932978715271491,-1.078082591088507,-0.6410989034384388,-2.654032365160583,-1.406397796831829,-1.604978342590376,-0.2646377870180667,-1.887882171823418,-1.6400961692382863
2001-04-27,2.202279994771853,0.9488684558175204,-0.022319650149309422,-0.5543392462934098,-0.6068760878496755,0.5937647798600603,0.670658112650568,1.2643276280494211,-0.11416565312001416,-0.8344383152362344,-1.3155664995092615,-1.5214078843219148,-1.2617893479808784,-0.43073071799228335,-0.23433733468460943,-1.5339410144196923,-0.7492776556756041,-1.6400961692382863,-1.7200019364098165
2001-04-28,-0.335566844198583,-0.15127881506288673,0.14282039339452657,-0.6505283614085,-0.5890440654552964,-0.8195182998562431,0.586636970121939,-0.970870879179351,-0.17021460468995087,-0.9297878387643064,-1.3400879073860479,-2.0536972555825037,-1.3259489198014518,1.1038061360892573,-0.15487526997312082,-1.4698283672192478,0.059835348308954865,-1.7200019364098165,-1.8907402145677565
2001-04-29,-1.0833240190596216,-1.047536028493942,1.2127400013681484,-0.7121169647922153,-0.603294132579292,-1.585692414521255,-1.4476684013075274,0.5964414780610987,-0.9220707126269991,-0.8520250275501978,-1.9190500069316643,-1.9614792747607737,-0.2803715518215759,1.459640062986476,-0.24831018752276718,-1.4119015556881298,0.11400507607176623,-1.8907402145677565,-1.6444157375257527
2001-04-30,0.6464774635131216,-1.689017710986296,-0.04064843339110092,-0.7327308696251085,-0.5364595954454868,-0.5086564472123201,-0.36781324573360435,-0.1833150179030324,-0.8136061486229403,-0.5649785561835122,-1.1948147857755314,-1.0408653072354184,0.24468544742454612,-1.4949803575384646,0.22936741767616395,-1.4549172277475573,-0.0543834446337525,-1.6444157375257527,-1.838434632071009
2001-05-01,0.7580532050519584,-2.1812682930265104,-1.2540982100596225,-0.6770793652044095,-0.39876193730998033,2.0274857436513605,1.363161411798789,-0.3620292107763493,-0.5618901831164467,-0.005001117278726378,0.19088643379640569,-0.9073259289798872,-0.5148784392563102,-0.13597257917016115,-0.13560696660985053,-1.6582379303684611,0.17447531184799636,-1.838434632071009,-1.5683052923196763
2001-05-02,-1.3173962202274379,-2.4329902115539848,0.023968065261732837,-0.6214156657182626,-0.3196852424875621,1.6496696620346942,0.32793739675874434,0.8609384676603277,0.46917055241691225,0.013090341927510782,-0.24613376225332745,-0.8797034333785586,-0.7295531588274682,-0.27293347209346436,0.6821398765848279,-1.662034699084259,0.21957703417673136,-1.5683052923196763,-1.4304453318316588
2001-05-03,0.372415587678043,-2.1532863323616205,1.0721446432149622,-0.5561327864186961,-0.21115050029409804,-0.6347676954467087,-0.03173556532346576,-0.9739313159901137,0.8773310214375205,-0.0033005886808324856,-0.8696318295903244,-0.7815000305556291,-0.5481006628727977,0.19254356040051174,0.09514196260154033,-1.4597503335039228,-0.025044852442396986,-1.4304453318316588,-0.8784243716398468
2001-05-04,0.5506596944590991,-1.4500723523370336,-0.8796705414274057,-0.477184564188061,-0.10399075648216694,-1.6711084102393932,-0.5983684955681889,0.7438188917369648,0.514249290096114,0.7419136346296107,-0.5022766542399543,-0.8914877065796882,1.060884512653576,-0.41687052692129445,-0.37923918004310236,-1.399531438303721,0.6670887092428889,-0.8784243716398468,-0.196613237837016
2001-05-05,-0.7762039592691414,-0.7951586390296024,-0.6109594738883065,-0.43372890656351104,-0.03835473760440649,-1.0295891854156873,0.19706598212601736,-0.15483750805723465,0.3901647011056852,0.3019747763956037,-0.43005654324954284,-0.6395447886987455,-0.4430653641468258,-0.19860470498433094,-1.0084612724154274,-1.1848615145785568,0.7765438536602945,-0.196613237837016,-0.7374802513931324
2001-05-06,0.3571271589219117,-0.3186713136880892,0.4331775455035916,-0.3402020791347136,0.07454927316702695,0.8385853263464813,1.570883310037053,-0.4403508685349404,1.2623246632182747,-0.331564710386424,-0.0011110145277842013,-0.24824434706601461,-0.9401537722621108,0.5814583287030998,-0.8624899067981284,-1.1627331428298444,-0.6578648979792744,-0.7374802513931324,-1.0335571207724195
2001-05-07,0.9163650467885605,0.06917839442251965,0.5449634333921877,-0.257146377670289,0.1494486693354924,1.1299374139632505,-1.7055150180357508,0.4961961985584273,1.9078028411095258,-1.3904860275174593,0.33000951204365553,0.25093523978547416,-0.014346353388524219,0.6308487015165072,0.43200200249394854,-0.9483065426472623,-0.563395634557548,-1.0335571207724195,-0.942402301899865
2001-05-08,-1.0243284032851423,0.49566990911473724,0.09743169361710055,-0.16897327936839382,0.24987268095045936,0.20033383646298883,-1.4807866689201472,-0.22110224703828557,1.9085025352613656,-1.4258034708475316,-0.40426753313382985,-0.5601755690471181,0.10091102241570832,0.47836953643230795,-0.7236760048509734,-0.7542924820833403,0.581001382949967,-0.942402301899865,-0.2935516402692262
2001-05-09,-0.5185643630420307,0.9749184493691584,-0.5666216626642946,1.2354654154717992,0.5873781291305741,-0.3767858067453017,1.856353755306153,-0.20193020653250532,2.0836174402195184,-0.45995457630361586,-0.2612789187355646,-0.43929400579676553,-0.2869015407401621,0.4317875035567444,1.3839526108130564,-0.3467040096479063,1.186542502889729,-0.2935516402692262,1.9674628616627698
2001-05-10,1.504428617697023,1.3268485509231698,-1.4977997578598814,1.2958702406130378,0.7311405699874218,0.14112994798524545,0.4382457131582074,0.7140613029077976,2.2082021011443684,-0.02042559696405353,0.46428775768747177,0.5187109889349688,-0.972008457798098,0.8500137386042041,0.7778191269223803,-0.1558408530913373,2.358966939356554,1.9674628616627698,0.6287446846855116
2001-05-11,-0.6059166341420953,1.4086891975766593,-1.1404718828998832,1.343865648024811,0.8566409027202164,-1.2536914748782422,-1.2070231950571677,-0.8774211388694324,2.076436476592752,0.25002913097906254,-0.3118474432498403,-0.7926359877072233,-1.2016950424716029,0.4634622537144166,1.16134196370586,-0.001214847343378477,-1.6446582110263526,0.6287446846855116,-0.362693571150307
2001-05-12,-1.1937444215507065,1.5306562720582464,1.2440033454417352,1.4176747879254803,0.9474403489250239,-1.0153115279754283,0.047531138073454375,0.5447980739507661,0.9072321553089843,0.035061231336197464,-1.464506524547042,-1.0615906049867696,-0.552143431002462,-1.4872761899111677,-1.4843488676746794,-0.14972732982545506,-0.8688374637967373,-0.362693571150307,-0.6766680132539092
2001-05-13,1.280009293390105,1.455672961955767,1.6019800292099615,1.4451198540968024,1.0438077982494225,0.08158798488147193,0.34596394143055154,-0.17826967178917605,0.06874085546491471,0.7529916298401997,-1.6545208639844347,-1.3989170165863196,-0.11460071904869625,-1.5918339389687863,-1.255689262899691,-0.3216857799994528,-0.05386491470221078,-0.6766680132539092,-0.8960941841122438
2001-05-14,-0.4004985988376238,0.950247306212573,-0.4356366036133173,1.4537097643302896,1.112757905682574,1.964059938145611,-0.32736817508295774,-0.0872194989713695,-0.12950424987038406,-0.0018586728006315836,-0.39203578256521526,0.8280012254996091,-0.33468171138922825,-0.22973834192193232,0.43188564206563673,-0.26544171698645513,-0.5423298323575448,-0.8960941841122438,-0.5461746046347767
2001-05-15,0.06859099427826647,0.29662066553661814,-0.9655754032156689,1.4259820509344026,1.1256532722007555,0.7437539098779932,0.17397161494114471,0.26740917718700713,0.1602103283049393,-0.48781602377281125,0.8614352919421844,0.8205795840434252,-1.1086562238211273,0.03594968997120626,-0.14377229155218937,-0.36257252359735587,0.24775601575545728,-0.5461746046347767,0.649370407892841
2001-05-16,-0.42308137065757817,-0.6991186090369251,-1.5224178769189414,1.2209029838865597,1.00859759299957,-1.6692773693381793,-0.11643231648845492,-0.29603747232730276,0.6781709458303699,-0.3667092172843375,1.0962406112288288,0.7402609476925365,-1.4138411605548988,-0.42901104136746604,1.5881003805739349,-0.25823267700096497,1.9023342613365064,0.649370407892841,0.688678896537259
2001-05-17,0.11207534468620182,-1.697092474607354,-1.044748845720604,1.0481488482791208,0.9036708488952859,-1.0036815627723044,0.7991733250894321,0.032655101166678205,0.9447450237827191,-0.25569504558446815,1.4427521634115816,0.4029935995181507,-0.2554866746290104,-0.6353440974375985,-0.4249761918049338,-0.21974776420600076,0.2240260819834135,0.688678896537259,-0.6968225391015868
2001-05-18,0.7225076882286946,-2.0689287892083383,2.5216110477194733,0.8384514412127383,0.804911000449264,0.9641267399758148,0.9831055765876738,0.10347497547470133,0.4281507947807814,-0.39473063405313613,-0.30086394054944215,-0.8783678253292904,1.1434140004460596,0.5442671932157366,-1.300115752108922,-0.24044563515091966,-1.5569648634019635,-0.6968225391015868,-0.8181939777549103
2001-05-19,-1.3575963773778819,-1.8446020115910564,1.7641675957833531,0.5122308641421672,0.6335665736046009,1.1051243167771463,-1.6154926169254495,-0.10458760600713361,-0.6739823985557111,1.3184468236353044,-0.9781803421944022,-0.7339297667496433,1.5504441592126703,1.646967629504576,-1.2377200183567862,-0.20384501608866434,-0.36127697018614585,-0.8181939777549103,-1.3378369923570137
2001-05-20,1.3754071534299976,-1.3714690447385653,0.3802033727340303,0.1435181236126202,0.43612060028397975,-0.7835640337574895,-0.7226445540810793,0.04697744389211521,-1.185397625511489,2.3171369529116626,-0.46254888013518375,-0.1329248279757274,-0.09897443465232357,1.0709562880752734,-0.9119754836837561,-0.4890133605221928,-0.17707391685670051,-1.3378369923570137,-1.2489965845827558
2001-05-21,-0.5899429423732325,-0.7634914160866527,1.0206639586833055,-0.27697078809969816,0.2740667768782622,-1.4754768402632708,0.4349580931366182,-0.0060652011798206056,-0.27321401368357917,1.811806858866831,0.8655466538865575,1.0476318436328966,-0.8956410473595613,0.17005954465074638,-0.3304629712715939,-0.36479199035475246,-0.3946945296265068,-1.2489965845827558,-1.263755760298229
2001-05-22,-0.15670292749654033,-0.011225327747893319,0.027906734419484318,-0.6811222187749076,0.13454650722754305,0.3583870761458827,0.30416557832884733,0.015566018464887059,-0.44576004479775627,1.5441219927879573,0.03323739271376326,1.4980472769181403,-0.6027507386299267,-0.3404409110638916,-0.20141972296241892,-0.6107229340280754,0.14611589799599065,-1.263755760298229,-0.9187809055980879
2001-05-23,0.8656959203174439,0.8268428861551483,-1.6038938168691428,-0.9908999265967711,0.02204525828592291,1.564654946676026,1.6085824227496541,-0.046252529482489806,-0.3544189174883748,0.11754629304704836,1.6172875528415105,0.12294072986668561,-0.0590175925239414,0.1808543561542998,-0.7084089356573501,-0.9175711378671676,0.7634100128905004,-0.9187809055980879,-0.484546723119673
2001-05-24,-2.3956470441668176,1.5307339176582184,-0.7875140380054139,-1.2433154066377674,-0.08130045690077616,0.7767710717612496,-0.12601369740619572,-0.010734849790908909,-0.07292972034563137,-0.47511195099290915,-0.16186229960152387,-0.8605093678387841,-0.4532855667133144,-0.7725792323663566,-0.7365153307528377,-1.1803600975366468,0.1969477804778636,-0.484546723119673,-0.6891705289010657
2001-05-25,1.8120075165160452,1.856921020700692,-1.117863805436367,-1.4262398976132533,-0.17270408336253984,-1.2492155323955751,-1.7001888764626112,0.20069060947446335,-0.13098354173999802,-0.35117294511320873,-0.2240946587981267,-1.1931083220193213,0.14082589565619127,-2.099897557992666,-0.6162709248974997,-0.9721910982873673,-0.10991728193928593,-0.6891705289010657,-1.105528918665925
2001-05-26,-1.1195783781408768,1.7329801162053995,-1.2618206395669629,-1.5883352376268487,-0.21495939452278465,-1.1396823110969474,-0.6702479984826986,-0.5133656964404905,-0.45260969129559814,-0.46140360969351013,0.03269051558516397,0.3433256590341828,-0.27449075860040467,-1.8692025559232728,-0.8115364325887597,-1.0277307958266735,-0.8371283777214549,-1.105528918665925,-0.3411120011604684
2001-05-27,-0.8710997113658026,1.220127129110262,0.044091911482561454,-1.6728393404443949,-0.29537813641114086,-0.07633641426675045,-0.24648443590618432,0.7062132920113087,-0.3369908339175363,-0.47156552277755814,-0.47692280095044515,0.9993055500884437,-0.5632343244856072,-0.7190238486907814,0.07463994439000923,-1.0730945716133349,0.8797391931499725,-0.3411120011604684,-0.3169564063921383
2001-05-28,1.101858894116492,0.22243705366856079,0.5464443509851609,-1.7512714326322143,-0.4276358167839034,0.5574081767164669,1.8509405187281947,-0.44589477405568495,-0.14515557286925376,-0.47861065038090794,1.3266513812524734,0.6015815563486813,-0.9336685466009607,-1.0018433269196343,-0.4303234985666185,-1.075325808167628,-0.1560270632153195,-0.3169564063921383,-0.08446335138121482
2001-05-29,0.2247341664450256,-0.8218769053403395,1.1323683880921285,-1.7927517334000143,-0.4465224438369515,0.7511315102951733,0.3868805259953657,-0.34635067567376987,-0.3325559935846163,0.19472281853358608,0.4165513209498618,-0.6606391613454679,-1.1912868984154668,-0.7730438645129797,-0.6771546775591241,-1.3282396695844405,0.8818409094121595,-0.08446335138121482,-0.6894206035692497
2001-05-30,-0.6138480216337551,-1.2019725323341406,1.8502733848630173,-1.779318803608077,-0.4739143580092991,0.7365465949003273,-2.1134395088831237,1.3201131197051517,-0.7608404459538199,-0.5958977387959534,-1.0281728101527714,-1.3308022168867963,-0.7578567394857427,-0.9954661913863461,-0.8700613213309014,-1.4186504036180663,-0.940317258123883,-0.6894206035692497,-0.538652465010474
2001-05-31,-0.2533129023729266,-1.0629944955632755,1.5237947193916241,-1.6465792656035876,-0.5285267417513392,-0.18394481893376843,0.31048933969165904,-2.079297712249491,-0.5245382455185396,-0.9781454425744495,-0.42747170243633303,-0.49209408885712996,-0.8427582168382806,-0.37780394086978425,-0.060568538419005766,-1.1436967446918782,0.201973585804813,-0.538652465010474,-1.0800930204759356
2001-06-01,0.8454066057178852,-0.6847858739927608,-0.9883423483217063,-1.574009045198518,-0.4964190950502145,-1.0997683892269456,0.8976688228436577,2.443844834783015,-0.3214767227032268,-0.463258877883312,0.6500644569201589,1.2633248810862658,-0.7192924939219233,-0.44662259330761045,-0.31862164754263034,-1.0315893199718518,-0.6390814058837523,-1.0800930204759356,-1.078440714690504
2001-06-02,-0.08160557446317411,-0.15090584748208852,-2.345302833803095,-1.3814201189618796,-0.3628827953488372,-0.8635497458556035,0.08692924497889468,-2.48344865403,0.4598205359427744,-0.7698475141510296,1.3114526092724952,0.20743517561568497,-1.6753687148919338,0.2577147041766903,-0.05763052018626745,-0.8928563497448141,0.40294182793048905,-1.078440714690504,0.07299038083188811
2001-06-03,-0.6525050534934328,0.4282197272172312,-1.091678324441982,-1.2821660248914406,-0.3276177597962059,0.02673138932299154,-0.703413332350827,1.9043113270275638,1.0554943818730673,-0.26827253655558697,0.18913182384270982,-0.07573449418906986,0.03306508330397654,-0.2379969205579334,-0.14478969564116168,-0.8202831392926576,1.7496993684622144,0.07299038083188811,1.385143333481177
2001-06-04,0.6057678019280803,0.9797989235875927,0.3694505634199197,-1.1041051263075876,-0.24991305597435956,1.0417287306276883,-0.35769388424124854,-0.8245525867021666,0.5487764381588547,-0.7944531780145669,-0.7706717518815085,0.07514622312004676,1.5906859817780608,-0.5841271450587772,-0.1271108214627716,-0.8110201808922591,2.170418901762923,1.385143333481177,0.060899182026312594
2001-06-05,0.0623770865630315,1.093382797106404,0.6905894921712767,-0.8822917752882652,-0.16587820078630752,1.1043994308672462,0.4505345148665117,0.005892149738822134,-0.07445525010409232,-1.0804942522889063,-0.05377247072807429,-0.6042833141300039,1.5015768474053603,0.1156252449116101,-0.1837750654738393,-0.748315785492137,-2.1355857499708546,0.060899182026312594,-0.4807982490982517
2001-06-06,-0.5869258191254239,0.7010054741650332,0.4569878219419564,-0.616434861133356,0.0015089432342481417,-0.022679937548528817,0.9170151933132783,0.4418320658759221,-0.05302106570899365,-0.8594744613580181,-0.47646330753787314,-1.0816067904060478,0.7478939985754822,-0.22343520170013065,-0.2796970654778376,-0.6796902426168568,-0.8555382657955228,-0.4807982490982517,-0.7772910843366122
2001-06-07,1.0673744883916432,0.055492481350211446,1.4522100913704288,-0.31810523599811985,0.10182265817139956,-1.094434937453811,-0.5606080641195188,-0.5585010711088465,-0.3615318031218698,-0.8867533344908373,-1.3929523667021821,-0.9614518128307522,0.8896799212740437,-0.5184345463248275,-0.18382604603445665,-0.6386704239315683,-0.21435025459850934,-0.7772910843366122,-0.7713740153797737
2001-06-08,-0.6282655952271724,-0.5214151743192915,1.2833192444615333,0.022754980067939835,0.21677021090772283,-1.0119359490534903,-1.3260775746712377,0.22959044508163812,-0.8428965505955597,-0.8894396735657906,-1.2450389119361445,-1.0301946175840209,1.7268757232376521,-0.2640426427085717,0.0080670302700261,-0.5497337972679684,-0.07538010507135945,-0.7713740153797737,-0.6242910742527569
2001-06-09,0.27765427103165613,-0.8365039385363976,0.8912843531486841,0.3647163462949103,0.3035772374697229,0.10348051760680319,1.1334850520274875,0.11493236416681527,-0.9208143746690821,-0.5145871278565669,-0.2855248541519362,-0.05094909168395235,0.9221019101509933,-0.3026383348588094,0.0034269921913165995,-0.6488517624634117,-0.06757380199988289,-0.6242910742527569,-0.7936790204118019
2001-06-10,-0.03236310009287328,-0.9511704223943515,0.4159671335160882,-0.12221594961190452,0.9267181988715656,1.0593351445969033,1.0453399640233776,-0.5018686953387576,-0.9946579731498474,-1.1273770167398152,-0.2660829182848278,-0.5553401684163681,-0.08031623451756265,0.05141211022354585,0.09866473556886733,-0.5869779853669669,-0.07029397763983207,-0.7936790204118019,-1.0546712187313412
2001-06-11,-0.45688932777683394,-0.8038589400580005,0.18140223801308755,0.055816585496263366,0.8902817828610147,0.2867208689898982,-0.7163636704989871,0.21520838900843858,-0.9945881689119505,0.26391785770356047,0.20269324846792589,-1.189482092704454,-0.9177801395759495,-0.019795751141706747,-1.0416848659486666,-0.6467561329660321,-0.4968755145081104,-1.0546712187313412,-0.5353342671560182
2001-06-12,0.4106928937253063,0.4332670454360108,-1.443571883410916,0.2067822071060457,0.7779668102230186,-0.9068114969512875,-0.8206993990218797,0.12762928458707995,-1.0772585118380738,-0.5474723171004711,1.2151085308358764,-0.3800978417487508,-0.14099656975526106,-0.4969306014134103,-0.09982586265156972,-0.5019844583401842,0.7598353749401806,-0.5353342671560182,-0.6513517581756414
2001-06-13,0.5579912102448807,0.9546747406468411,-1.4926049111220123,0.37070632566511535,0.6139399957072968,-1.1182198598209567,0.19571196863789111,-0.410567425338466,0.28773363988952577,-1.2151353959853335,0.9868637880408418,-0.27759372528579196,0.7374983272170116,0.8804120042269664,-0.06996008019533785,-0.5296271975402677,-0.14376435587169623,-0.6513517581756414,-0.12812587432199385
2001-06-14,-0.8842905396761738,1.3687624994249454,-0.8389437610371236,0.49278884636214126,0.43681809033087465,0.6067336236876862,0.15207840613695775,0.533473853551681,0.7210106409734125,-1.4691636558790588,0.8022828139266367,0.035532478587287086,0.45044563414458855,-0.9196822837894586,-0.49965408760907754,-0.5330504736378632,1.2439385322282877,-0.12812587432199385,-0.25889361186195375
2001-06-15,-0.37298930988323636,1.5314098163139873,1.1746980598180727,0.5928607971099535,0.24065612840806766,1.556118261606157,0.32342365654885646,-0.5524545340074325,0.13528259035827236,-1.8991365935243085,-0.69337780482522,-1.0946424609706087,1.9865470066970412,-1.112527188771031,0.3310505812864743,-0.4620592482817731,-0.213840077038334,-0.25889361186195375,-0.31394413912699953
2001-06-16,1.0002842979541249,1.3463881378362434,1.7662596954415737,0.5689539836864321,-0.05973748481605751,0.6679058068848991,0.06641060935562282,0.5583996304803223,0.009108384341459816,-1.9453456086545284,-1.225731613241885,-1.855438504757964,1.7146352622349494,-0.9350716098055126,-0.34458603593210513,-0.46571019649113554,-0.10150111544758056,-0.31394413912699953,-0.35643696258271523
2001-06-17,-0.38398378549879697,0.7035360454603846,-0.0936933848356058,0.6295622782422342,-0.23722985102239927,-1.1675120895664954,-0.12723934194985426,-0.65202471527746,0.7708122670258554,-1.759056449383471,-1.3624237032021302,-1.7905918678083048,0.6271423070897952,-0.8769570783296426,-0.9757357570171646,-0.663951697603994,-0.07167486652474098,-0.35643696258271523,-0.28463328825217343
2001-06-18,-1.0326287869099013,0.017210935742988903,-0.6211465034395545,0.6729608842887875,-0.4353826475267337,-1.124311942981214,-0.029498338135039347,0.7915454854653058,0.8712147082510633,-0.9613605286461957,-1.4451774187371733,-1.5199037423629598,0.4886091765391134,-1.0979169970194242,-0.9566252689170861,-0.7796983382689212,0.16337053722678865,-0.28463328825217343,-0.356359109446618
2001-06-19,0.5709904677651849,-0.49698203639031685,0.03773146122987243,0.6527700221033511,-0.7928766151945561,0.3009244768353588,-0.702794404020588,-0.8937032674549481,0.419574161278035,-1.2946911092664306,-0.9185131575289048,-1.2160717785205981,-0.3353752712073216,-0.9929922413427495,-0.8235994454431365,-0.8995787300664835,-0.274390829964455,-0.356359109446618,-0.5674218705983353
2001-06-20,0.5033064956311563,-0.738608700853921,-0.3514661743537436,0.6526788830054601,-0.9805425195645977,0.4447559490267127,0.5880065627503229,0.58491309194621,0.41608894980902383,-0.8749980525728476,-1.3382808880559511,-0.886299246667453,-1.1198925817155632,0.5742380999807678,0.6612678129113063,-0.7958036942338512,-0.02586945196294507,-0.5674218705983353,-0.880201163813536
2001-06-21,-0.27745079348030105,-0.8437382679295713,-1.1216362348110398,0.6593185226099374,-1.0930611111385284,0.5628539445983924,0.5711565197901017,-0.024120692884035563,-0.4963653968653947,-0.798150405943026,-0.17315732985174356,-0.6505013918269246,-0.7282330680832184,-0.4943622709286483,-0.04747799054782647,-0.7038047307623257,-0.7598191611758769,-0.880201163813536,0.4540660000269067
2001-06-22,-0.4887973600575904,-0.8353986776653392,-1.3153051391682409,0.6131943648109316,-1.2256538876256196,0.945518235386014,-0.7462869790735448,-0.22732441297497788,-0.7010800001736702,-0.7975101306623573,0.4716818471746052,0.11255171367246818,-1.04649322537831,0.6030100623080548,0.8304755988203338,-0.5946668079465226,2.094351146844968,0.4540660000269067,-0.3719027744766321
2001-06-23,0.8280590378652523,-0.6717457458839305,0.3344292092383126,0.5462201461253045,-1.3315737198142028,0.34379563956785175,-0.4895118495470324,0.24262428569033237,-0.16090877816996135,-1.2690594457035864,0.2929579857950345,0.39467130658947597,-0.04078041568075458,1.1977035284092918,-0.44515950734610954,-0.670543644425279,-0.7855337083663019,-0.3719027744766321,-0.7910538623270272
2001-06-24,-0.12971157849660123,-0.47133021727651314,1.122491798796862,0.3356629243771311,-1.4169696232291205,-1.565366516023724,-0.22850025955722914,-0.050844779851429114,-0.06799227046948211,-1.4687689648488145,0.0526227304499215,0.46205761207304685,0.6824940951478675,2.508756223594148,-0.8151640243429593,-0.6752190995412464,-0.5992243498605476,-0.7910538623270272,-0.711215304528296
2001-06-25,0.06970095885844911,-0.23636666576608759,0.4179349983431454,0.2540144148022626,-1.4705583042691306,-1.3540890694463499,1.3803387336884103,-0.3129933552920081,0.18492407146596818,-1.0111738826867216,0.2919167187246951,-0.00737779161618439,1.7474347122488303,1.471353828222362,-0.20153715383649287,-0.7114734887209999,0.1844384757250656,-0.711215304528296,-0.7458632410054603
2001-06-26,0.05720021930513418,-0.09249086947091048,1.1576930158074785,0.1754299371447122,-1.4980377438215748,0.2911376053124631,0.589422765652107,0.6427102113653845,0.3669882157133199,-0.821514203064395,-0.06676192883101609,-0.7346322949577563,2.2059313670524174,1.1752801831977586,0.012011875228354816,-0.6116746159578105,-0.3332922027140082,-0.7458632410054603,-0.6914702557694803
2001-06-27,-0.9607970286308924,-0.06887520614911533,1.4735841512114,0.07283352031812929,-1.3997635081628235,1.596880494880445,-1.835527721410857,-0.8003005402987851,-1.524539031374246,-1.5336702804228108,-1.0350116844671067,-1.4209077752767558,2.7286610359141,0.6322589080746627,-1.0740422845945576,-0.6514600147197754,0.4703446075742435,-0.6914702557694803,-0.6363997172692127
2001-06-28,1.135361531566213,-0.07180548121268843,0.6123792799073948,0.0071664480765527795,-1.350520586628259,1.2265210665960167,-0.45923742749386115,0.8983028948182209,-1.584314971054662,-1.6166679915767372,-1.3811644300280304,-0.5156232355064844,1.698256693852335,-0.5262435304828156,-0.6717761543984399,-0.7282615881247753,0.4222568232332734,-0.6363997172692127,-0.5996585574074322
2001-06-29,-0.6552297415427212,-0.04809598770201813,0.06807235431728575,-0.02425811932896212,-1.1256980602407527,-0.6883012327097564,0.45669993186395746,-1.0437798040027568,-0.15614363536948533,-1.0012034810285944,-0.7260154723486497,0.5186884776055634,0.47870133661691,-0.3203145484022518,-0.21807169509505678,-0.6802461407327409,-0.07155832335012792,-0.5996585574074322,-0.5053142029989068
2001-06-30,-0.2110809134180596,0.052586657727175364,-0.3319570894667334,-0.013573150917227262,-0.9802928248320575,-1.9550003929845483,0.7474515541137962,1.300991706163556,-0.010916165726643124,-0.122438446959333,-0.357717512531065,1.7428469051037183,0.6567099763495747,0.04943032000770087,0.9069598591932189,-0.3744406613241182,0.054619103668489336,-0.5053142029989068,-0.2937215780544782
2001-07-01,-0.007490645264287557,0.21205675734433294,-1.0103069262399726,-0.04088367342632588,-0.8851973442019044,-0.5497909447193674,-0.04258245749225394,-1.2897951364721962,-0.0999893606025553,-0.7720374379609228,0.5515610920605633,1.8346511376301688,0.3737477751245911,0.006947906422392563,1.523882818785705,-0.1307282365974768,0.4716826190189711,-0.2937215780544782,0.41033079215752577
2001-07-02,0.5918184656791518,0.38166680572708794,-0.9482781708588515,-0.12371384042695673,-0.8691909946985927,1.466911416545293,0.28198059411492815,0.625851938081302,0.7321573945348938,-0.7120641881831752,1.072406120612926,1.2490341339613404,-0.18635486948156746,-0.09159154565192956,-0.8455912661185327,-0.16589752094898227,1.7273419987133545,0.41033079215752577,-0.6477310094176705
2001-07-03,-0.06774059310517094,0.5228137038681653,-0.08357949742853317,-0.13302341357316633,-0.7030601096380406,1.0446757026966755,0.5502684878747711,0.09023085634254825,0.5430360796377085,-0.09814110888334902,0.8111743223271008,-0.5804146319636694,-0.18135194905355598,-0.48536545798644026,-1.01278858093921,-0.3327728073209426,-2.735774022913933,-0.6477310094176705,-0.9754298819655041
2001-07-04,-1.1986831353629088,0.516093294745972,0.7004495177646157,-0.22826367070686004,-0.532880960372118,0.1280693276902499,-1.659104482325548,-0.6514557647990219,-1.3542752878182498,-1.1599647839526757,-0.33382557873725716,-1.7343196236093492,0.3905152724437401,-2.165270108097197,-0.3007482618872132,-0.35412735336497714,-0.3071710927803748,-0.9754298819655041,-1.1839834004063867
2001-07-05,0.9683140142601712,0.3045206627342179,1.982290181436818,-0.2629427998451966,-0.39372085124932976,-1.2010897362698658,-0.4471647327679439,0.8777232633540779,-1.3469964201803664,-0.7275227829272063,-1.387912174380122,-0.8828204130306639,-0.29444865395155806,-0.3454637704646466,-1.0943509703239873,-0.5898150203599055,-0.6735922660646947,-1.1839834004063867,-0.9435721393732069
2001-07-06,-0.497812367041219,-0.16042730415689752,0.666206093017572,-0.23331464611599562,-0.19290582515626165,-0.7286433964052073,1.2308575148366179,-0.7020176549613175,-0.4490228415631872,-0.11070070196550974,-0.8154870180498436,0.3371281744523757,-1.6083397238482782,-1.4116802331398426,-0.9261619645796738,-0.6844066700433473,-0.3637471121792059,-0.9435721393732069,-0.7701233603864915
2001-07-07,0.8661866270072666,-0.6539364784990109,-0.3959701675629332,-0.19056595288561148,0.002443799225693204,0.5032990133945574,0.7886499110942309,0.2252328759993447,-0.5787133701344247,-0.5337554172200354,-0.11663624740828854,0.38574429771953883,-0.16092479672806387,-1.00884118125759,-0.38690161737812556,-0.6237039231920047,-0.32070687905081596,-0.7701233603864915,-0.7105890535719148
2001-07-08,-0.8249615289105755,-1.0313074567881164,-0.9280935251975595,-0.18204744805089748,0.14939947696173325,1.1057642872299607,-0.6819323558359514,0.3493426180658442,-0.32197891155221064,-0.38415618853665834,0.5809736498737268,-0.06587775147838718,-1.813401565332688,0.4051734457461322,-0.6126059126118775,-0.6815972173817083,0.6520269954945133,-0.7105890535719148,-0.30410877289890614
2001-07-09,-0.386652120362905,-1.1631799719848857,-1.5494442158839528,-0.10726823010722043,0.30958963272879203,0.22730699470147075,-0.573698220394944,-0.7657974754586873,-0.12084926662829631,-0.05847280405076006,0.15888897267355193,0.9234324568834447,-0.944734699290626,-0.024109508460600438,1.1771170246439941,-0.6542438888518167,1.264705138655555,-0.30410877289890614,-0.31197246078409313
2001-07-10,1.7020781472452946,-1.0375991132893125,-1.1584813080458223,-0.1040013558925318,0.4435717066127809,-1.0076253718404826,0.2793469575452662,0.7846663742784455,1.3636120694437757,-0.6894613116508725,0.9084144144119246,1.3997287061641097,1.00065420507863,-1.1310588844327076,0.04870957890500499,-0.4815440028512349,-0.025309323174356167,-0.31197246078409313,-0.6602772000728515
2001-07-11,-0.9996596862925149,-0.6691005288824149,-0.10293810552978165,-0.017208517560346383,0.5658437218000899,-0.5408954525628111,0.30921078712778544,-0.5236743113971337,1.826732308148055,-0.6352369483970405,1.578301012499765,0.7026057104754528,1.6560794858203962,-0.58807033556799,-0.5798476573912799,-0.4485543780937492,-0.8544641457299496,-0.6602772000728515,-0.15299863750993364
2001-07-12,-1.3015251147667213,-0.1319306681679082,0.028558203199451772,1.1605399210569345,0.5995887358903732,0.39622098756732954,0.6201267802797672,0.1551227922267173,1.9820597437141727,-0.2396742240208215,0.6421315000228536,0.1313756421627255,1.549247844403604,-0.0940875610271435,0.5452185219326251,-0.3213659621249462,1.1282735631323297,-0.15299863750993364,-0.2027027809250972
2001-07-13,1.3008509409627254,0.40724720354444305,0.46223610476466165,1.2308269120470563,0.6834402760631513,-0.14910357741315616,-0.8552511897047803,0.1511566333982916,0.5384467661174006,-0.5010899805133818,-0.6950695635323434,-1.3865259816019482,0.6294488771967703,-0.8633772069581306,-0.7999926104295417,-0.6202149279539274,-0.19248029380439188,-0.2027027809250972,-0.273086936197122
2001-07-14,-0.6352466608382299,-0.15013475338718466,0.9791514305884682,1.3005588615657462,0.8318932309285115,-0.7993963947464661,-0.7756879512789655,-0.437113979278921,0.12384494710606404,-0.5794717301193572,-0.23269673536806235,-1.1199915159765257,0.4291019258442907,-0.9300936503886903,0.39016686182929616,-0.6905415056178387,-0.5097765666236358,-0.273086936197122,-0.427572128546709
2001-07-15,0.34380264047843967,-0.13350492598723154,-0.5473229766844404,1.2392857983080587,0.9606202235642215,-0.7368764102846586,0.4454282821675782,0.7064320148575801,0.20096439730728557,0.8843391071811831,-0.20520130193908953,0.5766400678080313,-0.689929575100521,-0.23355427162068573,-0.9064207808099191,-0.6927729525429727,-0.3346392734309845,-0.427572128546709,-0.23802034121729787
2001-07-16,-0.12965558016959472,-0.15337213783000003,0.02853503476443705,1.2381981894756386,1.0661582991610628,0.32422809357670535,0.8243154772229797,-0.8717235500322595,0.4802662575246613,0.8536809529910414,0.5859643530691695,0.35829184914818424,-0.8522692665003154,0.03226467530403085,0.14633567236090564,-0.5144418011729299,0.14087136574984097,-0.23802034121729787,-0.20852288388694523
2001-07-17,-1.1373782130160979,-0.23000508831586786,1.6846057852389247,1.1920410143840428,1.1458763390682283,1.3122134877674494,0.2382162464454576,0.8693521202573026,0.5757249079210325,-0.21686559666436414,-0.4299364094317109,-0.902176261258934,0.1797135540817799,0.2686579524703404,-0.8326910724233434,-0.5959862032546477,-0.14772625141079734,-0.20852288388694523,-0.12745511701701367
2001-07-18,2.147055777778179,-0.3392817749949556,1.4056959059505922,1.194154021888421,1.2058486559169184,0.5168846046004518,-0.3487496638717019,-0.622102856558491,-0.3292898126447344,-0.9050448609847824,0.12959333981376797,-1.815373171629127,0.16745301207771415,-0.18095391206404604,-0.5236471058395628,-0.4573605560535413,0.40258939950527234,-0.12745511701701367,-0.48542940392963096
2001-07-19,-1.6733679068741742,-0.38200883228339083,1.27805085764559,0.9654704790237922,1.136678737407931,-0.5619235802464128,-0.6936449465428546,0.07634374740767447,-0.27051122436215397,-0.40798663219031706,-0.016486163524272592,1.2603173506627836,1.3575957401703111,-1.2511995629287753,-0.42099426158576164,-0.35636445453312937,-0.2826253225278924,-0.48542940392963096,-0.5900189527011557
2001-07-20,0.20924143555811567,-0.3603613347066046,-0.009863362409492175,0.7483729400881662,1.147893479061887,-1.0550729326056525,-0.3603388896153268,0.6631438036621196,0.02105411964789454,0.10104809091570238,0.6383533797038934,2.367761298856695,-0.9837558511316642,-1.4462421654035293,0.17601712099054787,-0.27883115763187244,-0.6775512205418401,-0.5900189527011557,-0.4194195489423302
2001-07-21,0.29331646190890776,-0.16948606130702618,-1.1862876572623706,0.5694383623772225,1.1412387294580373,-0.3645593429465716,0.3671080263088262,-1.3974087312800125,0.3786954436377887,-0.5809743229438252,1.6863674450595998,-0.3603760735861859,-2.0155122673279218,-1.6137580625453392,1.4898796660902587,-0.0369016814547094,0.9237365408066832,-0.4194195489423302,-0.43905499470139214
2001-07-22,0.481484171967202,0.14006347683573617,-2.5979234169802123,0.3395570904008497,1.1166715966393754,0.018809972581916086,0.4598528723687729,2.0597545950037826,0.5165744665899747,-0.5631006503458482,1.462166594476702,0.057173275193432294,-1.4235123142849968,-0.8693587289356831,0.1803035865922365,-0.2051203416194418,0.18014425835079026,-0.43905499470139214,-0.48834891167897554
2001-07-23,-0.48138638644998455,0.591064333066039,-2.327910791302786,0.11367348757670623,1.0676038899315172,0.8706111612755111,1.3905983484032212,-2.5458208284414394,0.9271246424420901,-0.058641503692375065,2.331848408209792,-0.5864110789920636,-1.0852140040115414,-0.9389635841795642,1.0437260201337328,-0.058847841042341156,0.10392910160578485,-0.48834891167897554,-0.4528560699364916
2001-07-24,-0.7488416211362172,1.0690932892059823,-1.0000882314820838,-0.1087049440920072,0.9943665158356098,1.3102517670515326,-0.9262653613122336,2.2623515378244208,1.3582124341368118,0.27123912496622277,-0.5299980751329592,1.2685169458702878,-1.6338743425157536,-0.9959338955532181,-0.23275869945918107,-0.018284311995269267,-0.0684582271694342,-0.4528560699364916,-0.545509336001515
2001-07-25,1.764587701826707,1.0038612115936452,1.4316735352632142,-0.3151362334500015,0.8948251222575889,-0.15956237651964786,-0.48454309858586164,-0.6573472217826577,0.9333929436210024,0.11518813441855164,-2.60142649294071,-0.051347435991225064,0.9160221384010053,1.1785787365762028,-0.6639344580234525,-0.1533814398419768,-0.5597337272120612,-0.545509336001515,-0.6874832684991543
2001-07-26,-2.2627485148079067,0.6107647309920499,0.4322172897933995,-0.47001553666398177,0.7687266630751438,-2.1070970697249685,0.6615560961281352,-1.0627190064815382,0.6748993247111867,-0.5454296726400558,-0.3914817909385338,-0.22969205579584442,1.057902029156492,0.6421325220912018,-0.4222072423025451,-0.06464189255651208,0.12115647818303232,-0.6874832684991543,-0.12816243850409983
2001-07-27,2.0975613802641946,-0.0355925369811878,-0.18031082079414534,-0.662230546212636,0.6125061905489472,-1.364726826261004,-0.5796046764317643,2.120880128023886,1.0102204977417135,0.5695236974340405,0.15486690315971238,-0.16866794216032832,1.4693722845647172,-0.8878651092060202,0.5869663559873551,-0.03162281314479057,1.9784828859933277,-0.12816243850409983,-0.3368419518888248
2001-07-28,-1.0361484539222585,-0.7007593217610443,-1.0086812355513066,-0.843191003908285,0.4253652246513977,1.9436811691218638,0.14938060811787188,-2.3990381153075173,0.8593346585342976,-0.12825891988075752,-0.2595000190352486,0.9414131032779551,2.0511612923877487,-0.9979542919080411,-0.3393888307638233,0.043656928388216276,-0.6134794357587263,-0.3368419518888248,-0.21889669379208013
2001-07-29,-0.3113868152130091,-1.223982874335644,-0.8737903579074158,-1.0206092978311765,0.16756284841617833,2.6449329807703306,-0.6402270699631897,1.944166679101027,0.2694543952894032,-2.5116489769968684,-0.4215817014824987,-1.5574716841255247,1.4748911119471941,-0.6765840029274217,0.17723335102166776,0.05361785174871133,0.2865798219541834,-0.21889669379208013,-0.077483093480927
2001-07-30,1.2010571829190277,-1.4828815888081102,1.1696229306862644,-1.1579454393203692,-0.07270916277085898,-0.9407570151967394,-0.32012480004873917,-1.0869548834309435,0.17875244711817065,-1.7804201429832394,-1.3020617951654467,-2.2788251189417466,0.8788433603635784,-0.3526151665904707,-0.8299802439593931,0.04797298522602096,0.35876596255596727,-0.077483093480927,-0.2584273749942676
2001-07-31,-0.6585884484164483,-1.6375258839102889,1.5759064174787294,-1.1330419845981294,-0.43154603246593526,-2.524331114984031,1.9022636672891373,0.2240479112787991,0.161587508402435,1.24723852689324,-1.9722436747821759,-0.27894818639380003,0.7957280396568549,-0.5633352704694654,-0.537428504731181,0.008718936247958246,-0.4589050132610897,-0.2584273749942676,-0.6042911769613986
2001-08-01,0.4522522848704874,-1.4054422357935923,0.2536746413401435,-1.1811616924163748,-0.70007940733465,-0.24711429405056987,0.7245022361974865,0.3001796622634215,-0.8625561960499332,1.0906694529313998,-0.06145670287323049,-0.775708736642852,2.2821924030825627,0.42135734823945287,0.65430157429225,0.21352748568420826,-0.8753229856267781,-0.6042911769613986,-0.7990561608753125
2001-08-02,-0.392256538930621,-0.47144735902221707,1.0096170712261752,-1.1961261877708147,-0.9342784182667297,2.204809865190558,-1.7960429601694738,-0.1896795505819908,-1.2397129304039156,-0.15831362393447043,-0.4303765706528759,-0.9941675563803862,0.5693227610358692,0.19399446933824133,0.10033118078804684,0.19414778529825416,-0.3394528311107632,-0.7990561608753125,-0.5081186887503248
2001-08-03,0.18998443140728186,0.7206099394181963,0.9714877186983315,-1.1666212707910768,-1.0755461661372572,0.9271339990669273,-1.3268052946759556,-0.11587266580135876,-0.28390508849267676,-0.04316525018515643,-0.7139318054209354,-0.49648534039383835,-0.14944100408091499,0.6583902728748317,0.04726533749054177,0.0033703238398145865,0.312285441586901,-0.5081186887503248,-0.2963313862219564
2001-08-04,-0.027331569251778612,1.5872353929089098,-0.5944495810175645,-1.1351242471366507,-1.2482450230563378,-2.2817836455508207,1.0084028323903087,0.15386805395467507,-0.053456029486161155,0.23447851998746685,0.017323200495673978,1.3476552984563952,0.6385136952691493,0.7525996429311437,-0.10438706269535743,-0.033736944163956624,0.8634906958397804,-0.2963313862219564,-0.1960091033918062
2001-08-05,0.06743769214799424,1.8213408499667318,-1.1247939940684308,-1.068553583905597,-1.11441052952029,-1.282252134895662,1.3264945575909048,0.5159659122326362,0.13727772762413856,0.1270495757635785,0.4849121089161676,0.6006730199304695,0.4519002475709744,1.2313524524011739,0.7267375430202556,-0.09647100642380328,0.05984228480710277,-0.1960091033918062,0.2823583365816734
2001-08-06,0.2467505382592059,1.7602039155578246,-1.1479369525199414,-0.9676487966377272,-1.0642794833927862,1.3816243364375598,-0.490864749247433,-1.5930851645170552,-0.2097068578006486,-0.9008399220389928,1.7256941967702681,-0.02413884790545282,0.9114316284494337,1.0004596125222913,1.578411595061839,0.09095585107785126,0.7372565562248503,0.2823583365816734,0.19373435557424112
2001-08-07,-1.2046290383528706,1.5180236770669033,-0.538430402233182,-0.9104791429201085,-1.155824883641313,1.7421627736631742,0.17809169950353942,2.0104792602112447,-0.631923560544851,-1.1904358740992236,0.7586388526661321,0.25653570246418844,0.5925352680607694,0.9380111546047689,0.2065300027566161,0.1764047121404905,-0.16597315113553757,0.19373435557424112,-0.19974933193285102
2001-08-08,2.251536266569453,1.035307158289134,-0.033242420210658104,-0.8316634703452922,-1.2346990496845414,-0.6583296048090969,-0.02878627277471486,-1.924256477355301,-0.945641586254933,-0.20960520727949847,0.3425939438084593,0.26570489044801426,0.001085149293262244,0.5924907854467918,0.08966400715289119,0.22950206715748395,-0.7448978447869957,-0.19974933193285102,-0.07375910550384869
2001-08-09,-0.5341114787431822,0.543872397843258,0.1964627415079857,-0.6904481112749195,-1.319549011345681,-1.4248903470309997,-0.44377310253497343,1.4298407122628125,-1.6267034364847863,-0.1702939655702347,-0.09844122975919503,0.8355736868054354,0.5405258543232361,-0.5697729705810908,1.2240151615217854,0.34924448377326045,0.14547593208167947,-0.07375910550384869,0.16792649811646826
2001-08-10,0.06256111686118242,0.02989543663459822,0.6993719930186332,-0.5619335390670812,-1.348265314014152,0.11043497476143138,-0.3712367466194152,-0.6773589896489742,-1.3121753394130469,-0.7733617803582047,0.1244205081720649,-0.3786993153874011,0.5841499880941773,1.1091940061194612,-0.43640923018188904,0.2935994505682112,0.34337661762555893,0.16792649811646826,-0.37725798773914665
2001-08-11,-0.7764235143223766,-0.23381498700473408,0.009135628953192369,-0.28652407379130174,-1.2424197127450038,0.9479608275218074,-0.4937715128716152,0.025273385210903943,-0.9097422999645519,-1.0062425991607673,0.6208753868096557,-1.3922617974017033,-1.0706725391878775,1.9958067708037828,-0.49724486826209385,0.21773487202260788,-1.1019053286266818,-0.37725798773914665,-0.35402789630226916
2001-08-12,1.469807284906271,-0.09848257976655844,0.05948215839321988,-0.1198099105839497,-1.1457203857963132,0.25298921829478505,1.067989559996991,0.5559881701796713,-1.053960121661646,-0.9760322289339316,-1.2164733350828663,-1.4534604854149447,-0.013950592869717454,-0.007213025647453066,-0.12649902920645542,0.31901294719023854,-0.03352152372028987,-0.35402789630226916,-0.10311512447772976
2001-08-13,-1.0141404217637933,0.12473296137579112,0.41784011725204845,-0.30773861399050373,-1.6969585675096936,-0.37829696740621255,0.31945180149674024,-1.0422925079178582,-1.3703285317062637,-0.7589776350080858,-0.7516564461616536,-0.7200573737384267,0.10465150067847222,0.17492233745678026,-0.04851431850581818,0.4051900899574227,0.6650930931105729,-0.10311512447772976,-0.2653536459486856
2001-08-14,0.48224174114946294,0.40747732887366145,-0.44584841790366975,-0.18636161877407667,-1.586383495547202,0.49227569606919813,0.16234881592159922,0.7918103966875026,-2.0311442134026043,-0.41682738366583283,-1.563688712015993,-0.3152901605691047,0.32009273608538263,0.6427640014937849,-1.0757522272249194,0.16134609369942757,-0.5313334945015326,-0.2653536459486856,-0.1215618282201829
2001-08-15,-0.46680440781411675,0.5986171101017077,-0.23038432844346157,-0.030473060609275782,-1.4664468880533188,0.28590587295357045,0.16614489349431477,-0.5775712865833337,-0.8633035496508296,-1.1057920998913071,0.5240297653141357,0.8067437214442371,0.2775278790477965,-0.1778508765500564,-0.7828881981644095,-0.007967209588151697,0.46708662297717995,-0.1215618282201829,-0.36804870121564676
2001-08-16,0.1612464889887543,0.49936073433041184,0.09789853086772911,0.08140238163469486,-1.307085671970767,-0.25480565443601083,-0.6779390710310708,0.5579781328285337,0.3185237407014336,-1.4218112145535997,0.5539293755890426,0.49888258339740155,1.4318853222042485,-0.7233284891928001,-1.066063756629222,-0.16192641468340527,-0.50778439822496,-0.36804870121564676,-0.5321754395011299
2001-08-17,0.6875676604544942,0.1201461302319728,-0.3952052997095628,0.1916341346411827,-1.1704036876866144,-0.3720239556803547,0.19278994639298966,-0.7181717418270438,-0.59754549167975,-1.9392674779746095,0.04217464303296661,-0.23028640878341416,1.9616285602573313,-0.767421563752828,-0.38888294201778023,-0.20111636535130709,-0.3208671011216226,-0.5321754395011299,-0.7883762634540168
2001-08-18,0.028872934825499196,-0.4172191474773827,0.5867937437876888,0.278441298800367,-1.0266834236693632,-0.2925952372033281,-0.017898934973321668,0.9411810111520662,-0.9425262158848787,-1.3122495260170106,-0.7911349762275157,-0.7495082520585276,-0.6240857449848093,0.9697521389972619,-0.6860646417804991,-0.343003606729432,-0.7012722096184093,-0.7883762634540168,-0.8429016090999699
2001-08-19,-0.9986021537945428,-0.8090446083917102,0.7381210870117562,0.33627517525284517,-0.9144320862289679,0.24233339136248164,0.24291559236018323,-1.0493254711141011,-0.3490066590940378,2.564584042755677,-0.39109791223694534,-0.2693470000601031,-1.08599648036512,-0.06122655533922468,-1.150557349031995,-0.6142274018810243,-0.5176229029401028,-0.8429016090999699,-1.1083399408766617
2001-08-20,0.710181715898466,-1.055065829655086,0.06660932257321409,0.3993567586970499,-0.7871805152246768,0.4907440551308153,0.8991985085649109,0.9328924238269205,-1.1652382883910535,1.007050642927584,0.6742113723441459,-0.023502388012551573,-1.0873451182180793,0.19768006180052083,-1.2766307399173296,-0.8278809552715634,0.14099163999566855,-1.1083399408766617,-0.8232114482142138
2001-08-21,0.9661134049744657,-1.2526305579651495,0.275003743765705,0.43885633417065917,-0.6286325365842285,0.06376229067586735,-0.3701208012790261,-0.6957521685010911,-1.885524825864166,1.8282805342379953,0.14508600430251709,-0.8397881958300806,-1.0186059250814457,0.22601188795077054,-1.5169353481805825,-1.046583206958196,-0.13837133374968563,-0.8232114482142138,-0.9761239641151496
2001-08-22,-0.8956840725955705,-1.3787036247672497,-0.6064285333118633,0.43983261956034214,-0.3844474039305525,-0.5059388418753517,-1.3460954703520134,0.25200210174491455,-1.6733537176211442,1.9667215250549162,-0.20891217709643461,0.7161463165169623,-1.599766828232271,0.8279265372087357,-0.7405920784153927,-1.3011138513100455,0.21212596664001981,-0.9761239641151496,-0.7710608346082849
2001-08-23,-0.14578437722806106,-1.4400710369822391,-1.3962859505330456,0.45139682217065547,-0.20524770693490027,-0.17007634284875847,0.36434126213439927,0.13420149055226527,-1.0613716373452964,1.643730057331235,1.9044085617129356,0.6466749121545895,-2.1415641558139424,1.6199596440634303,-0.680089894232092,-1.3259722962968736,0.2191315056400291,-0.7710608346082849,-0.9182503181559073
2001-08-24,0.7457668582450505,-1.327605708927738,-0.8373986287566226,0.4267564195380084,-0.03489501969439113,0.2311643984328019,1.6585315501430733,-0.20720159505502397,-0.5096961805948839,0.6412783249136402,1.816169303873828,0.24060834037693848,-2.1038372119408857,1.1910986634634,-1.411532063305847,-1.3703828774615463,-0.4079783656401838,-0.9182503181559073,-0.6770302992877809
2001-08-25,-0.3965129362990977,-0.9170184070128431,-0.3550325421459599,0.421571785836311,0.17025528022951125,-0.04039332706052635,-0.8148500702241833,0.06240625772730464,-0.6535974865973768,-0.7602151700318756,0.9205332813523379,-0.9930089450543923,-1.0676259935737333,0.4689315851516672,-0.8825502868451512,-1.5050279477058657,0.34459978413883224,-0.6770302992877809,-0.5940300251045093
2001-08-26,-0.17625730178720447,-0.234069593092713,-0.4380814323390676,0.40789097284081893,0.39333512699118595,0.22606641857325752,-0.8035282614742398,0.20035035953299168,-0.5989443090467466,-0.7779892823480933,0.2012821344624777,-0.05284392735934722,0.2339504310916097,-0.8259998208465276,-0.13943583858772135,-1.5625528018250974,0.33774390148075495,-0.5940300251045093,-1.044752252731711
2001-08-27,0.8439354078868578,0.3926895288944814,0.31768265776520477,0.3615950442498929,0.6030965501417935,0.5046351986321244,0.9008166031723459,-0.5088388352799481,-0.7988944114872083,-0.6832550368555267,-0.12572194325546399,0.6873698241637782,0.4041664449582367,-1.2226895878013384,-1.05856377308593,-1.6956705982394116,-0.674731540315783,-1.044752252731711,-0.7702770293551352
2001-08-28,-1.0977222262638995,0.8829662850738823,0.6988369416916262,0.3358506865709904,0.8560797939107786,-0.3698896671865972,0.07538715006621786,0.5704558074571312,-0.7892083553736182,-0.8570241479230162,0.057941905739307256,0.6198496912853045,0.360458366228826,-0.9292826464021837,-1.4532257205634542,-1.7504849684562631,1.1178820928891697,-0.7702770293551352,-0.8398360324062895
2001-08-29,-0.043666450858981874,1.2540309717728735,-0.21839098427881004,0.3054422640443948,1.0953632691439894,-1.1587946121506691,-1.0707111931391189,-0.31721295419368717,-0.8459965153087531,-1.0036346718252236,-0.14389000497990737,-1.5951893702003606,-0.32352880012633045,-1.215237785239353,-1.230671285846911,-1.8875538326526122,-0.0968982210100623,-0.8398360324062895,-0.6118089541146158
2001-08-30,1.1171511440914703,1.513847075264739,0.5019598492356034,0.21214962692467876,1.3082202061832067,0.15065631442416594,0.7465659439170581,0.09921537972356266,-1.1862006992401526,-0.7458542741263227,0.10987670367560916,-0.7861754848860283,-0.930871909949502,-0.9887015328917186,-1.101116293833441,-1.9721537222756176,0.6793072503643041,-0.6118089541146158,-0.5605944928728513
2001-08-31,-0.08263630937361308,1.5740869666723278,1.539288122430425,0.18447207625276094,1.4754468127572264,1.3901477147253747,1.421738223737586,-0.09846338556234065,-1.0318601781651136,-0.7484260417203848,-0.19086016087230986,0.2521139314973392,-0.9860893298289324,-0.07314005505983288,-1.0545765134882008,-2.0439565427830084,-0.06948366013263535,-0.5605944928728513,-0.9760080325282848
2001-09-01,-1.549259219368138,1.3509027384002708,1.3472212455654617,0.14873706124124073,1.633042317405248,0.5901344248878018,-1.3582832737224249,0.21631198600388826,-0.9385923908508096,-1.4540372537129955,-0.19926510635237404,0.006705993457779362,-0.5634944607228305,-0.6185222991962491,-0.7831911689345331,-2.0195711128782627,-0.6459414185205585,-0.9760080325282848,-0.6179031613807181
2001-09-02,0.545458747286261,0.9763439492807038,-0.747772763551597,0.10565214600033832,1.7279353311835386,-0.9074389908247843,-1.1555721858750898,-0.41670950035387927,-0.4842828609325622,-0.4218893874136133,1.0675151541119914,0.31879302043614777,-0.41717529489373634,-0.9856503402655656,-0.5440598463299063,-1.9369890171400788,0.581573203237701,-0.6179031613807181,-0.5391909910938961
2001-09-03,0.9955162797852243,0.5170759303611391,-1.4290618420456769,0.08963727654130371,1.7879182046639797,-1.4099649243856154,0.8372747857717437,0.5471318731445602,-0.33858765607731434,0.2707230749733794,1.6173276394880707,1.2276332126020022,-0.1928682289953998,-0.21471181728501282,0.09977545275055551,-1.7134540839963703,0.3118712819408055,-0.5391909910938961,-0.7395857275214416
2001-09-04,-0.23568049599917484,0.08416227100056314,0.06835292137769267,0.054326931875548906,1.9063738364586849,-0.12669472905418655,1.4939453676550858,-0.3299425538670824,-0.4402288189632329,0.09677339471023158,1.0082184220679533,1.3861247320012184,0.31575381639556377,0.4310474579770329,-0.10723599536178939,-1.482945513899233,-0.24514318689869521,-0.7395857275214416,-0.7331742761385363
2001-09-05,-1.1043669764514579,-0.2597844595229956,0.5039090726154336,0.06914738093801932,1.9031961544643485,0.8076333078599277,-0.2142088982289784,-0.06090237977763506,-0.8692837763499771,-0.2616383309930021,0.26266477453191606,0.9022756160003117,-0.33649792306079346,-0.2588201440137113,-0.3118049288260482,-1.4461333695339056,-0.5851512769113725,-0.7331742761385363,-0.7667164114075171
2001-09-06,0.7344355914806797,-0.4256325101720568,-1.604498785798577,-0.05956858676030552,1.9033019868412426,1.3960344205168975,-1.7946817985998758,0.30625124605411824,-1.3145138891872195,0.2741669395232438,0.9561842901354817,-0.30126215995634253,-0.756816064325142,-1.4260405447005802,0.8555913424320939,-1.1728466687091799,0.3180857667076845,-0.7667164114075171,-0.5933125627312915
2001-09-07,1.2994030103307628,-0.4333103017474764,-1.3831934991859869,-0.14983495075903897,1.9713086841232668,0.7092046844304408,0.9254779526732926,-0.15093038142428875,-1.3828496635327714,0.6480014227115076,1.3251625140113172,-0.7289091588630283,-1.5412256404391669,-0.6041394279081206,-0.9012269351910087,-1.1204471248881664,0.8444238400537982,-0.5933125627312915,-0.6075869583757839
2001-09-08,-0.7959992363978318,-0.2944513537495036,-0.028334170009512636,-0.11860294374315473,1.8920221277622689,-1.0489949033580466,0.8887411732224006,-0.34980308235752733,-0.3910385135084551,0.16082738165502608,0.5039127996845976,1.1401207987453503,-1.228092194113484,0.8727145093260026,0.3409981667861292,-1.0660056684822319,0.049235399479858374,-0.6075869583757839,-0.49262207195200036
2001-09-09,0.43369719017563135,-0.16035208016699165,0.8285800643570923,-0.0831159905072819,1.7269114803511045,-1.564130035255026,-1.2215125505826951,0.8260749897448006,-0.0027020739847461003,-0.002926940567386271,-0.6263120958939629,0.6829363248861742,1.38046796686761,-0.45705572800106026,-0.46593288367349417,-0.9783248448683965,0.47931986543474203,-0.49262207195200036,-0.8163548837476967
2001-09-10,-1.643850053148439,-0.07880072780309708,1.8186545046861369,-0.029448536546755923,1.4496305708070203,-0.3646033607056408,0.922134976962762,-0.9711416252203661,0.1861149643165766,-1.7615139853653914,0.39531365866332124,-0.20942943669319453,2.4302314279447135,-1.9427522543686337,-0.4655057656901909,-0.8780435575356734,-0.8212407427718087,-0.8163548837476967,-1.0622203473204044
2001-09-11,1.8171281134769037,-0.08581404522442337,0.17786698978032642,-0.005395794373123997,1.1342515487017004,1.3191233372975049,0.876315300802542,0.7987027739021619,0.09646075367837423,-1.0944564344140633,-0.18849201401645113,-1.2937268312655104,1.0700946055842486,-2.2577767716545725,-0.45668197846581815,-0.6876586052198804,-0.2117185577325927,-1.0622203473204044,-0.7069645107361912
2001-09-12,-0.3379613327494843,-0.22238884037545373,-1.4479434685795187,0.014573174790910151,0.7464082663462243,1.381608723854613,-0.8112540602505882,-0.44652921294410863,0.10479165383851087,-0.6843373477666405,0.17821996625017203,-0.6026346020540907,0.5737011704098303,-1.063686160992984,0.2291256153095886,-0.49833645127895865,0.5254093357903855,-0.7069645107361912,-0.9661430849801906
2001-09-13,-1.0208463683843119,-0.46427741892668206,-0.20532907273305254,0.028598446210175717,0.41148448780948405,-0.027207931040045704,0.2818248341031073,0.008237680178198578,0.3023224659767746,-0.028625100982283512,-0.10628314779512321,0.7464020130095563,-0.10765688242759083,-0.688688630486702,1.5013739800526773,-0.034251038391708385,-0.6491208475450392,-0.9661430849801906,-0.09240329010992623
2001-09-14,0.5974340556747632,-0.6567442637277098,0.5083416600208616,0.9407477533723652,1.1125592469467032,-1.4537344452725607,-0.1561292318380542,0.23267727227344134,0.5885318624477707,1.5574238749284774,0.8371744953185888,0.9848691504336474,1.2353383203759276,0.19132996442752995,1.39046026852334,0.36124297540346106,0.8032848851444662,-0.09240329010992623,0.451445674247223
2001-09-15,-0.31352551636718545,-0.7489185858479854,-0.9906214805014447,0.8295686106172916,0.6652778494943329,-1.5460826353639883,-1.0884142240215335,-0.46688348464114104,0.7599997686256638,2.759618208644928,1.7127768774840693,1.112292790790862,2.1848885934405375,0.4703317341413648,1.844883813828957,0.7807871376538659,0.653580603872831,0.451445674247223,0.9985795442130141
2001-09-16,0.17771400439689952,-0.6584518427155657,-1.331209613522053,0.6797108663336338,0.2916840200154486,0.8110870743316282,1.0390873043413715,0.3220566956715479,1.0559789213461483,1.4593579917934238,-0.1456872420569455,-0.4634713194182027,1.254236113806591,0.02485548170689055,-0.3742568716406201,0.7166874162460916,0.623672344969746,0.9985795442130141,0.3444718258504617
2001-09-17,-0.03776299723749531,-0.31706743244282587,-0.3873956884550043,0.5305118848560637,-0.053414201946316686,1.9588854216124123,0.9611255043502174,0.21167110407361828,-0.0364708209991282,-1.5974649879574705,-0.7046040538942341,-0.9825861694287837,-1.5182386341135703,-0.7742745055509102,-1.3323387328201646,0.5927740743034727,-0.7689204643192543,0.3444718258504617,-0.4518090829582813
2001-09-18,-0.0005610580921215221,0.1636004861087111,0.7507582370355405,0.3436109211527521,-0.36598285634101363,0.08867655301287787,-1.3827699792084314,-0.6858227541741708,-1.1299377420945225,-1.68005383154185,-0.6855732886564827,-1.785484566311241,0.01640083917830667,-1.8484383066220993,-1.47059411301253,0.489409788364614,-2.2234401937400086,-0.4518090829582813,0.405757889948805
2001-09-19,-0.24203637480389245,0.709568168358397,0.8748748753179908,0.12000202536736772,-0.6523177625917035,-1.4403164706254528,-0.8029327862579239,0.9329218795702182,-1.269917611406452,0.9365261801475822,0.13101133306762824,0.022241783939164744,0.40252145423521946,-1.4355264393910552,1.2276740511802124,0.593904918011542,1.8241632801346093,0.405757889948805,-0.12597985106308568
2001-09-20,0.38091498223902837,1.044035754767575,0.2912879960465635,-0.27626425223384204,-0.9138933186061623,-0.6681590286952752,1.7682388324092622,-0.9501835306994789,-1.4123063301293513,0.8382026455514842,0.46097453776201164,0.9080012223705392,-0.1896304066813951,1.2955209725063532,-0.6690251851577741,0.6291606107709413,-0.6367613773012408,-0.12597985106308568,-0.34288602224245796
2001-09-21,-0.36732610443843117,0.9604070428611967,0.2938371365022519,-0.4255992067350613,-1.1784989425031889,1.0872408866487462,1.5072930273259744,0.7860883926883393,-1.138044141776829,-1.0327025055977581,1.0104476313573878,0.5098370210613096,-0.06890019385306774,1.0500373090660564,-0.3999203901708399,0.4832318263330546,-0.40125427830316535,-0.34288602224245796,-0.13398058002837326
2001-09-22,0.2104541828619263,0.5359603980119765,1.195088683369495,-0.6514295765920447,-1.3991981900036021,0.5852516473886622,-1.5152922802883746,-0.40887330046226644,-1.0464664125975498,-1.3267955590549256,-0.5013622734249062,-0.6189708021309025,0.36718855259573074,-0.19702806110509488,-0.14416725347490342,0.6224327713173431,0.31492462180792724,-0.13398058002837326,1.065168053772282
2001-09-23,0.11914240042077541,-0.012244173684125418,0.44435445626240605,-0.7884040463380065,-1.5717492416155538,-0.4286295592682547,-1.5697315041809279,-0.060362560140058356,-0.506157012711756,-0.2503906425309421,-0.010921467560672493,0.2260827663474216,0.6758956932154427,-0.43572592566304646,0.8290393790262804,0.869393255796108,2.13384978250315,1.065168053772282,0.19279651595772518
2001-09-24,-0.3048130508257484,-0.47771563153225716,-1.7833033109365304,-0.8842718731057834,-1.7701606475168932,-0.5325155556950381,1.0356186425316922,0.4698777522707214,-0.32318196402096155,0.594604510301866,0.7647702918275253,1.1016512270354575,0.6891410383246931,0.3249827828053122,1.2638362420139775,1.128444319616795,-1.0802853087889264,0.19279651595772518,0.13925602343045934
2001-09-25,-0.43572746772918025,-0.6748393467229608,-0.4687358959245345,-0.9070984806671215,-1.9562850513260999,-0.06812895568362208,1.1397450412939298,-0.8541293401686579,-0.30684811038493887,0.6148665213548479,0.2274858264459759,-0.12494562975511708,0.24894383250085242,0.9288029913097945,-1.1244766257489196,0.9034990883102613,-0.016735538148691942,0.13925602343045934,0.36477583741070435
2001-09-26,1.9133563992831664,-0.7286969580770929,1.0742665275851087,-0.8998931613696279,-2.1369188635759953,0.7428047562825746,0.627779226120961,1.1746063572949317,-0.4992780118410561,-0.4709782972061304,-0.26181753209405134,-1.2211132340147466,0.21832890769610255,-0.14683688447026264,-0.25086123063255233,0.564011789800229,0.1968811399181981,0.36477583741070435,-0.340964858937467
2001-09-27,-1.4156063689129939,-0.6481444497842205,0.5447177328536162,-0.871455576267947,-2.2802349297176994,0.4241830828717913,-0.8881155490516871,-1.3257499787504738,-1.6047442339035467,-0.7862384769072256,-0.7464641868925637,0.1629494161299204,0.43969633222574467,-1.9097195470120054,-0.07416722651103268,0.16933408487156537,-1.1160984360009467,-0.340964858937467,0.4111718146014138
2001-09-28,0.3141796846300543,-0.37898647105261307,-0.8704802145884192,-0.7924811741587422,-1.8968578779826832,-0.6076392412291581,-1.4971733407891112,1.1339911996660896,-1.0302452648690041,0.6232711743128816,0.3212009467749955,1.4227052853731954,0.18424504822111673,-1.5471300148684786,-0.24227494898777666,-0.48832130431847437,1.5217537612862035,0.4111718146014138,0.5754624771698621
2001-09-29,1.3653852415326213,-0.0231775799055,-2.1794396329435233,-0.7497721270225484,-1.8103519433927018,-1.2303651677640968,1.1300359542315244,-0.6000092123581622,-0.14772369527809606,1.3745737563197928,1.515499661330849,2.2614572609713335,-0.8761971645045997,-0.9771604976314218,0.4677526767728621,-0.244901956287559,0.6418928380445009,0.5754624771698621,0.40731287876336364
2001-09-30,-1.1053438478007498,0.13421151206818147,-2.015181880676126,-0.700618664440292,-1.6115335023487007,0.39973804268128404,0.7229988208546388,-0.17670167539611223,0.8084632627992663,0.9648879495361947,1.2068335463519384,2.0509751569101193,-0.8665669854401112,0.37039620063917966,-0.5914161523064482,-0.1583901588616175,-0.5708040851578569,0.40731287876336364,-0.40476360578875936
2001-10-01,0.9304735887479402,0.0614311079002329,0.003033388781057124,-0.6450201561665405,-1.2887556866486343,1.242770671867516,-1.067171270535161,0.9858817841460795,1.7379965486777258,0.5335399667940354,0.49859864179043173,-1.0345288000682928,-1.587030404638126,0.5446908829273411,1.35294475383363,0.23247157803969143,-1.0624386955467182,-0.40476360578875936,-0.3878344679386644
2001-10-02,-1.1285950473421829,-0.202336550335763,1.6645321258962416,-0.5821202172268912,-0.9321647439436858,0.31184050919126555,0.902003195788136,-1.4756750277624164,1.229848256330455,-0.6253284105914021,-0.85452578973671,-3.0926404841650084,-0.5447052428501928,-0.4828030759099072,-1.1786036940506852,-0.17751656315152411,0.13714531875204508,-0.3878344679386644,-0.2541246235087889
2001-10-03,1.2706767115750048,-0.5369886244626847,1.5633006218760743,-0.5140206380771384,-0.5430082056011216,-0.8280292288194621,0.573636417229207,1.1544508448658775,-0.1084358537656578,-0.5127198564734686,-1.3529627315012072,-1.873078701241463,0.633723730509993,-1.0165056290757832,-0.833919821399615,-0.18983492276091868,0.2455457446462667,-0.2541246235087889,0.8470079213521309
2001-10-04,-0.19449278619352586,-0.8836754052586655,1.4814595294183213,-0.4515821936185501,-0.21931623403136877,-0.9617611800437967,-1.022543836681513,0.029645218446800466,-0.8456741929150091,-0.13405540907834526,-1.7046948216292208,-1.0580641251864789,0.3306172386732734,-1.2375276063615641,0.34034287799712176,-0.08077874461947619,1.362184086744944,0.8470079213521309,0.00014047121054361998
2001-10-05,-0.3943303980017967,-1.0924689190847963,-0.8769730795528327,-0.3591491581187425,0.0709996026427173,-0.49204918619108645,0.172880870647902,-0.7932841864913421,-1.1301192817597092,-1.037855470269846,-1.4967009604008121,-0.9522945189029035,-1.3550810048578543,-0.2884335912153493,-1.1701349923324695,-0.2759544907811221,-0.9004720534793201,0.00014047121054361998,-0.2938083711960922
2001-10-06,1.03506855924792,-0.9160602343480044,-1.640117436062232,-0.17183820814016043,0.3018195974607967,0.65958951740197,0.08540170030076819,1.1064416086572233,-0.9470756889668598,-1.0238419242404146,0.06385042437739313,1.0994914726297944,-1.1117476999632712,0.06404412448457766,-0.5636661419747689,-0.47215209129262714,-0.6685577716135143,-0.2938083711960922,-0.24628407159214685
2001-10-07,-1.603613831526225,-0.2533786164217704,-0.10993751842882216,-0.030499438097025766,0.513467903323899,1.914100346940076,-1.0788975510154537,-1.0675091784438915,-0.41174091182387296,0.15193848022389028,0.1751286789647241,0.20800139989119718,-0.38921865603633976,-0.46299811629618076,-0.45062908506299637,-0.6875309495755201,0.16287443478924019,-0.24628407159214685,0.036619512698322206
2001-10-08,0.7118097740093341,0.6168691510909444,0.3140539572932241,0.040187245232266085,0.6927900949520269,0.6621516775259925,0.1047392468656298,0.561843963751982,-0.5482502068591517,-0.3997817440994185,0.3518031059206351,-0.47705746032828134,-0.9815114453695667,0.20576844653392312,2.296902679806619,-0.20065244415798125,1.209727185080726,0.036619512698322206,-0.5197928356767548
2001-10-09,1.5863156285005464,1.2175258488370004,1.1873448567001148,0.14045241960984373,0.8824489170730276,-1.7365086403178605,1.6228799589338991,0.3902330806964217,-0.76522047835819,-1.590676208136922,0.6212332669106468,-0.9623909673430059,-1.0632391254992342,0.014109914665504389,-1.1134619583829999,-0.37420902677483325,-0.9109552899285205,-0.5197928356767548,-0.7246718950039092
2001-10-10,-2.3996021601281114,1.5471420046452082,1.09133427090956,0.2555071662288783,1.0539097221081553,-1.9092682512529777,-0.6538748552404626,-0.9215306955475252,-0.4745882175418529,-0.5590832044289241,-0.6052208575801893,-0.8326532112775479,-0.2753396533353155,-0.0009173848561027668,-0.3792656504283294,-0.47032331843062253,-0.7324835465450722,-0.7246718950039092,-0.035625976279950684
2001-10-11,0.942894096040651,1.7114885553130312,-1.433862108827731,0.331487054852119,1.2002086364468914,-0.3348207021660661,-1.5565174307652274,1.0885343131724423,-0.9618525703207306,-0.028972515843935735,-0.006805729901674801,-1.3288926531974132,0.045068343814309714,-0.09077671356230364,-0.04706287458918209,-0.45280431915912395,0.8908883089427873,-0.035625976279950684,0.2576166707873631
2001-10-12,1.0889976691818721,1.6966711300275739,-2.2641671714657967,0.3143639985471393,1.110146882514535,1.442864587357298,1.3483967370359566,-1.0783238256883763,-0.8182987871465006,-0.11119968840318417,1.3812198980379842,0.44096411857864914,-0.4232185258708062,-0.1627222898371253,-1.1926348837991523,-0.7316401312318874,0.40782889445130543,0.2576166707873631,-1.1225484331954174
2001-10-13,-1.7007457253995155,1.4622015714976913,0.22707278038079423,0.3343639487543185,1.1591405885528223,1.8617459969882173,0.2525640558475953,0.7699757115795355,-0.6655261571260584,-0.6080178427709078,0.1780800840672479,-0.2306723531034646,-0.4006419369206,0.09668463202821165,-1.4784080614488386,-0.8487832960287013,-2.217639749560975,-1.1225484331954174,-1.3129799004904992
2001-10-14,0.18051457022995201,0.9555552512819884,1.1333152734054484,0.33373659098153613,1.199103804468999,0.6091894144278518,-1.0980644236304993,-0.02686297128495149,-1.1075246849306455,-0.968310694200362,-1.376415928390174,-1.426904993235771,0.2672832711248791,0.2640385067484628,-1.3621807852930812,-1.2529340582816326,-0.25330651634417617,-1.3129799004904992,-1.358868608898501
2001-10-15,0.7444696665528843,0.25351991035715254,0.41789234098955913,0.32015276382836166,1.1793142403040626,-1.3230102746865855,0.07667397323330614,-0.3511895501553321,-1.30320855570258,-1.4169594719451208,-0.2931207183306737,-2.123105102250922,0.5028591603218223,0.21618054296345665,-0.6642335242941386,-1.175473571095413,0.14578592699964446,-1.358868608898501,-0.15224925954807164
2001-10-16,-0.8572919698731615,-0.34728949015874233,0.02034686346194178,-1.1910330461007472,0.7007839526829844,-1.6227134602565603,0.1645779976231832,0.0969428268421927,-0.9780398878276375,-1.3504758596215567,0.5534285015685557,-1.005142249137771,0.5942461687944409,0.6800525800272775,1.3482579694741514,-0.7850544617458645,1.7636088252446849,-0.15224925954807164,-0.43637323881967494
2001-10-17,-0.07657682264561111,-0.6945570334713436,-0.35504398158051365,-1.4061966206022418,0.534798610195726,0.018302106242954728,0.24457325601936544,-0.030941683038603448,-0.5339682352272186,-0.5386521534468212,0.8006312413783978,0.7651263829179474,0.8678494215696944,0.679711711713361,-0.6607938966716067,-0.9357695165633402,-0.5898872914167589,-0.43637323881967494,-0.6329478409900806
2001-10-18,0.6037542034140517,0.0645033506136213,-0.6543618284961684,-1.5811481519346702,0.30987819490994983,1.3644346589614382,0.37074379039322525,-0.12405687586334185,-0.1988212067133867,-0.35719277439294356,0.9379255500314287,1.5054357857294018,0.5328777554273295,-0.21754604036628214,1.3651765622739045,-0.5131441913414656,-0.7861242418033284,-0.6329478409900806,0.4294059603056978
2001-10-19,-0.23798520404566453,-0.22367694227728407,-0.1396334409381275,-1.832240596058204,0.049477131453333226,1.006643078542552,-0.5810481468740034,0.3206586623354556,-0.1108391481972142,-0.26675730555056326,0.39232039543260755,0.476340396889124,-0.06025071616684424,0.17022722765106213,2.0484814109074256,-0.08907185878387863,1.31948041155317,0.4294059603056978,0.55600856672079
2001-10-20,-0.5643161324742118,-0.5370239868302267,0.6621124556985261,-1.9707656445320736,-0.24442886243677794,-0.5399716954145131,-0.27423003426601544,-0.3647938632908062,-0.4076329144582728,0.2378003789564048,-0.5471919536721536,-0.43692814639177313,0.2605696830454184,-0.6539024869004592,-0.4230154354877949,-0.06047415908220349,0.08503927329786964,0.55600856672079,0.3290991478219286
2001-10-21,0.3261130927584949,-0.8809745285567885,0.6328596918995246,-2.079465646358202,-0.5479843352232546,-0.8868235814299298,1.1015610540467051,0.32699307115896303,-0.713763440451698,0.09647757053481165,0.026499805138411103,0.267270887655436,-0.328676519766981,0.08049402987064488,-0.3392376461283775,-0.4993765215043463,-0.41229077451665436,0.3290991478219286,0.8942321208871026
2001-10-22,0.41407901422039056,-1.1950369114839197,0.1978159298564147,-2.2193452239062603,-0.8363489867387113,-0.2863974838719699,-0.37397417180560216,-0.2213989334652718,-1.1883671309404176,0.10711827110852348,0.9019927504537626,0.6095391270801654,-0.9784444177713457,-0.3393995545186311,0.11620138084572325,-0.27324179546780525,1.04341338009993,0.8942321208871026,1.656723608212153
2001-10-23,-0.10753051723123473,-1.384338376226571,-0.688514461188574,-2.2984047429298284,-1.0540624544138453,0.09091381857242965,-0.9879067611768299,0.13847419723425258,-1.4414156645064016,-0.3518471086909311,0.9436792980896408,0.8684523092608638,-1.9881738429244802,-1.185463148180942,1.0517887064882867,0.05295623100452009,1.0203825580745285,1.656723608212153,2.0506652307259796
2001-10-24,-1.3490063570381337,-1.417763247617125,-1.0711585013198772,-2.282675886590474,-1.223431006065511,0.4819898358184354,0.9697964223729423,-0.08570239462769863,-0.9732315803333692,-0.32817461301554773,0.44101621180395234,0.7935186470055365,-1.9095064292526964,-0.6434572596958998,0.6184156691276396,0.20694292032821276,0.1266414747745383,2.0506652307259796,0.9037772826927871
2001-10-25,0.9977057904459677,-1.14128525407791,-0.7205365536470377,-1.8968576572322262,-1.292613154305994,0.4035293850980407,0.6570881333516341,0.004197997668986776,-0.9283893418704262,-0.34429120905501237,0.5602542367406498,-0.6352785464852682,-1.5986792425427303,-0.7846299958170465,-0.41340423908630236,0.26336346338269084,-0.7988989000473027,0.9037772826927871,0.8587695825640568
2001-10-26,1.2546430212785153,-0.4777953944318497,0.26779071352581435,-1.4709826065343412,-1.4105037098316018,-0.09454987508609335,-0.39052662238988106,0.27383922068079447,-1.0393849925160228,-0.19912884887945786,-0.3972536574170645,-1.2325869074571747,0.20231191176785493,-0.03247202012827349,-0.6279521648157693,0.3728485695315919,-0.41384321433239757,0.8587695825640568,-0.019255085677769113
2001-10-27,-2.105088261789819,0.1842093561135572,1.349508363860844,-0.9177095857978922,-1.434488364427215,-0.4709263915332097,-0.536662885814703,-0.6908233018712046,-1.038140462817259,0.6749830472554745,-1.8883294871108152,0.38169828481174456,0.09014110847607486,0.6154567320563532,0.23865149263777072,0.7371206234892976,-0.7752693327311059,-0.019255085677769113,1.365561211964189
2001-10-28,0.7990162012863803,0.5985936034174953,0.6867266969479486,-0.373884218842854,-1.5332498429517931,-0.0020089060888900767,0.02875146419846884,0.9219020304356951,-0.6413430675577343,0.5622014397549986,0.276872263774505,0.754306775330924,0.17414177181849155,0.39931527885462714,0.7066546225428811,1.0360747759580422,1.480576694260489,1.365561211964189,-0.11039716602169687
2001-10-29,1.3482565658774288,0.8234343668142965,0.20030973801646917,0.11764070083446655,-1.618412476362,0.3444433006827598,0.5488497139383496,-0.913106503630735,-0.25590426937191024,0.18754412378908117,1.6073469601412829,0.6318657408607646,2.1295009387523054,-0.47265988605140014,-0.25528323216735505,0.5811609782823706,-1.7309879731066067,-0.11039716602169687,-0.25297622855818447
2001-10-30,0.16990129324647985,0.9539206235457282,0.903602769105759,0.5426190500365059,-1.7238172362374817,-0.21481533635105773,0.5222540408208086,0.6773467970928695,-0.5157733608152706,0.3599855398565994,0.74097478960018,1.1960838613674698,1.9061740542850132,-0.898779897966083,-1.212848020556118,0.23900199390639745,-0.20153344804129716,-0.25297622855818447,-0.3100268129440195
2001-10-31,-2.4518324496728243,0.9800807134140119,-1.4366971468582108,0.8970019953265083,-1.796875193655787,-0.5556421627247295,-0.08792534337944251,-0.3000905276891606,-0.5795848443887119,1.8573086379400372,0.6641688011340622,2.0315477513136355,1.090970735605544,-0.9731135371185766,0.20321772194021356,0.06674349472044318,-0.07251047361519956,-0.3100268129440195,0.758339144883047
2001-11-01,1.6092774375382708,0.9523227585298446,-1.9524788064411538,1.1952711311956146,-1.8338729860229632,0.15344139696538223,-0.9435672401561067,-0.15558864833404074,0.23851733394466082,2.263905902242978,1.022065376664345,1.8927180807221804,0.5561025802416244,-0.1782269532324737,1.1492088353741574,-0.043261816680324514,1.9724825477407604,0.758339144883047,0.6237502946593367
2001-11-02,0.677780655373436,0.7877513932199953,-0.43770010476258364,1.5055841694015517,-1.7872152774522279,0.8529213697357791,-0.1517153300455792,0.6226895211060471,1.1199329408051477,2.031507837819518,0.610408667701241,0.7445357789150175,-0.26356756607812315,1.5540193996057317,0.9426092431657012,0.20013093849895985,-0.26416344851077295,0.6237502946593367,0.3937193292350345
2001-11-03,-1.7056010591210604,0.6595241018057827,0.45222067819100187,1.7209217398404306,-1.6493659233097642,0.18663714805091458,0.8415773680997577,-0.8850687845490232,1.1520150986310291,1.6917921503476856,-0.08915404776317551,-0.4502957170731235,0.9032453389681164,2.3027439460238153,1.0231009232694086,0.49511972500126,-0.11987177997543719,0.3937193292350345,2.33971885773686
2001-11-04,1.23262990650564,0.660806871104628,0.9303118487107974,1.896384538163568,-1.4350652087997329,-0.7571316713801741,0.5452769982778665,0.733182478154522,1.445841926694691,1.899468755335632,-0.6157305466989889,-0.3850702064985143,1.366436633564954,1.1898744452293113,-0.0022904754906824506,0.45827083946358105,2.3790680710616603,2.33971885773686,0.5471390420377483
2001-11-05,-0.2696413552872997,0.6662483507288935,1.7928643421507633,2.066190444170195,-1.0723507532597738,-0.47289251456723275,-0.02784305261693338,-0.16106233557432806,1.510210321151581,2.3875952191827263,-0.3906526287256061,0.739832963386404,1.5227448557250325,1.0442982467907695,-1.3760703851380005,-0.081915549149799,-2.181950266015154,0.5471390420377483,-0.22179292870047387
2001-11-06,-0.07903830754396474,0.5597829412047598,1.1372475213017592,2.18557953647173,-0.6905597571068803,0.3289369616680006,-0.9563537123993217,-0.4620404546307033,1.5510154365916,-0.457636111050718,0.22731765168698653,0.1857455662386336,0.18279449436462059,-0.2835184075577013,-0.9085742489174666,-0.4374435812104628,-1.1942587176610895,-0.22179292870047387,-1.0849000032675213
2001-11-07,-0.1095884832559774,0.29271791312628365,0.5849401947976232,2.243908637781399,-0.2838570237351869,0.22517323230612482,-1.0054062958202181,0.9265914619887182,1.4331902742056901,-1.5202462350212775,0.4265391172619877,-1.0674267532149833,-1.0207394924409425,0.02859256752849462,-0.9373312898985178,-0.6256434324251496,-1.1997289859242302,-1.0849000032675213,-1.0030796371990978
2001-11-08,0.05606508872887754,-0.24005310844614178,-0.4833515054908307,2.308347398860429,0.03246868663664936,-0.02698969806083413,1.2114531080988966,-1.2216869071828154,-0.7131976789734324,-0.9863071799394236,-0.9080945074360989,-1.5224902113200915,-1.468713693206766,0.5855843748430665,-0.6641228931308459,-0.6076312950454527,-0.3897144787827364,-1.0030796371990978,-1.2713231266779654
2001-11-09,0.06742250014848719,-0.9529601047008759,-1.4957196322257662,2.0964325213917374,0.2021414134849395,0.2501508978844671,1.0533869242839817,1.5120559693600526,-1.8137952004722924,-0.932623642909435,-1.4979033182313515,-0.32594679359900164,-1.7513478914601839,-0.5237551551880175,-1.069788297095647,-0.8710540337711242,-0.12830631117449692,-1.2713231266779654,-0.892766671679816
2001-11-10,0.3250985207744394,-1.585119895867575,-1.3474288128529772,1.8647254927972237,0.3362060437451127,-0.011625835370441331,-0.9432928465382575,-1.5065374534777756,-1.3604783882046538,-0.8796272866430385,0.34145596433170783,-0.2245707508136705,-0.7966682902554145,-0.9191469817225544,1.1517955981617214,-0.6937752978776365,0.18129324410814737,-0.892766671679816,-1.201113018574484
2001-11-11,-0.9704843764900998,-2.0498781459111277,-0.7544148550097187,1.70329848837321,0.5105554312025992,-0.8588717694771467,-0.5184391097466078,1.119987665325408,-0.6470023015536672,-0.13434457710802153,0.8157334889407449,0.8907889280485582,-0.762404775211983,-0.339920219584494,-0.10380518063746658,-0.6808980034971114,0.21353864301835856,-1.201113018574484,-1.1588799665781582
2001-11-12,0.42966811549408007,-2.1348610069824114,1.3604250924307453,1.475146060077073,0.6645112637877243,-0.13145871687237567,0.17513056077812225,-0.6983111587354629,-0.4962233674566081,0.0882143556816299,0.6778316973441418,-0.08338061895598432,0.3222904172549685,0.6595255497330499,0.40201861446484477,-0.16135347849919413,-0.7333263138103611,-1.1588799665781582,-0.8806274712260622
2001-11-13,0.6087545904836208,-1.85952201331312,1.0935750738903212,1.154963962054754,0.822664602962233,1.18571933777371,0.20446554575276452,0.3189549147790419,-0.5708504782892524,-0.11403895502161038,-0.18407307292420377,-0.008924574762861084,0.6440544684368551,0.17184245482017071,0.2105712376809491,-0.12572563344084947,0.8859948886999879,-0.8806274712260622,-0.5304000642239985
2001-11-14,-0.4919217789319768,-1.2710427299916713,-1.0985517297502714,0.8339602472885512,0.9739331432441427,0.36377862430074714,0.5418501773602651,0.06527111889972102,-0.6474554029235805,0.3266079536812175,0.005943797519588955,0.2838006097609898,-0.3732974871718731,-0.17626453504563905,0.11144545742483619,-0.29850637588180645,0.7944427840038136,-0.5304000642239985,-0.12882931876372897
2001-11-15,-0.484016733129183,-0.37735383845767634,-1.3199929440381835,0.49902450273712146,1.1315603119887145,-1.1174904720509267,-0.38071638581809236,-0.28802102271303165,-0.32341823491073024,0.280958273209112,1.35278203594131,0.7102901198147109,-1.5314565486309142,-0.5091045222058965,-0.24836405103794781,-0.4936131994546807,0.6973613650751103,-0.12882931876372897,-0.8500798530026737
2001-11-16,0.08106302453825251,0.7830491929265863,0.29147487391981414,0.15203510875610118,1.2687668619825867,-0.8100589188658883,-0.6604882515838267,0.2122908664863325,0.08305069159172418,-0.04119080384685129,0.7790150746421144,0.741738678508649,-1.4445775614126097,-0.163465499451907,-0.6135332122483401,-0.8485290100317148,-1.0954930563813292,-0.8500798530026737,-0.37021906050615594
2001-11-17,1.1542155058907846,1.8308857194095263,0.3172238580562047,-0.8320545898420156,0.7229258797971031,0.8259461648847856,0.6155226465169412,0.15560363682906778,0.025983695953658494,-0.508135934109539,0.3399589145170792,0.9580279762927685,-0.5815203423951341,-1.1663362299605835,-1.4770601184618097,-1.0624118803808746,1.0966283231834184,-0.37021906050615594,-0.28792900279649897
2001-11-18,-1.411767079356059,2.190284994177962,0.6569502378346832,-1.0990961455548462,0.8742081019636001,0.15719421488076088,0.32337485589652026,-0.25995793015196134,-0.03343417743690131,-1.1668866442951016,0.22298653544375616,-0.3458748877730912,-1.2932049140627255,-1.5903575862726036,-0.7733632669551871,-0.8370432538662971,0.3935486532544521,-0.28792900279649897,-0.7019856365474891
2001-11-19,0.16765824292365306,0.9676036728923805,0.7434355898226003,-1.3342655156301573,1.0966291870581875,-0.2770054262845529,-0.5220193313585287,0.22794447009232174,0.3714517681636051,-0.7480779994517551,-0.04763706752384495,-0.33860432313936045,-1.8681335104975099,-0.4208588653999897,0.16327767050422204,-0.6621481193877347,-0.5686426123529388,-0.7019856365474891,-0.7564610417315805
2001-11-20,1.3025475600745133,0.6215214139352642,-0.9333894387069781,-1.6337060117947515,1.2761069952151654,-0.045151752666184077,0.4362143416400806,0.11775184942374116,0.667731980954072,-0.0923757385602209,1.4010783553264081,0.37192306828239663,-1.052496567462094,0.14196126689206645,-0.25075298048564676,-0.5143540902951019,0.1502915792775658,-0.7564610417315805,-0.2571407489174223
2001-11-21,-1.3266712878186138,0.26444006339730797,0.16780969685747257,-1.775501863106481,1.4432314781257125,0.4901410759035134,0.10115571295830991,-0.7584007830048647,1.3923987725706715,-0.4233605450722934,0.9983177154632458,0.8466455406097662,-1.1141318942823955,0.3095776225547494,0.03225913556807926,-0.360807456574771,0.24509626246416727,-0.2571407489174223,-0.007138248793494609
2001-11-22,0.40556519987848577,-0.08468210132025798,0.7135932880509442,-1.8597840138619484,1.5491394829503191,0.41570068580063,-0.680659666306677,1.044104599927681,1.1138527930765314,-0.4967845551490909,1.3517197044238982,0.25063131596486715,-0.879038748565303,-0.05350802720810856,0.04968313236823076,-0.13889320304803351,0.3535746102695527,-0.007138248793494609,0.8074212476273929
2001-11-23,0.05174835260928991,-0.302708609301836,-0.28103584475966725,-2.0141249598809585,1.5664644221775885,-0.1990162816099581,0.3057224711777128,-0.8393969892535519,0.24839472417961111,0.4960452598915956,1.2694356412924424,0.9098332232269633,-0.5111934829667536,-0.07072131755473232,-0.40318234194792885,-0.33877879239192066,1.02858595846107,0.8074212476273929,-0.22864923597006212
2001-11-24,-0.3056237107328516,-0.46425071610029406,0.43282261185506304,-2.0217083584704585,1.4982384028852804,-0.6284346036748356,0.3667437703319629,0.43690028976303685,-0.5680921862621299,-0.10160252723590966,0.794384839032616,0.7057568870457246,-0.7062344354101181,0.11722974534915104,-1.3979340466034622,-0.466744702245018,-2.3406424034914126,-0.22864923597006212,-0.6060375958858939
2001-11-25,0.02907440104014028,-0.5221140646712669,1.0923391922432018,-1.9571094684815658,1.407080879021461,-0.7971760301796044,0.17153769852598025,-0.06129995473735845,-0.2554017947296314,-1.583108029534519,1.3864126533967223,0.7417511063294828,-0.9227112683546773,0.736886138027013,-0.7653090830261768,-0.6362134274917156,-0.5632530638740926,-0.6060375958858939,-0.8546895996633344
2001-11-26,0.9321818993474054,-0.43916239472568885,1.1235396019400279,-1.7967553367091444,1.4050981965315554,0.10360097877498076,0.013259568387002837,-0.24825152024004404,0.932502936126596,-1.9268396622070074,1.9008620783775825,0.4317262335074835,-0.5916097985001015,-0.9573816768086589,0.8804036544432603,-0.6053691288558352,-0.5437118143222167,-0.8546895996633344,-0.6439480966045735
2001-11-27,-1.4767916283209783,-0.2285694350721884,-0.7459051054169371,-1.6198398250204695,1.249815593068331,1.1984431310295962,-0.21159177305480364,0.4738391630141745,1.6831375288633628,-0.9989827606845774,1.185002114637197,0.9638708240308802,-0.3252964254036681,-0.9626200203837763,-0.25483819927967727,-0.6295941452219026,0.29386821237796185,-0.6439480966045735,0.8294317315572943
2001-11-28,1.7806789893536115,-0.00836837667011819,-2.3937997981057353,-1.415037187001853,1.0614121746871745,1.1861680255600733,0.4373241106544432,-0.5623948869672339,1.0503238261102,0.8564369453515488,1.620932325780336,0.26646808157255725,0.019296818272858014,-0.5326610509606895,0.25129344103758977,-0.5878471498252439,2.897096179894026,0.8294317315572943,1.9605305244685436
2001-11-29,0.8074049158859928,0.18176106597866035,-1.933407709349713,-1.178162519337811,0.8906224770505714,-0.7236875679522955,-1.366170361529895,0.46240739713270973,0.4952864028109103,-0.029057170478686563,0.8162226031633941,-0.4053077375577424,0.09634506703600146,1.0037980714641337,0.7037986563448563,-0.44681650793150923,2.68641199019858,1.9605305244685436,0.36088449186512245
2001-11-30,-2.1174759336671145,0.383572611314219,0.996185620479515,-0.9221017093660063,0.7146542387356801,-2.0532689395481447,-0.14926475292955368,-0.2750372447107168,0.7884161418031573,-0.6818261514346872,-0.3942989474931997,-0.23732141401761836,0.5644620960270659,0.8669907321822815,0.03054807549875021,-0.2799194168275541,-2.047333170920653,0.36088449186512245,-0.10778288707475936
2001-12-01,2.258426716805541,0.5801386039754289,2.341250539295169,-0.6425789286304603,0.4838751423409328,-0.16344102126628832,1.9110713294471988,0.14144321953067324,1.2555023122694122,-0.14546244971911562,-0.5391935512966941,-0.5183704929715667,1.6743454211149609,0.4527749155866557,-0.9051594295420752,-0.30741764186742115,-2.0591266170644307,-0.10778288707475936,-0.44142320407540186
2001-12-02,0.09793017791072983,0.7816128998057861,-1.0568143609332492,-0.3645867808464061,0.2957051217022382,1.486391806720792,-0.4878485513132021,-0.1723814286633944,1.5432305588020927,0.4678058937893514,-0.8656073632725443,-0.2600990626535436,1.0282219119973592,-0.6321609277731207,-1.0987809108215147,-0.4506956286947806,-0.4966680000382333,-0.44142320407540186,-0.5744431383126927
2001-12-03,-1.7992432496887305,0.678594928569492,-1.4908646217245693,-0.07628216208703915,0.10001821503563364,1.4961570497727787,-1.562042780115167,0.3772658243853457,1.3814655093534762,-0.4253497305636719,-0.6198649419134817,-0.7909441714998887,0.039258205266249804,-0.718428011911137,-0.7770974888481035,-0.5211314184850317,-0.7750434758461228,-0.5744431383126927,-0.6048573635165305
2001-12-04,1.271215582864476,0.3524251546823069,2.012549864119433,0.13794505738814838,-0.08537251439142021,-0.8813708976686456,-0.6763667207438696,-0.7787829783217174,1.0611057320092878,-1.210130889883752,-1.6765647769937486,-1.2692484241812345,-0.9018183290757473,-1.39856687680952,-0.8823478422232618,-0.6690977212869677,-0.3849673043995047,-0.6048573635165305,-0.6133930013065206
2001-12-05,0.8540724419805372,0.11074901964443924,0.8674726611464637,0.42216035077423875,-0.2883090147541778,-1.2681649009106397,2.2999801261123562,1.1698525802960003,0.5414591890533558,-1.8008205210137282,-1.9083833742705882,-1.0418057363874402,-0.5218179192113728,-1.5025893338498701,-0.7873293834402508,-0.767113896161558,0.23795913832468868,-0.6133930013065206,-0.6316987539059937
2001-12-06,-1.9998946021942716,-0.1147211718459356,-0.00724945075061291,0.6500352493972729,-0.49761705126626615,0.6174428899458152,1.4115376715443035,-1.200910229623699,-0.14113423239256162,-1.025389757407936,-1.6983116080447271,-0.6926081425390619,0.1751861584904619,-0.9549309031879255,-1.1929566035763985,-0.8349044284689748,0.33195549901262716,-0.6316987539059937,-0.6622941332063025
2001-12-07,1.636440580313511,-0.3355233671870573,0.37573170695554664,0.9093947327017278,-0.7037160641982996,0.7405480863669143,-1.9252767617427016,1.1167459221150307,-0.685161946350821,-0.44728851121209645,-1.0678488159139812,-0.5618873396530584,-0.4536544651624959,0.739685024296886,-0.2639571380244185,-0.7186067226230802,0.24140884424775083,-0.6622941332063025,-0.44006014376221986
2001-12-08,-0.12730497757159034,-0.6625997842225775,-0.7531247177542741,1.1626644825592705,-0.8648510432409422,-0.8853790271979982,-0.5026001568119772,-0.9588401596001568,-0.8579338131486113,-0.19104332571687127,-0.1260600521061276,0.8111829914780767,0.7814615360800947,0.5486202265370642,-0.14140175802096566,-0.5985417933114756,0.5197875652566719,-0.44006014376221986,-0.8853845904511474
2001-12-09,0.3383589490314741,-0.8817759562424469,-0.3274640209423663,1.3443507673586075,-0.9906920739173508,-0.7083169264736774,1.612571865633364,0.6075446650885876,-0.9499147702026495,-0.23485764823854366,1.0639983379925864,1.9832716261793393,1.0886507090294846,1.5200742379928458,1.2013124179974957,-0.5958370927115666,-1.2845733597667943,-0.8853845904511474,0.058853779570175555
2001-12-10,-0.48032619513916214,-0.8214546873763573,-0.3901909004536991,1.4841485373183292,-1.0842011516247507,0.8551944316861946,-0.3555745506779424,0.44055025478362003,-0.34309944183735713,-0.8974910943063594,2.268966015310455,1.992177624953718,1.9218585394606367,1.1797410604886234,0.3789159954910641,-0.5430651591540879,2.9714745695444824,0.058853779570175555,0.21572931552671104
2001-12-11,-0.2459582938701503,-0.6573519261075736,-0.9475338759519742,1.6154139390311861,-1.1617128356813382,0.823615380489728,-1.0941853575930098,-1.8069265159326267,-0.1429630709324646,-1.3014440006342092,1.7531636368621848,0.17581265525031944,2.110990129037414,1.488602717158863,0.009314148917739896,-0.5634897281311835,0.3690473899067726,0.21572931552671104,-0.015610794240362103
2001-12-12,0.8345716291414196,-0.4589691932039172,0.5250930728981363,1.5983684717554034,-1.2004090404167513,-0.3998625842722584,0.9089644723998845,2.449251410161939,-0.8830410308113754,-2.0873975238592783,-0.1958220758564106,-0.5370386901073814,1.8621507715757883,2.6032038272549496,0.5801245643242212,-0.5923122198849863,-0.40173385516729065,-0.015610794240362103,-0.18713887036014232
2001-12-13,-1.0186598333046708,-0.21936083888648564,0.132158304350917,1.526973827609379,-1.2202960861106396,-0.9432440506806316,0.7847599508609039,-2.215412870334268,-0.7586883499371878,-1.034239366236563,-0.67038018968622,-0.47851647060053554,1.7285977809412534,1.5284542401782426,0.01421743968488317,-0.6390490259189885,-0.639476768798535,-0.18713887036014232,-0.43096558879487834
2001-12-14,0.7474758675971859,0.10845477758067945,-0.2890423996876734,1.4128721252445455,-1.222872539251391,-0.20391154046622859,-1.1922428133998013,1.4343971798443769,-0.6877977436308151,-0.578066735054067,0.009648407910945737,-0.03549400890517584,0.8730335051920134,0.20178028378238785,0.6289291313155494,-0.45193144602637225,-0.8763183723578073,-0.43096558879487834,-0.2966830070627914
2001-12-15,-0.5770725199262884,0.31528733715701196,0.2200595818506052,1.259371644773889,-1.2200911382967146,0.9652224546315951,-0.8454100655162965,-0.6021637858135799,-0.4800673763048757,-0.9835496530456679,1.1262234747261064,0.7812131689701174,1.0248272629525406,0.23515617145149972,-0.5482710763736032,-0.3673749829551122,0.5757689675306108,-0.2966830070627914,-0.2757806607922322
2001-12-16,0.08854444305772144,0.4010060106607158,0.3384590040423103,1.0983740174235634,-1.185249273164627,0.4623997772585714,1.4003178145402202,0.14240781193229893,-0.06199134388575736,-1.0392743139206473,0.935144927357934,0.9737004565938798,1.2640533953608366,0.6686665571916841,0.07109897603188835,-0.22526031382588302,-0.03249103992707392,-0.2757806607922322,-0.027770012539446526
2001-12-17,0.6914497532133363,0.4616024466700113,0.7274944884305019,0.878563399713749,-1.1056698314103295,-0.2438450475767102,0.18868307338693466,-0.28419956311703765,-0.04054643423961314,-0.3907995627692067,0.05815799342013221,-0.47215054434821513,0.9869094910035174,1.1586706581751751,0.37558130738772105,0.017159159707467092,0.507318179349029,-0.027770012539446526,-0.24185578790543732
2001-12-18,-0.8512627766553854,0.3904841557300626,0.4310123633613545,0.7169929670922357,-1.0350781372635158,-0.6241360288835068,-0.07236836006891095,1.0744224110617675,-0.39647740459253555,0.4628222737977953,-0.046431746114360295,-1.221051990226511,-0.2558202056837923,2.9138736624688497,0.7509983342207605,0.2690330807350675,-0.5535898151956276,-0.24185578790543732,-0.21970528253281985
2001-12-19,-0.27634827472096046,0.052676347873261406,-0.81563536684141,-1.1672504660048613,0.5722858928005075,0.08679270106897044,-0.22830349209259923,-2.3439997965985984,-0.022744905143634156,0.8281612870644669,0.7890225728408714,-0.1160163212026558,0.663858489230492,2.257216301808816,0.25589165839256967,0.47814879735756133,0.0014453257641191854,-0.21970528253281985,1.064820591389796
2001-12-20,1.3538077973307423,-0.13083266518020165,-0.5062821951684805,-1.3048704070655257,0.867723642728872,-0.14790086302522237,-1.3319853469933096,2.386426850026975,-0.27665840793273627,0.406410266270957,1.442802309566155,1.3527445710629742,2.138449004260854,0.7215494156786207,-0.7771885493020323,0.4108932888437705,2.5514245847954475,1.064820591389796,0.47744214683880587
2001-12-21,-1.1788648949017468,0.45620861962864556,-0.1419805534809545,-1.3167383848537895,1.0767093072879397,-0.552552783065175,0.7948233498918897,-1.4274299007162692,-0.397535127205379,-0.5121431655617686,1.200213943424385,1.3904984725454153,1.0399045912033031,0.4326461600073499,0.7667550156207642,0.5976210377675701,-1.2001904415190414,0.47744214683880587,0.3784093183324112
2001-12-22,-0.5618869300074245,0.5172008754094999,-0.6641075449765946,-1.3037031615450478,1.2494030917939642,-0.30518903741591,0.47226744027520184,0.02386920346443663,-0.038615964491369115,-0.8213376823202957,1.6104237365362064,1.877087872431019,-0.27964618056891816,1.9440538925043713,1.7750663683805312,0.7193544225126711,-0.34484009909044677,0.3784093183324112,0.4090110779794507
2001-12-23,1.3196780206805059,0.5332506408112245,0.3553690461605121,-1.273396595123413,1.3399996887694434,0.31565205056834045,0.591205840047515,1.2836242031473313,0.21687956966673103,-0.4564622188364894,1.6514643184715707,1.3728340256672626,0.13549657206652385,0.7538636325746163,0.6398991258016176,0.8568881627725067,-0.15446118379324347,0.4090110779794507,-0.0041646472681449095
2001-12-24,-0.7287995179480689,0.4645137837521966,1.022374650281249,-1.2113305743082547,1.3797294841598822,0.9806377138635954,0.26652683979547137,-2.1165719791852853,-0.12855750939324004,0.3582010294543488,1.2531446927726557,0.2699346365558976,0.21151514014074893,0.513336436089906,-0.6712533821686472,0.6389043484804294,-0.8972773375318489,-0.0041646472681449095,-0.3636075279965533
2001-12-25,0.18697081232346732,0.2962675023132456,-0.5686358352840354,-1.0690729660963039,1.365032320409427,0.8270964130274164,-1.9903413322698353,0.9505235703181323,-0.23300513580349422,1.2111338856280314,0.8798519807672861,1.0994488174830865,-0.481075958216731,0.03107785079167627,1.1147390337599832,0.6779213773518038,-0.722056682055111,-0.3636075279965533,-0.2890794926781196
2001-12-26,0.3897424724712075,0.018847147883866433,-1.058524407963575,-0.8717605723292716,1.3570538685308096,-0.841902217328508,0.3378386340578459,0.23353940118382374,0.05724175351608522,2.0101773052518768,1.6707780941798949,1.9561949860780352,-1.3701991919425556,0.5043327984518483,0.9085324619185381,0.753667498182103,0.12961420047550343,-0.2890794926781196,0.9767418437762035
2001-12-27,-1.2504475730206102,-0.2706170335119952,1.086693278876939,-0.6145380810413531,1.2965671653464759,-1.4138549088280234,1.2421092597283412,-0.6969301603030656,0.9581835837699326,0.018920148284074314,1.4735316138360737,1.2355107909541112,0.1529841421578499,1.598121949626564,1.5734802138329596,0.8562488025394364,2.414413150432605,0.9767418437762035,0.5434882066662435
2001-12-28,0.7437811853146652,-0.569842192199449,2.2175456216894593,-0.24751068991934286,1.2223134938298632,-0.7135742331900279,-0.4019699295714645,0.6102609227493802,1.127150449436948,0.1772232681210711,1.426176720430238,0.16802916615161637,2.3303229197510795,2.45054912951315,1.182254307970529,1.0456578654647555,-0.7675587511428621,0.5434882066662435,0.5776361387573224
2001-12-29,0.9281271231697636,-0.8281946028720499,-0.2702100184243439,0.17858422415034292,1.1398734324687918,0.9183098956973831,-0.4015665483721962,0.0478751196832235,0.37804099912387684,1.0450544865198128,0.1194336714812967,0.014367722948358821,2.279815500781257,1.6479809730412565,-0.5800551264639828,1.0956406741298217,-0.27137785877083653,0.5776361387573224,0.705019267928957
2001-12-30,-1.455337969921182,-1.0611918864816052,-0.7525042935339273,0.6588684524260751,1.0623344199967606,1.833580781367814,-0.1834798955697873,-1.0111902955397372,-0.02212706966671952,1.0541009214141523,0.3497016598550012,0.7818183807579637,1.290367583169078,1.0683853100362766,-0.07284759408588595,1.0903857471527647,0.21381434793232484,0.705019267928957,0.42394599553494955
2001-12-31,-0.03652044807300303,-1.1549625984243947,0.2697853218655958,1.0752234020906242,0.9473151862106531,0.1709932481994617,1.198579974035719,1.4204167129300733,-0.07410131569711192,1.4788471712835298,1.191792280567812,1.8129039641990605,-0.6052624103248464,1.846037689249177,0.4085372404392662,1.0051382132516578,-0.7730291773333935,0.42394599553494955,0.05438791206796574
2002-01-01,0.05068501344507276,-1.1231718664213122,-0.7265326798436402,1.3635689165993579,0.7470709539607607,-0.8442055694773104,0.9085439556513077,-1.167866991786481,1.1362354194168762,1.3668316193190102,1.3347270971096592,1.698134917275196,-0.32855446564149654,0.8530083009957761,-0.3540742668761998,1.0681557545081024,-0.6758206173794473,0.21757816656560602,0.3108992990309928
2002-01-02,1.4643237833722962,-0.8941404124512541,-0.7879292819772126,1.5501327673405374,0.540638766261164,-1.3367819248541153,-2.078593202836095,0.6730462233791115,1.6075913746436976,0.8570112659822626,1.8039804161567796,1.3637144966129713,0.6281409187335245,0.2909038917781604,1.4044866091235246,1.4203151281451223,-0.04684063137119506,0.3108992990309928,0.3574091449640707
2002-01-03,-1.4483322900088516,-0.7128201633781086,-0.48687227196677496,1.6921878508980368,0.3484428924575804,-0.7165701709595067,-0.6481908264822237,-0.2917953288290497,0.7157742111853332,0.9038023806010255,1.3465735484509376,1.8853893054107886,0.6637161704818488,-0.8566116857646462,-0.621864696182163,1.3035224217981676,-0.05298576884525053,0.3574091449640707,0.07263480829274832
2002-01-04,0.3981031938557432,-0.10131431474478868,-0.8810655425313383,1.7899682201750673,0.12910385097732827,0.7703023553380359,1.024110804350926,0.5073782285677297,0.49478994551762756,-0.7084323214903431,1.2248979713353227,1.7840314277258191,-0.18588798927445546,-0.913612593460294,-0.7643246265590798,0.969942934446714,-0.9592088149020369,0.07263480829274832,0.04153395143404759
2002-01-05,-0.5493729015450668,0.5013139024439572,-1.3307099597247323,2.3036664103808215,-0.08021065516150988,1.3509982007826613,0.31852957325323994,-0.9972350516387966,1.235209205530265,-1.4183152688710379,1.7483307462966617,1.04584444950421,0.2887972627039659,0.8781140569908519,-0.6977517120522885,0.654820102366986,-0.1160912100156699,0.04153395143404759,-0.27144971317400185
2002-01-06,0.9682956134022387,1.0227939759429074,0.16282592554108805,2.3196163441666786,-0.36024657000673693,0.9867612239343148,0.2567702907508437,1.4734904579127768,0.21650842385884464,0.14050774201880284,0.1453325862451916,-0.49120313760610307,1.2770506306043337,-0.04759958741389601,-0.7306810870389208,0.4854054205704545,-0.528697230609561,-0.27144971317400185,-0.29065291548426664
2002-01-07,1.0368164729524465,1.3511588450191687,1.2099834786278343,2.2452981686677065,-0.6508145339612872,-0.3821854464847327,1.1016995075197085,-1.5189792477327115,-0.3056483094510845,-0.7197393461956382,-1.3745948331377633,-0.3192980940317404,1.464135918735549,-0.15506208671879337,-0.6783505368740518,0.14820931772928106,0.1594076875928108,-0.29065291548426664,-0.5000400040480323
2002-01-08,-2.008198116567381,1.4070172312665885,0.3521239365174014,2.2105934547838344,-0.8844133772388049,-1.332548954526572,-1.3513580264056895,0.5635168917310464,0.3844469884771257,-1.6221993858723907,-0.36912381481736584,0.06955578495422955,0.9880257804455984,-0.9648875265069947,0.23895634159565102,0.036608544173651114,-0.6401362843493749,-0.5000400040480323,-0.3722952658222822
2002-01-09,0.5219338977447315,1.2314359064189353,0.4500914132230184,2.129795010919682,-1.126794134906348,-1.6759454499473623,-1.4784800789040533,0.558243268647323,1.2619186081271867,-1.6233387652238422,0.8229122687899263,0.2452333085377265,-0.15934450914577214,-0.36358521489881895,0.16108298275536806,-0.18654987712451043,-0.04489040481307976,-0.3722952658222822,-0.5100821782353719
2002-01-10,1.8668933972597552,0.8878255878691395,0.40157646642789985,2.10429831953635,-1.291426060681016,0.08026748905532576,1.4281062331009786,-1.4093007955188197,1.2309564860782072,-0.808653896887458,0.8365076377670726,0.07899223257637517,0.8219343862219727,0.694864459305064,-0.27542293904421,-0.3860888892505789,-0.730951370993222,-0.5100821782353719,-0.6736511942514565
2002-01-11,-0.5975273002152878,0.4286617198605836,-0.3006724927536143,1.974098139705472,-1.4332278492349593,2.243387494235744,-0.2919149380265678,1.708553719922878,0.8676511304941975,0.3095763968011737,-0.8384514213421242,0.4136133820248314,2.086473988404422,-0.6432221994531605,-0.8506893948502646,-0.4271802347546944,-0.39713746145191436,-0.6736511942514565,-0.38342812280226773
2002-01-12,-1.900038309512073,-0.06636688669049695,1.487681516940652,1.795108468421023,-1.5888396553366053,1.5353186831421741,0.50680374555654,-1.4415477975292335,0.6011395069339965,0.38013070039057584,-1.0243701760195123,0.3766502355076895,2.1248489840287705,-0.8271027350301905,-0.37497078034421666,-0.454024023889519,0.9518963089031076,-0.38342812280226773,-0.7781384352718894
2002-01-13,1.6222687127401227,-0.5624868132432006,0.8151789050761895,1.5521973953519819,-1.621121056274022,-0.8644424234177323,0.9982849461402512,0.9335473862342971,1.015207643331138,0.693848970810763,-0.9458799604148621,0.2286000303631105,1.9142038990704044,-0.2332005251671837,0.4435592450017981,-0.4121514947817594,-0.6523837674773493,-0.7781384352718894,-0.72279960287745
2002-01-14,-0.2226903930555375,-0.8805203226165323,-1.8415333888170489,1.2330396963016697,-1.6204142661495642,-2.1552382732132855,-1.3836385801993747,-0.3190648519537668,0.7206438569558653,1.071312251957395,0.6497070585292293,1.0571004437125273,1.8269002309801012,1.752524871267112,0.48593673864063214,-0.3353815779816342,-0.0574499818769898,-0.72279960287745,-0.4789278881920614
2002-01-15,-0.020394391650277843,-0.96958919045688,-0.6705201578319268,0.8307380286593015,-1.5907957587950659,-0.9828588562950634,0.14412342723831592,-0.2633821391290015,-0.4569088034420861,1.2861904966393822,0.7460940555681765,1.638848241844379,1.3236478742956854,2.6330442687472084,-0.10355246137439991,-0.461165628646326,0.7919189031014029,-0.4789278881920614,-0.02798897079620952
2002-01-16,0.11985938192041658,-0.7971296024598089,-0.3242435841586742,0.3217412562280121,-1.5214543878851452,1.3233928892664046,-0.42688503548317647,0.6385630483432095,-0.6629063724653249,-0.5788787739560586,-0.11948959284286494,0.09621548051794201,0.4032648597843063,1.0332048646650374,-0.5051597791187848,-0.46445474019404676,0.7750508543104264,-0.02798897079620952,-0.5257327874944883
2002-01-17,-1.2563661141396307,-0.4438140139617948,-0.06903232847687578,-0.2085363591653924,-1.4336177025321075,1.726822721669249,-0.2573259087606856,-0.74425611231099,-0.5201008577890436,-0.7092784711404936,-0.18729393791250615,-0.8282629329404171,-0.43894214580055996,-0.12795161369525002,-0.41371979247590795,-0.43919447427923614,-1.0836759564648402,-0.5257327874944883,-0.5277518582935328
2002-01-18,1.2392855143535875,-0.007097461888199497,0.1321622912442062,-0.5728492078138295,-1.3735832971975754,0.5784820670877183,0.03025860193196681,0.7891277395476096,-0.6529870264397656,-0.14573313064159732,-0.13677545219504508,-0.029883898207634957,0.5778513176031909,-0.9677243730839081,-0.6705560341056706,-0.44792106952288846,-0.25663097664270323,-0.5277518582935328,-0.43648251521407755
2002-01-19,0.41072746581549474,0.34729497379687463,-0.9412515474095383,-0.9821070344918565,-1.1962152382784887,-1.236067212275916,0.47908033192121807,-0.935402962835026,-1.2147204821483615,0.46902053272159017,0.5672421267172112,-0.025117302003206582,0.5501870810776439,-1.112836671956397,-0.6488008536016152,-0.3992715820639998,0.28488011687652237,-0.43648251521407755,-0.7679206897289729
2002-01-20,-1.572402315144939,0.4624139567412073,-0.6263793343907255,0.2739354636983077,-1.684679605163865,-1.62987230596899,1.2860959825877276,0.8713161000798278,-1.3047782787288087,0.6007870463072035,0.10120017909674643,0.8971228225769414,0.22099241745771608,-0.2864498993901934,-0.5748287948180495,-0.4351216938961457,-0.12886421471845586,-0.7679206897289729,-0.767874142570197
2002-01-21,1.417171840770417,0.4292391082919761,-0.025753430634852883,-0.10369302961750475,-1.8732167220727611,0.6703932994732954,-0.7982668067464486,-0.7292020061443982,-1.1012978186887763,0.6278515195910868,0.3784239943504782,1.1102845087581978,0.041542984800057456,0.09807319045378352,-0.05490801220665333,-0.5189216190697932,-0.22911268699879878,-0.767874142570197,-0.8576315135486569
2002-01-22,0.0990737786631818,0.04916533226618658,0.0965056212815903,-0.40400772216850245,-1.7028387953460995,1.4851142765663543,-1.1517852874466004,0.44591803475724984,-1.1991912871698989,-0.16183876877772965,1.025221996819956,1.1397280768691274,1.4288778198426169,0.38794110818006644,0.41577095316921964,-0.510015887865086,0.20612200616158535,-0.8576315135486569,-0.6115837935329328
2002-01-23,-0.8388362470627171,-0.056158635344035444,0.07248220375272807,-0.7437953163714042,-1.4171644073003014,0.029254514450029103,0.7823644250072508,0.06242770756486056,-1.3149129527419645,-0.026744477374224876,0.6230695334763681,-0.04708050259669407,0.661791816583279,0.3035001968434253,-0.3755123865820537,-0.5312035193266985,-0.20088939075808587,-0.6115837935329328,-0.677408274921266
2002-01-24,0.036258700466336564,-0.16108196626676155,0.22309006113731708,-0.995912183492956,-1.1261027305012965,-0.6949468958668769,1.977091573115642,-0.6635999592439041,-1.9247909034046902,0.8609394864576564,0.25859822634384755,-0.7216303573072205,-0.9771665108451048,-0.4001843529511693,0.9325517527933757,-0.29688496552270255,0.38503594742886194,-0.677408274921266,-0.5093915402512768
2002-01-25,0.18243940845412143,-0.28935870926358626,0.8860073461598711,-1.2223306918515717,-0.8048536151147655,-0.06335421157734403,-1.243952317759177,1.1503893889452015,-1.955261225317358,0.9108256708340823,0.1276417692738435,0.20862752030404405,-0.6932227016116402,0.17901703829562604,0.04685896768115483,-0.25037613821610666,1.1390271921134727,-0.5093915402512768,-0.7027486254264109
2002-01-26,0.354355797877506,-0.32273207604918946,0.5414599960318006,-1.417558064527571,-0.46040119876313923,0.18258122769226542,-2.361798979909519,-1.5865687701856974,-2.224586513191833,-0.4116551370349101,0.7046048477868223,0.6684726432282804,-0.8702934102453437,0.9765342683515612,-0.5405042479038435,-0.5018615809954701,-0.6556496964585057,-0.7027486254264109,-0.8453015923925792
2002-01-27,-0.4808681834184619,-0.2858692773900755,0.5140731048862628,-1.724076610919023,-0.21521171724879165,-0.7393355636989538,1.014224613720077,2.0053142644450035,-1.9040018256064297,-0.07570235408525192,1.6162283448562331,0.575148626925322,-1.8200575909238421,-0.31335100474501876,-0.5284207393051632,-0.6098864636256193,0.14368270925001997,-0.8453015923925792,-0.6320861452322868
2002-01-28,0.19573468744490766,-0.23516343451275187,0.14186029117020926,-1.883829479909783,0.17990904141303152,-0.3032138571514479,1.98849153405029,-2.209092970850348,-1.604553715481454,-0.33661532731046817,0.7876152790577541,0.3658045254339582,-1.8967680884369886,-0.3435618928097052,-1.2620727815736303,-0.8112364131231348,0.07691911940395503,-0.6320861452322868,-0.9214575555608259
2002-01-29,0.10776206858351105,-0.21709184315992622,0.08453558803870394,-1.9625732956078406,0.5797702012771725,1.2188330497186768,0.6460179003891348,1.928205850186795,-0.8618561879243328,-0.11887592494560167,0.5012428640897152,-1.2058003142197828,-1.4783868280825638,-1.224620793209441,-0.6118034441585241,-0.831107880603878,-0.33160766627420285,-0.9214575555608259,-0.9195160474484704
2002-01-30,-0.13864631445744383,-0.2597205358065132,0.5054946303872907,-2.054610847173284,0.8817923647206091,0.7558273000908899,-1.5554118380980895,-1.5110174397220497,-0.9447896333813512,-0.7563452426156285,-0.06317516650484117,-1.126265697770859,-1.6410296772121369,-1.499099784779198,-0.21135209710425348,-0.7539652995845656,-0.19466085144699283,-0.9195160474484704,-0.7572714228587383
2002-01-31,0.9691630333804158,-0.29015013858484606,-0.18059162180927416,-2.0620771132048623,1.2024487108196418,-1.27091338176057,-1.3734783841254123,1.3351651893658112,-1.4434233744361535,-0.0841298034353896,-0.11201469272428603,-0.9581482968599555,-1.3946043296899437,-1.1336053567194677,1.5252962128564729,-0.3676396950822501,0.7699248773708057,-0.7572714228587383,-0.5258959735316737
2002-02-01,-2.2181450238729767,-0.36122306817045957,-0.2704970314263187,-2.066141164580492,1.397458914497832,-0.9994903448456712,0.6368243825550108,-1.3883398215387392,-1.7525279428197726,0.6494161715008226,-0.20071239073627248,0.28530145102075205,-1.567348996241713,-0.48304782401330637,1.578330242326917,0.07449540083795772,0.09079418870801086,-0.5258959735316737,-0.5792463366813579
2002-02-02,2.191630354261551,-0.3105222242131986,0.07862882258241087,-1.6832543995709879,1.614335856461915,0.7323216149558665,0.4597663691098678,1.1321466957747333,-1.311983061347062,-0.29288132835500563,1.0476492136321482,0.4551337956346178,-1.8051105483013492,-0.3777405193355993,0.21980186414646397,0.2202676724870041,-0.10694419653967506,-0.5792463366813579,-0.6149081376074473
2002-02-03,-0.5768695269759273,-0.14181509126903372,0.2259856641634098,-1.5140486125070498,1.7386849745907447,0.257315385474432,0.5151700212442064,-0.8955832964874334,-0.4949191720715924,-0.8465027448786585,1.0971477589138208,-0.730928550037482,-1.5866378205122493,0.24582610940743208,2.2645152186151436,0.7383648964081037,0.09605276783071816,-0.6149081376074473,-0.17775900050187926
2002-02-04,-0.6253263675745534,0.3746457330318414,0.6880805842340911,-1.322577631528052,1.8551127634624072,-1.2928173583812477,0.8463257296562258,0.22906593471309986,0.12274158824093735,-0.7119192984378947,-1.2975144496825777,-1.3402220789416026,-1.027496294325638,-0.43722615168811413,1.9935199271712933,0.955102718623472,1.262879882795315,-0.17775900050187926,-0.5567688607660515
2002-02-05,-0.5275826321524786,0.8470861393042557,0.45819379898883833,-1.0997009579930315,1.955289220273412,-0.032735406475040474,-0.8268902974910328,0.570112928015807,1.1663919395122093,-0.9324615166463504,-0.345146055763369,-1.1283028581681747,-0.5307794411247116,1.2756324046284004,0.5285788106902538,0.9632046278185389,-1.848577504307127,-0.5567688607660515,-0.4944417534873109
2002-02-06,1.362258990838235,1.0051128253745683,-0.605083321342863,-0.9123876545268826,2.021604274208709,1.9344952735551797,-0.8434048883540715,-1.3051394169010457,1.041703244950569,-0.5365004245575289,0.06344246695178256,-0.49023997033243194,0.5501455937166894,0.7324718894400822,-0.5306437999373911,0.7167790438568359,-0.08311986688411935,-0.4944417534873109,-0.672497852576824
2002-02-07,0.4017347077414049,1.0435039682148632,-2.35198339243886,-0.6647843842501219,2.114254237230066,0.987260928693203,0.13133898131823699,1.7836224663709668,0.01004815168681177,0.3601403134817969,-0.7647045336402954,0.11699117778597307,0.37837448124610895,-0.6958441472472326,-0.4342619609815057,0.6020446824922255,-0.3823489581900731,-0.672497852576824,-0.7178398893836908
2002-02-08,-2.109644910115274,1.0328305294584896,-1.5461726143198227,-0.4237749682651893,2.2013007666942856,-1.274863970883384,0.9746633891666819,-1.7336247045761084,-0.5135668815557738,0.8564781584382961,-0.41903251097550315,0.47300486321213303,-0.6422643058285259,-1.7105480447681733,0.3616927657042574,0.7187217398591358,-0.3572281051937947,-0.7178398893836908,-0.7852798317411319
2002-02-09,1.6833990613787657,1.0007122471920604,0.33763800120309606,-0.15018563453577524,2.198028794111056,-2.2700694506209094,0.11555447178532631,1.5225683302576247,-0.2404838543287133,0.3589372455765401,-0.11852405127250945,1.0070570858886443,-1.47981458361526,-0.9803097456792729,-0.18466854959022022,0.7041159365309901,0.0033047744628608693,-0.7852798317411319,-0.006294834845801962
2002-02-10,0.1850970565683016,0.8352495146108541,-0.2300457041723834,0.1005166582056099,2.1546448953761907,-0.030931832243741648,-0.33204673737052526,-1.528991321724252,-0.10750731320052358,0.20188273352443828,-0.3647373658942225,1.4462749694428005,-0.8662569544467191,-0.6345152860835755,-0.21953722820957908,0.7727163998942076,1.3678881644760559,-0.006294834845801962,-0.22385025241064055
2002-02-11,-1.374580870488004,0.4460306896620388,0.038520602380105545,0.3184587962045105,1.9187436012358077,2.2099251965936526,-0.049453644825364976,1.7482384405540181,-0.46953567281654385,0.6730214438855362,-0.4702164789029179,0.6812359229836444,-1.0787726765225796,-1.6052594072581183,-0.9940440972395791,0.6867538003746723,-0.25740495789935397,-0.22385025241064055,-0.26928739291174547
2002-02-12,0.9342293471926467,-0.22439432508560256,1.696770614487363,0.5416456045935263,1.6783568411233,1.1155748570074735,-0.28359652185301487,-1.6404153293113772,-0.4027980867008402,-0.3055495086612539,0.12569743985151857,0.08133814507709482,-1.2000945340659668,-1.3321425925609915,-0.788853079340795,0.5998676414756876,-0.4011796801101605,-0.26928739291174547,0.13825086313820603
2002-02-13,-0.44318258362635,-0.643210476672568,1.0422698094752754,0.7538380474643649,1.3496776803450168,-0.21340033382952323,0.5416592472014689,1.1570480243532986,-0.24838178104105219,-0.15861898346263234,0.09996486768144104,-0.8669333396614366,-1.2350818506319718,-1.3463038385400639,-0.41900032702072404,0.39621826097477886,0.4977278772521122,0.13825086313820603,-0.14802451023746413
2002-02-14,0.24458366995410347,-0.7974901999938088,0.9259517439149597,0.9729450339559698,0.9595488572092796,-0.9936778995187138,-0.5902990628704099,-0.4122464990705463,-0.1282158267265045,0.30439331510185774,-0.0483059163908265,-0.2709768118740336,-0.031097993778275226,-0.5651913865282815,-1.3948895602035778,0.11738868498893097,-0.4640773197909495,-0.14802451023746413,-0.07732101912630066
2002-02-15,0.3781115386127212,-0.79910516102424,1.34089635054858,1.1890090522107535,0.5447994151377713,-1.0647650633232952,-0.1445244796348476,-0.5837096111904685,-0.08399659969489831,-0.17668069835675204,0.081569061110049,-0.4144823271040667,-0.1275169382478366,-0.6926126592818352,-0.7565952026250207,0.003238544434285863,0.17507292720168413,-0.07732101912630066,-0.4406924766589503
2002-02-16,-1.5173771042246056,-0.8199257037749461,1.7146379936452545,1.3965757717738525,0.1465032412544171,-0.4538622692840884,0.7839389799490811,1.1757232562393114,0.1860113868930971,0.2590711194321147,0.17453896248729944,-0.7005911049058654,0.12485987039760355,-0.5577526565202124,-1.0682482918277183,-0.4825471945480062,-0.9116645640675237,-0.4406924766589503,-0.7899683157222802
2002-02-17,1.4670357032931884,-0.840578665308557,0.8992822613114524,1.2809691290070804,-0.264640801125161,0.6861745804809622,-0.40603596854779894,-1.2433167729811019,0.10938617339185025,0.8478932612597531,-0.7827742431516249,-1.2811703522553604,-0.18783952537889873,-0.9699980542644565,-0.7158399915235976,-0.8003276955625369,-0.9362566502035155,-0.7899683157222802,-1.0699225134505699
2002-02-18,-0.38884874458812885,-0.9015430270117493,-1.3364890006825674,1.3595117234206953,-0.5745190447085511,1.36663648702043,0.2632163202051534,1.0427752386737028,0.6264723799162283,-0.31346506868710766,-0.6475669404613019,-1.171603829154781,-2.317052927724383,-0.5775282946205613,-1.0344184616535612,-0.963758796411471,-0.40761125702512546,-1.0699225134505699,-0.978532635482468
2002-02-19,0.25134318785327825,-1.002769056334289,-0.8840883789567915,1.273460535748946,-0.8477671054928448,0.42115561725859196,-0.1554333950228796,-0.7363478295247636,1.0355128781716356,-0.8285984227490236,-0.5516175877585423,-0.9656618491939141,-0.8430645742114592,0.04224114854197672,-0.5006971550877242,-0.9388636012265408,-0.2183548503692103,-0.978532635482468,-0.6428658662791346
2002-02-20,-0.7426320201222917,-1.0847300089826857,-0.1366390817454085,1.2510244556033667,-1.0634802673781336,-0.6343228152355392,-0.5358145592487075,0.30616525362566926,-0.04171033911525333,-0.02823197186793469,-0.29974461912794936,-0.7616799828828136,-0.19287460236115653,0.17203106811868007,-0.17066988566621052,-0.877803400229097,0.011151635931717661,-0.6428658662791346,-0.2605564710203513
2002-02-21,-0.06825155965524778,-1.0488769027022355,-0.1999790096339672,-0.5351331312272859,-0.8855910838121264,-0.9815528360587834,0.7438294184169514,-0.02536366694903487,-1.3850394280257485,-0.18076703791081344,0.22358616524267227,-0.3184399081674605,0.3126551598537441,0.4012617747488941,-1.2035025555005345,-1.0805073973211325,1.5546208288357777,-0.2605564710203513,-0.6443183809183806
2002-02-22,0.7499803085914573,-0.8571752564621602,0.8920063629013713,-0.5014382849459678,-0.8560022010447303,-1.3988633223373135,0.9204834765911213,-0.24379280600448022,-1.664375969708083,0.20372941435948108,0.36975888343765817,-0.6975947866532151,0.04263696827637788,-0.11381189262977931,-0.8606309592458873,-1.243281152758245,-1.0151899378705822,-0.6443183809183806,-0.851389866234145
2002-02-23,-0.6823662245244223,-0.7858981029673496,-0.47089954638126597,-0.466242162734548,-0.7756207256173874,-1.2793040935531919,-0.7090827429444476,0.34300099700257525,-0.6983771195858054,0.7724192560077863,0.8203384365143435,0.25558698133446484,-1.0257090498023678,-0.7317324176391092,-0.20572677761105357,-1.3209551361947425,-0.44319728781294676,-0.851389866234145,-1.0083847010004692
2002-02-24,0.06057414692638589,-0.20394466883282455,-0.3349876004446419,-0.3929495917976348,-0.6735479393559956,1.526241630899508,-1.2845695804094865,-0.21335263501008395,-0.47745771730323877,0.11255254344034346,1.3848844647694756,0.24113603672802997,-0.839165266419158,-0.7458405010526771,0.8589115265989993,-1.1345697753065234,-0.4694655167780132,-1.0083847010004692,-0.7215992491401723
2002-02-25,0.43211986710492284,0.4259920453396301,0.4652449538792273,-0.31921273366917324,-0.5510009902892001,2.543537289195566,-0.30976958969840246,0.006141676429638158,0.5422867218281072,-1.2596696649519172,0.9023408690653831,-1.916191220644353,0.6970894733631688,-0.4060972861856549,-0.5837232743300566,-1.1255590278958827,0.07648825882684984,-0.7215992491401723,-0.9036540029084935
2002-02-26,-0.5214246310217545,1.009833201446942,-0.19461134146510897,-0.2232089356546928,-0.402735858915981,0.8921187402909422,1.354567219746096,0.14311869307317943,0.23152438437699854,-0.594903449118076,-1.3827539321326867,-2.0432145403540627,-0.012062326114951383,0.06215508966644438,-0.9298725183983272,-1.090530171051553,-0.3598662113979722,-0.9036540029084935,-0.9981675808835508
2002-02-27,0.7223251426900318,1.4241264278954338,0.5551304301953014,-0.15634109059300363,-0.1451669269468387,-2.404642793539334,0.6073094225039113,-0.11111098598537111,0.4396380506660634,-0.6750507111750126,-0.577121819689451,-1.4591692726246943,-0.22530721336607598,0.12428048690303044,-0.813851628103711,-1.0314452067235094,0.002833413388685198,-0.9981675808835508,-0.6935833894688122
2002-02-28,-0.7705847000400295,1.5757912446157607,0.06305920908653151,0.08292283290219696,0.1320221978695267,-2.6379168807848137,-0.03862308516658039,0.03373832672998722,0.8590080616932017,-0.9986159734331477,0.37211559408473893,-0.4367569015748205,0.8100990986561625,0.9774766164756702,-0.3933105079817281,-1.0298332225226687,0.041902012207030825,-0.6935833894688122,-0.49425573906262266
2002-03-01,0.1573238868194024,1.2955084294594847,-1.2298008944366727,0.3576264607522194,0.3647357309253605,0.9665605546878974,-0.6631971361190803,0.4314708588886896,0.6731210629685983,-0.6372780233454475,0.23319829410832987,-0.8128855986304079,1.2862661382534823,0.36092252939316666,-0.6676142104381007,-1.0055319560959766,0.9156567685073084,-0.5121690916438782,-0.5220738638306366
2002-03-02,1.1207029544214313,0.976351386476433,-1.539778967396698,0.6870517762370384,0.5664793607450177,2.09517350745096,0.0757061334414967,-0.25816421268129597,-0.42153791002266977,0.0060497417695546535,-0.7840048449709923,-0.9445795706025384,-0.41258897260501487,-0.7321525457292011,-1.0921829412873876,-1.0264468332699808,-0.33643668274927657,-0.5220738638306366,-0.6140675627917583
2002-03-03,-1.0140353185305044,0.5792263635138122,-1.556812318719181,0.9110390741773207,0.6922200420969188,1.700120897332832,0.14998831241384103,0.10021297073845031,-1.3113926246511067,0.7231536528232952,-1.2824884704672008,-0.4773601222250211,-1.1966527809050778,-1.9559066665233145,-1.44612044421576,-1.0082181147761757,-0.4524404436029672,-0.6140675627917583,-0.6061694594086218
2002-03-04,-0.13503092263036867,0.25742229658179444,0.8177633007373423,0.9692027854645928,0.794040089820666,0.5108299640290738,-0.44832296836637325,-0.1385001335890297,-0.8115070795034292,0.18866683978510343,-0.6410980136593023,0.08862855533058439,-1.178866938292356,-1.1470920853102,-1.0857066227168108,-1.0558617338772824,-0.27477532467076465,-0.6061694594086218,-0.9012401189692442
2002-03-05,0.30252645810597384,0.18461765450715423,1.2729824403288381,1.0822799721103895,0.8679064038744972,-0.7620066963475436,0.9251839120371582,0.5116509321912094,-0.24985042617692638,-0.5467519233947208,0.46843615020267776,-0.1619390075824737,-0.6201764356520149,-0.7232784677026002,-0.7037929676452246,-1.114810258870835,0.12176575526995602,-0.9012401189692442,-0.8998705219284459
2002-03-06,0.4164422100672208,0.3851060961141908,-0.5664536216332886,1.0788213182615294,0.9637602977202661,-1.5989406240298587,-0.36322327339551125,-1.2404987451251945,0.3896960837431467,-0.1163942041867011,0.3906304817076355,-0.789239571878151,1.8879058440771277,-0.4747958482971799,-0.3866535984708073,-1.0728653503537344,0.6066687417008417,-0.8998705219284459,-0.6962994769564819
2002-03-07,-1.3910084161337655,0.7363594549606624,0.5208250042445874,1.1577210141949184,0.8932161968580383,-1.2815480496526017,0.30799995616767445,1.8839485038422985,0.14002457391065404,0.23220479478092546,-0.358797370167672,-0.7014336276646368,1.6193241545999737,-0.5690170400773309,-1.4872714048920992,-1.1324533398327312,-0.2516175538848321,-0.6962994769564819,-0.7752004409930144
2002-03-08,0.5461631640169978,1.2337610871266194,1.2530992125325555,1.1180713002935492,0.9040867492335375,0.11564140940934238,0.815734855974087,-2.1804976606863846,-0.44948132624293863,-0.11736730163107854,-0.8414297315139246,-0.6314024076513418,0.3498822300309731,-0.9843078941630367,-0.9633321122039263,-1.2281591480567304,0.09937519910336742,-0.7752004409930144,-1.0598022659704447
2002-03-09,0.2250311087709397,1.6604611195353056,0.4520373289184761,1.10550914965028,1.0934137226833285,1.360452510286762,-1.7481693384708825,2.2591018425549794,-0.47807833468161054,-0.2294765737462989,-0.7292121087126221,-0.378794152426324,2.3440816639659308,-0.6147296823453388,-1.003432373643868,-1.454900960641035,-0.6985206550115044,-1.0598022659704447,-0.9491315373638645
2002-03-10,-0.43899152342022213,1.717926409067673,-0.16972138389688132,1.0682427146100664,1.0766238011431124,1.7022468862307576,-0.49092797359760904,-1.994955141025975,-0.3540939417874903,-0.7379556939391205,-0.30547674954367404,-0.7859042620570298,1.3767672291838635,-1.4548181296598064,-1.1361605405804012,-1.5469364518303492,0.3288838605105994,-0.9491315373638645,-0.9873624700319306
2002-03-11,0.382215647674359,1.4468378041720646,0.29703894864235303,1.0241884204673666,1.0388215729631245,0.6809255389491451,1.8064681443118147,1.320541194801573,0.19359824844603563,-1.177925411170043,-0.48451884534251216,-1.4999964889752515,0.8214098517947884,-0.8627154095599481,-1.5826517946813454,-1.6457758779900544,-0.7142715728639645,-0.9873624700319306,-1.0312336952222276
2002-03-12,-0.22423398923725435,0.9783656769814569,1.490375415524078,0.9900731486603753,0.8490458533579637,-1.3518898596151152,0.8897585675631976,-0.6578099106629222,0.4321073447722654,0.21645627693990194,-0.7733668798658329,-1.5246984222730942,1.2004305496372352,0.3558247621175896,-0.2847636652231494,-1.619309694489939,0.7033381215141726,-1.0312336952222276,-1.17077010153338
2002-03-13,-0.47757215478329273,0.30301558436966164,0.5673320957119096,0.9732182348355716,0.6198980158244443,-1.5021400492428991,-1.8454799959318515,0.2319923339839721,0.14831496315654555,0.7331448360662474,-0.6709000122122575,-1.123560086669939,1.0928087872966843,0.08288872606874091,1.8605490789270345,-1.4677356672247357,0.3179752274409307,-1.17077010153338,-0.5153626083617461
2002-03-14,1.2853106632078457,-0.537453111746977,-0.6223986317734188,0.8887590380901265,0.5070057815813273,-0.12368608381213068,-0.8572435103701411,0.05803056322836673,-0.13551092964176412,0.8111866053727117,-0.366537688857547,-0.4609787883100067,0.710888989616033,-1.2000321266866465,0.9863525696430054,-1.3837546519088926,0.9584173941068306,-0.5153626083617461,0.0897978115187134
2002-03-15,-1.3377164267855097,-1.2965996205302026,-0.7369576545054638,0.7341089049057207,0.40789871090311636,0.757739648214088,1.8998524731532362,-0.2921430111773912,-0.2703570687931147,-0.27594194500520347,-1.0356694763469656,-0.1913598479512465,-1.1788594897448246,0.6087546277753358,-0.13788664099837938,-1.2863501452335917,1.1449369298548207,0.0897978115187134,0.9010344327462982
2002-03-16,0.119619844334732,-1.490494221738424,-0.4824001978755565,0.599099922983871,0.17340086448281797,0.29091410375145393,0.01049686302688091,0.5798089404615658,-0.11998725891249899,-0.4729225855896134,-0.1826908188532473,-0.1259080804050765,0.25026296578000595,1.3091839006872836,0.1502125260384008,-1.0753739677139689,2.4427029904504662,0.9010344327462982,0.8205127876679288
2002-03-17,0.6071710725734378,-1.350240941076793,0.15353000198108716,0.30833583059771497,-0.26590555735010796,0.040386041621999436,-0.7916149570044606,-0.8675098860729504,-0.5036045459586473,-0.5455443450152698,-0.5653520668339993,-0.697573230526687,1.4995799634813367,0.8478252696384231,0.9808831149644057,-0.7495006097399968,-0.05794167839614423,0.8205127876679288,1.9299213772401547
2002-03-18,0.39266387221447585,-1.2316355408223765,0.041035346503078565,0.06881358462953381,-0.47112923861536443,0.8235432628835156,0.49270412818819986,1.038445358601737,-1.1246865753878539,-0.5979629754038803,-0.7671687797600463,-1.0311490789326871,1.5989206392124025,0.6655520816453935,0.6122977666890365,-0.46475543951744114,2.670070205993356,1.9299213772401547,1.0048646845489557
2002-03-19,-1.157130234341002,-1.1323614458482463,-0.04841423976849353,-0.21988236283453355,-0.627779717778364,0.48953813177625743,-0.891031613750091,-0.8933381298901575,-1.1779391331106475,-0.49062022149885187,-1.2426731738384773,-1.0882155821914634,-0.2219228912758855,0.26771212813222267,0.10206745914448645,-0.36540298193865645,-1.6209653533575368,1.0048646845489557,1.7640998831003598
2002-03-20,0.6466034329843231,-1.112399955115543,-0.1772996703265555,-0.4896364657796095,-0.5924467988764995,-0.6697200517113328,0.11170778163146046,0.41714718353493596,-1.2994328732995422,-0.02621194940708314,-0.21719505637264336,0.18804352279730002,-0.8947838106149343,-1.109632420648102,1.117453914994013,-0.022862177644562564,1.5935627379723614,1.7640998831003598,0.9743566089299283
2002-03-21,0.8075863033958114,-1.209176196977955,-1.2559477855536814,-0.6829964008637246,-0.6184325734534647,-1.1761969139113297,1.771320081502167,0.0970472231546887,-1.158284775586992,0.016382420262476594,0.30401330641601315,0.6898808924555462,-0.8495880957643053,-1.0759699561890252,1.3735325950210127,0.32352630984677705,-0.5947503507630453,0.9743566089299283,1.7264434154603239
2002-03-22,-1.2457302091959208,-1.1648954777007667,-1.5483689913446157,-0.8088768136211494,-0.6162244137280374,-0.22224567684463747,-0.49646079343755595,-0.1702356432866643,-0.3486019098588335,0.17521034147596118,0.85039329330201,0.41951015508662115,-1.4408409099189636,-1.477297715577243,1.541749401837895,0.7164214564605242,0.5786057173308432,1.7264434154603239,1.5542114162429146
2002-03-23,0.9949135056445817,-0.8775943224015212,-0.2808063698533966,-0.8979056564968247,-0.5095268656740756,0.6292794659894815,-1.466752543459237,-0.5393688382530738,0.4265237373618514,-0.25798687915481106,0.965270376521141,0.15043549602268008,-0.1319967715008496,-0.6890774811114303,0.87439233267866,1.000558253476473,0.9608209609965146,1.5542114162429146,1.2212746493110829
2002-03-24,-0.744317198227236,-0.625585646380626,0.9957760494572954,-0.9342094621357135,-0.4845902485523536,0.6314361822224029,-0.20558244556953378,1.7549036853066098,0.5007605649370027,0.1247071138634733,-0.04567305771555336,-1.2090863595397598,-0.5357450735760375,1.1142883375178074,1.712231181165654,1.3957562825045224,-2.183747093478204,1.2212746493110829,1.2414381418466944
2002-03-25,0.49001970736027023,-0.48998307463748186,1.1485538550086811,-1.472997210779108,-0.24606366040964947,0.21176474899305311,0.8885382465712216,-2.145708336817089,-0.8265333607540474,1.0963251827674119,-1.5157573352128233,-1.7869613860273765,1.345376438742543,1.548705978199705,0.000349761235578182,1.3832346969511333,-0.2628127499225922,1.2414381418466944,1.637327497096784
2002-03-26,-0.6147596172515076,-0.3403864177161116,0.717457060393046,-1.5164469853077056,-0.09591398512811909,-0.3981378457977124,0.3533810845538438,2.294562283307578,-1.8600294495411518,0.8240523728204084,-1.6199557224250625,-0.8052572863867986,-0.41844017624281304,-1.5319259598125354,-0.7851218844542261,1.0482644775351957,1.5330762151328774,1.637327497096784,0.5534639360623334
2002-03-27,0.36653070390826825,-0.6361607863357006,1.6391886106627407,-1.542785981242732,0.051024305796219485,-0.3835661715664453,-0.6639925783185437,-1.8813656498333386,-1.5026716497056027,-0.6372767195776092,-0.8353378282791126,-0.6054823687849434,-1.5958024018519408,-0.7883975442755174,-0.5527032618888251,0.8516835344013841,-3.3390874885917827,0.5534639360623334,0.3075127408844863
2002-03-28,0.21341056309470072,-0.6137279753171823,1.8427306335532045,-1.5695224046240357,0.27941661905708326,-0.40160454667055195,-0.8894057814784975,0.18057084651344085,0.12624441395496327,-0.9802451389205056,-0.11392438986102793,-0.742062185478594,-1.54720921537,-0.42778993022348594,0.6360455807378427,0.8865307905253742,-0.41702687653656983,0.3075127408844863,0.6709978141785132
2002-03-29,-0.4041500999226991,-0.4644524061665588,-0.18697128511705602,-1.5668459711785558,0.4434250219005549,-0.00964503848848903,-0.027165894944771944,1.2815130426883088,1.5695893835501258,-1.3169836888820274,0.18889109592892311,-0.7135038106913977,-1.0366626213255712,-0.5045685520293811,0.9529658313209745,0.937830431406797,1.6009721179960101,0.6709978141785132,0.7433211243716719
2002-03-30,0.05808658258079179,0.04245001627070977,-1.4256426749418787,-1.615679405575339,0.7340789191686821,0.6778707858820917,0.45840614199764934,-1.620266911311059,1.713731160407766,-0.5548823604312845,-0.02158303235206047,-0.9268014801308612,-0.9109646293085714,1.1687510843845106,1.038081138583161,0.9615277580808287,-0.021757946196579107,0.7433211243716719,0.6024868729639977
2002-03-31,0.7067752292419218,0.45743710994434955,-1.0163199554553177,-1.5884766794179823,0.9474870659437037,0.6261081862403766,0.786579089611662,1.4238860634594068,0.8886420545698198,0.05870717801091157,-0.8869008374420099,-1.8022018529655093,-0.1151272843456868,1.814714438045563,-1.0103888947426412,0.8511723167955706,-0.6661961275038327,0.6024868729639977,0.06161709455282994
2002-04-01,-1.0156052789361911,0.6575497460200961,1.2689159335787172,-1.5270476946659897,1.0761292698668632,-0.014232752595901005,0.8617795211377405,-0.49740690539512966,-0.4528402532322964,-0.24560472806519323,-1.8260898595890485,-1.5919479337663323,0.6504744541996152,1.1325323034390442,-0.7918793105767314,0.7652976663636819,-0.7597126722126568,0.06161709455282994,0.015517163451985085
2002-04-02,0.7181176297226803,0.7400127794906933,2.2253130099170706,-1.4118815618619862,1.1813268285957077,-0.49653393687724307,-1.1879229906492523,-1.4638075705424158,-0.1546057567969829,-0.5681893123283897,-1.789759590424959,-1.1815202003959135,0.4932328970665917,0.2975262940804378,0.32141288222315345,0.7065524359285792,-0.09420148112546384,0.015517163451985085,0.471327082963451
2002-04-03,-0.025407232855243465,0.7536906671682974,-0.40553504390439377,-1.1579325539162255,1.2109432774613138,-0.6004212109309084,-1.3592237354720842,1.7654819426477983,0.16286250006087544,0.05899312152305538,0.12317165084609366,-1.1228420132560262,-0.5903932500620184,1.141244913743712,0.7232688195707339,0.6292078392247443,1.2405799321528337,0.471327082963451,0.2849947678091717
2002-04-04,-0.6182517716425938,0.6674709231060293,-1.4418227694542118,-0.875819396667544,1.2255577274391773,-0.2851694946715142,-0.39139744349281885,-1.2365897070855898,0.46490770336022813,-0.6726138994404558,0.31075465412466746,-1.2987045885867519,-0.9361397267886017,1.416789893245201,1.150850404362697,0.5593296476291326,-0.23321002783064876,0.2849947678091717,0.23562628132221816
2002-04-05,0.12430941454686209,0.473855232928589,-1.8151017071805726,-0.47411974611114577,1.2240133396898252,0.4089809116527,0.5472881818883277,0.3600193076742576,0.7360700538720049,-1.2349733742678088,-1.0650228024672668,-1.4653062868104259,0.2258909736281924,-0.44283689374304724,-0.5504526674861833,0.3852231337633779,0.028261309981501937,0.23562628132221816,0.7204245092449063
2002-04-06,0.5515209432612614,0.15682997308968621,0.5000846579722391,0.012130498596808465,1.14302870982002,0.370107168277945,1.7956427874721148,0.40240462373511793,1.266532119232677,-1.6541278180971892,-1.3362027476243958,-1.8016303155333973,0.7302135661709291,-0.9515297938670118,-0.06974911493473826,0.07050864599364408,0.5000180130725825,0.7204245092449063,2.0446423742095763
2002-04-07,-0.6438967388030863,-0.0978415223419764,2.049661326124123,0.4755791287987367,1.0019396337551532,-0.3822402236482331,0.10617520240858848,-0.5021866635545619,1.4672416671443471,-2.068968227680647,-1.1366529024125465,-1.5420494748316491,1.0719260131360326,0.37283816285818827,-0.18952911544726805,0.04884781640459287,2.945140587848961,2.0446423742095763,1.3506721489612497
2002-04-08,0.6939625652566043,-0.2908903651319128,0.4302069400266015,0.8624346775763776,0.7908855105642886,0.21548700201324583,-1.6678602796127586,0.05747674296090805,1.1936999729782294,-1.7200245433473587,-0.9969706582023098,-1.4220050088022516,1.3764755746424213,0.8086562909039972,0.9420323856001899,0.33355776527876446,-1.1302372810229946,1.3506721489612497,1.412151016234337
2002-04-09,-0.6136395404663274,-0.30836566481074545,-2.7332671878834383,1.1410556435148225,0.5932477133003915,1.0450475655140141,-1.0707434166337855,0.6828694629202333,0.05293567753402489,-1.580853269837752,-0.5542300401384818,-0.777188379636909,0.3654595435907822,0.6462097162283515,2.3093254716442555,0.8417979485766152,-0.6714135148984715,1.412151016234337,1.8211868288955586
2002-04-10,0.7532585736703972,-0.1953237367154388,-2.252577292998839,1.2980383256584334,0.2893459208220708,-0.03541859371149802,1.540493063545857,-1.1466862789131065,-0.870208354574727,-1.6876167161425415,-1.0327625829431546,-0.5251516552435179,-0.4223597083977744,-0.8081847748728958,1.416028342239786,1.0242994077215335,0.9671209201923896,1.8211868288955586,1.5734580143257348
2002-04-11,-0.49830344886569405,0.07752712902785831,-0.6812252538617783,1.4410374624716626,0.027384800407730926,-1.5865259534911818,0.2026361568928252,0.9279084451003917,-0.04880068750737567,-1.0707093729765853,-1.1540905652289204,0.02570328888844248,-0.9869778544010291,-0.6711082079514074,0.4361214452552476,1.0722159194811338,-1.1751063378412494,1.5734580143257348,0.9391586271259029
2002-04-12,-0.792464949256588,0.6708227876542324,0.64125985518264,1.544189635866593,-0.2367587922789463,-0.7570250354352782,0.4219784364814228,-0.0817881018207198,0.6104461135183787,-1.0087066980369221,-0.39426837776246665,0.020514759748919528,0.5046488818914279,-2.0199386733601203,-1.0307094416745795,0.8033177396947611,-0.8797720875525424,0.9391586271259029,0.3948759799889163
2002-04-13,1.9577463342710753,1.4333659860319548,0.2710711261590611,1.5040914639923806,-0.4632750858974551,1.0318684094059078,0.83519014330107,-1.0163839668444805,0.5207429153581431,0.027463521704657438,-0.3706843096255656,-0.4090724148495298,0.6363915041945257,-1.593656296822126,-1.273919158311306,0.7420755507333998,-0.959503206270205,0.3948759799889163,0.04005720038150201
2002-04-14,-2.437712460052796,1.485637865112744,-0.3781486873425528,1.6054685978903973,-0.6500878065990437,1.2075353313047954,-1.6916982697775904,2.0414058169370053,0.48400148497551054,-0.04388118057692178,-1.5783559887412089,-0.541986467746439,0.31908478799757656,-1.4118130154403365,-0.7069867760992649,0.7113048858228194,-0.8336153131095093,0.04005720038150201,0.26799632017022257
2002-04-15,1.2635686348025315,1.3901874743515725,0.4806470062233438,1.6143550936156834,-0.8639326123613408,0.1835972682767283,-0.014654018738364794,-2.5368334115733355,0.32805490974060303,-1.0151735298136404,-1.2857023203678284,-0.45107533976214575,0.12872496680375067,-0.6028637896258254,-0.502652354957925,0.5440975399045724,0.5013570177034073,0.26799632017022257,0.48097373632863927
2002-04-16,-0.34846713280570724,1.2789017569934233,2.022746368199148,1.6438220594266366,-1.0321535080396909,-1.2120616073873283,0.6244235870178337,1.9064843122185193,0.09575495579633886,-0.947420711556771,-1.2913117386445125,-1.37650858769328,0.15028259046142092,-0.9904207611053912,-0.6845607251430985,0.34583773340696367,0.3764424381080585,0.48097373632863927,0.8818714815059194
2002-04-17,-0.19032063368867597,1.1698722307972267,2.513610002666306,1.6114669709568596,-1.1648487039629203,-0.73402594821559,0.26644530967565844,-0.29429749622922263,-0.5559512819547022,-0.7642112231524418,-1.1718861428405247,-1.6642799742709367,0.3787748941951166,-0.5590475462056662,-0.7161616921509268,0.07071689776539569,0.5085300994563218,0.8818714815059194,0.06482521052905994
2002-04-18,0.11377804762266659,0.970774744021987,1.0019854567507809,1.6002778429913702,-1.3383250694445694,0.020176703836974456,0.2402226309624372,-1.0691230618533594,-0.9088017359187193,-0.915291844854845,-1.1909696577941384,-1.7738855639571272,0.6532830607200591,0.7282921240706184,0.2910993219519447,0.169364337865521,-1.503007861333048,0.06482521052905994,1.6944964364037893
2002-04-19,0.18553575633978472,0.32794358670887286,-0.8651657679647519,1.4852489464316068,-1.396782958814285,0.7865927248246191,-1.0089843980316668,1.2415511676731763,-0.6401482145468218,-0.46783866154707027,-0.4195652148415677,-1.4859259154677007,0.4225944496352561,0.19451479899258287,1.5601718310862656,0.3846098898574935,2.42207996524484,1.6944964364037893,0.16294765339449446
2002-04-20,-0.16736571199896716,-1.1078408494350487,-0.14647435985589535,1.3362693459718387,-1.4054582224945447,0.35550220597136595,0.28995671811135404,-0.9515694039294789,-0.31292532622775077,-0.4307063087100845,0.7077154559696635,-0.8329520163932393,-0.4981883378993081,0.9607210823618871,-0.6580861261244149,0.31381139895504123,-2.903859344777663,0.16294765339449446,0.5445846868213402
2002-04-21,-0.11362175711067547,-1.6228697546454227,-0.3311609897910093,1.0998972960417919,-1.366455255988829,-0.45513047916761085,0.3027509009803368,0.4999405020770064,0.08001934563210099,-0.48702258539493887,0.19344641649275765,-0.8556711228740609,-1.0944114409858958,0.42645415554896465,-0.29954032140763015,0.14573774041321733,0.6351196261767817,0.5445846868213402,0.7751215467777872
2002-04-22,0.18542734616488543,-1.6810411008423274,-1.1634027650232308,0.872731818525145,-1.3002402488619034,-0.1742821362643714,0.09609286041267194,0.07001437904995021,-0.22267473745132796,-0.9891336757969311,-0.22571075860435227,-1.3401119402834203,-0.13753830602890524,-0.39816050400431163,0.055133404748670706,-0.25431850814575757,0.16892107921349692,0.7751215467777872,0.2880841548251375
2002-04-23,-0.023729305107433325,-1.6881909166672369,-0.454448784853299,0.606150426612898,-1.2138715386955705,0.5233683637440709,0.5586153864829185,-0.30349245467068653,-0.5170393814678927,-0.9154557925028595,-1.1851515958442884,-1.5057675890915705,0.33828320739541723,0.010747938295028958,-0.5063783620788312,-0.5875236302746975,-0.6556897650421067,0.2880841548251375,0.5895881472847472
2002-04-24,-0.01744424827292642,-1.6415247243063693,0.03368147857439442,0.32390483153115407,-1.1746480905468495,0.22649201862124047,-0.40813090012047165,0.19276653609138406,-0.7984179298397391,-1.3048476192695775,-1.6205254338898032,-1.2557792155351029,0.11224761755026962,1.3406704191567222,0.783879280402128,-0.6115664314410314,0.3312995805651658,0.5895881472847472,0.5195970392588973
2002-04-25,-0.12876922637264085,-1.5023742488740235,-1.115197072480886,0.0006869516551972116,-1.0546741360691827,-0.7551825583249049,-1.236555019422624,-0.0032361367980205283,-0.5367255630297653,-1.2457437247126804,-0.3198432065654188,0.3068836172923658,0.17871978789663212,-0.32303354911549725,1.2077893116556324,-0.2775075785910961,-0.14372802711561072,0.5195970392588973,1.6701186632166174
2002-04-26,0.3869238342332522,-1.128986759470803,-2.336695129249674,0.3222370572142653,-0.3631576120043455,-0.4271810722160929,0.6394911254891452,-0.2080223714693012,-0.08538954801690436,-1.3518023487630877,0.6702909066970445,0.9647104377176698,0.3077225089302973,0.1385409253571879,2.3267699004327262,0.3987500375073997,1.4033953496677518,1.6701186632166174,1.2161008650166452
2002-04-27,-0.29885495375081417,-0.3171909137019756,-0.811294619009768,-0.002001611227584403,-0.11536084337221955,-0.6333071157495314,0.4819212767964859,0.44388186875304053,0.5412216026034107,-1.5756037851781466,0.7963104524277426,0.47441623118114973,-0.44453358401295734,1.121759266611484,0.051105929129912,0.5370837000467428,0.15738467332729122,1.2161008650166452,1.1082004153238851
2002-04-28,-0.010220661882930256,0.7750540657419842,-0.6136475569867872,-0.29864082150625954,0.15084990103413354,0.31364293455395176,-0.49336301189041837,-0.49978798967926114,0.3529893236658029,-1.276955189768592,0.4161655329793626,-0.4900419947663758,-0.037812110325718136,0.046337674649961254,-0.2876793488426565,0.5617948519196325,-0.2414392316383088,1.1082004153238851,1.705837143057982
2002-04-29,0.39612334751783296,1.3043436075419506,-0.17403336983697767,-0.5979976137613389,0.2883590253976181,0.5214594746213675,-0.11954155739561637,0.5731525243512439,0.400940401912387,-0.9555932647820004,-0.894016131641302,-1.2037261427091068,-0.275239241718618,-1.8148619900970426,0.08826737961940709,0.6752462168215131,0.6273023534277438,1.705837143057982,0.8719518297468443
2002-04-30,-0.7807611042811093,1.4622155797197918,0.7483160626855446,-0.8675957742887421,0.510415463008226,0.1348849107282741,0.37392950745082987,-0.8292755878939857,0.24528701562287683,-0.6619985195894551,-2.258099292424379,-1.5005883200073076,-0.4041712581690914,-0.7628981406629018,-0.23197266262272273,0.8107852772675449,-0.8280281410749857,0.8719518297468443,1.072993289299744
2002-05-01,0.819850809450478,1.3394598636603712,0.4421317497576402,-1.056901414333529,0.7487672347125337,-0.009511451130866946,0.012870324932930536,1.4006059059257692,0.3409866260951329,-0.8343002225896193,-2.2702763269195936,-1.704648934370937,0.13281343981062133,-0.4026315829635229,-0.4466500296666501,0.7237540484895016,0.032575325895672774,1.072993289299744,0.8384182216601981
2002-05-02,0.01667397837614237,0.8378464279402313,-0.1853840147285902,-1.2270374838564753,0.890783085554222,0.3128643028578882,-0.3615393387531924,-1.9888050956029497,-0.07747637651942238,-0.85100335287526,-1.1525731134603174,-1.6234701907699085,-0.07065453393460154,-0.3177405173593905,-0.316167341213581,0.42750776277886227,-0.2417151096535711,0.8384182216601981,0.6824094844130545
2002-05-03,-0.8475963518561296,0.04578064596221632,0.19173242352733202,-1.3588648776977275,1.0069715222784603,-0.3409233572516906,-0.374110637685037,2.23059692552617,-1.191832676936783,-0.653420280967565,-1.1876882378657225,-1.6891305112101032,-0.8950438790928379,0.1227099247708539,-0.9915571811251157,0.3639458067174814,-0.16035920926749977,0.6824094844130545,-0.5615791556229117
2002-05-04,0.8123259863169289,-0.558551811984716,1.5460938456191786,-1.4457459393145358,1.0874167346178085,-0.9447392639391038,0.14737222768075925,-2.3957945325928884,-1.574270208685391,-0.6240093911292092,-1.7086576758289131,-1.435794255145219,-1.6256222347224998,-0.3566345030431417,-0.49252505424361903,0.27953738037091547,-1.8353583151508808,-0.5615791556229117,-0.27456639344846456
2002-05-05,0.23672426642421343,-0.7759839572705347,1.232697230287146,-1.5626652040606297,1.0893413611733986,-0.186495907932709,1.7344056855999412,2.3098586687599214,-1.609327234299642,-0.5581427173239683,-0.7874474182084212,-0.685558585675691,-1.2683319944896756,-0.13435448660189817,-1.209577573470461,0.009548005425694811,0.3351237956985905,-0.27456639344846456,-0.7670302206294576
2002-05-06,-0.3109496495386849,-0.6932999293749996,1.420394142123844,-1.5784773120368853,1.1312622276283504,1.1563038595368422,-0.7676103673288873,-1.5140976413571703,-1.6118521062280282,-0.9728072113073215,-0.9532277357782355,-1.509414389671302,-0.016477734722235484,-1.6123730283862765,-1.005330342838835,-0.09847855704332072,-0.5963655984665952,-0.7670302206294576,-1.0515996437491284
2002-05-07,-0.6475720670496506,-0.3786599137440135,0.1265828386892992,-1.525472836784998,1.0970913685967685,0.5738308920752093,-1.4937576698207837,0.5863485252432217,-1.2177760485164404,-1.224165439788591,-1.4309325073335388,-2.2958459465711094,-0.7901953596203984,-0.9193838188865368,-1.7615431767291012,-0.43012387534204743,-0.5502842214821578,-1.0515996437491284,-1.4734031988654273
2002-05-08,0.9572110981916633,0.20036698591554705,-0.6985666401019638,-1.483355143233434,1.0842003398960378,-0.7108995770392635,-0.706589939522654,-0.10868344613471365,-0.7609321925511073,-0.8687487903150147,-1.0495457097805805,-1.3637948688168111,-0.6957354301323625,-0.6550486985640936,-0.29638785041737115,-0.6458895397012057,-0.2327650637070541,-1.4734031988654273,-1.3227233857046967
2002-05-09,-0.4364585872476904,0.9236301050886115,-0.8162431002476545,-1.4332600015351973,1.0291897520125786,-0.3265136843069316,1.3178821994773753,-0.011364869711143467,-0.34414175371551997,-1.177862896588372,-1.7518855754636107,-0.8106621218501335,-0.9755911996336074,0.11517302545577392,-1.440789611667545,-1.2095174956378363,0.3804159729413094,-1.3227233857046967,-1.5189267139121476
2002-05-10,-0.1998628912537443,1.3212702073846179,-0.3272992561586034,-1.3593709030260896,1.0046794693954733,0.1682987104088677,1.8638117348640884,-0.2714095513479705,-0.2837338585030371,-1.3183967864214634,-1.8655206306951158,-1.6445179456795325,0.42333656343883774,0.7242055661728819,-1.0416716273168862,-1.3426160889978125,-0.34163016900867993,-1.5189267139121476,-1.067319957436322
2002-05-11,-0.141958928178519,1.2182763173299163,-1.1669105076022515,-1.2754072582948623,0.9423962325677679,-0.3974800727110433,-2.110137634118566,0.7924340470653579,-0.863552076446137,-0.5682466532823691,-1.6427167561515412,-1.8168143344850585,1.1470431129805165,-0.1493723687253309,-0.6480516167578226,-1.4288851294685316,0.5364921126405512,-1.067319957436322,-0.4335954500919316
2002-05-12,0.7318562081258367,0.8052634434941139,-1.6618929704141332,-1.180678058572546,0.8241152073439103,-0.3585087685694384,-1.139577643818514,-0.9454290409279332,-1.481971708174786,-0.7971739849076006,-1.3766514150018159,-1.0422871133743596,0.5279857114654907,-0.5285035607292289,0.5602094919510026,-1.3881558423246432,0.3624390824999137,-0.4335954500919316,-1.1349681255906439
2002-05-13,-0.43349891767632576,0.2116448656503538,-0.2872616242893189,-1.0643674279872324,0.6917266347172283,0.09154149699584435,1.5265457714827584,0.8302653940595159,-1.5738696115392397,-0.08427831459921772,-2.007589250151301,-1.7882235545313279,-1.4238211879139984,0.4013764647868997,-0.5790482356812099,-1.4376603789651192,-0.39588545212593235,-1.1349681255906439,-1.305010302817914
2002-05-14,0.3464712024652792,-0.48238575914706433,1.1765898642945913,-0.9205422585901105,0.5199447933878492,0.4382865204391579,0.2857490487805624,-0.5920372829158005,-1.5276856766278588,-0.04253296607984703,-1.75426503302287,-1.5133032498063363,-1.1215708175320378,-0.37161197552349867,0.5706645381783553,-1.3462773623259932,-0.3730407755410128,-1.305010302817914,-0.6388052891687844
2002-05-15,-0.5702052281845028,-1.0551508743688627,1.2461377733983718,-0.6386960183171858,0.3325196197263983,0.4072155760234234,-0.16170479980389044,0.24313626661927668,-0.9432997365948185,-0.7632229639172542,-1.27551080072367,-0.9203921368636645,-0.13343718915223474,-0.8800846007899458,-1.3981000707841755,-1.405230289510092,0.6358129550382753,-0.6388052891687844,-0.9774235510230235
2002-05-16,0.1511496342104104,-1.3850173467456275,0.7178154999376205,-0.42164772742509055,0.06009173089638332,0.6582244068473238,-0.6595582805596784,0.3513365008700175,-0.9336516919376341,-1.1014939190013007,-1.1165954909612927,-0.8632968536424442,-0.7451559749146213,-0.48049692370450703,0.3195615385416416,-1.4192667012546263,-0.11684991364858237,-0.9774235510230235,-1.265769573645308
2002-05-17,1.3596575504207729,-1.1941527803319694,-0.1657992834039849,-0.15260091867866288,-0.16737139344861926,-0.24517388625512498,-0.43363417519979247,-0.9639100043418986,-0.8192835847588403,-0.44659404277658316,-1.1366059231660688,-0.602048576970622,-0.640272606245246,-0.5115109670736625,0.07073738802122358,-1.3732873543629338,-0.8062737702123927,-1.265769573645308,-1.3085772532034357
2002-05-18,-1.2877504752924354,-0.5952600444779644,-0.35788498575630123,0.2099856879275702,-0.32651034036513504,-1.2307839236377114,1.110514774763874,1.0519528424934461,-1.0429621124585018,0.5383394360020921,-0.13566925321692638,-0.047392508819802684,-1.1640604178429992,-0.0775391509473282,1.4160584723795004,-0.9831039115299509,-0.38716489884622307,-1.3085772532034357,-1.015487685656734
2002-05-19,0.974947264851387,-0.01913907446511603,0.1976864888629307,0.5751094153929683,-0.513992686218912,-0.44691824768812194,-0.6641200348795168,-1.185635266319747,-1.1148927693494082,1.4599910592770933,0.6687940174816299,-0.22162144426037592,-0.937049714026871,-1.5012199064279594,1.3411662802644189,-0.6700833132206196,0.20818424567238722,-1.015487685656734,-0.21807904514886
2002-05-20,-0.6046908483898507,0.33157383524327044,0.2467981258131643,0.9515949872900084,-0.7398100959295146,0.5406542154524185,-0.48988351194941526,1.4276355221429118,-1.1603083817290847,1.003512484711047,0.8611969924935075,-0.28292746565375,-1.6613910394007163,-1.326781652743023,-0.42747096365464743,-0.43782099140877195,1.5887696817070571,-0.21807904514886,-0.2665610335002843
2002-05-21,4.177454642616629e-05,0.48635381136557476,-1.0281782690933183,1.2712408168322555,-0.8059949277847968,0.6239289359420621,2.3327552181954894,-1.6535148259968713,-1.2684343091941301,1.2225782424940967,0.5354447956782434,0.29541673187511336,-1.3870931514954887,-1.405761615355813,-1.1173881205053844,-0.5872708898097669,-0.18878214722459888,-0.2665610335002843,0.03952582735463081
2002-05-22,0.978839628644495,0.47837402622771213,-1.5821388533000937,1.5036441049185887,-0.8430098538078937,0.434262720662971,-0.3881382281412041,1.7619978099980298,-1.2700822108952223,2.116295788518139,0.983026941125718,-0.49502926039707956,-0.9754811567401757,-1.5666657485286366,-0.030817667922262967,-0.340182345371661,0.3665476786055256,0.03952582735463081,-1.1409038755161995
2002-05-23,-1.7745414253185416,0.2573639228809825,-1.7479405573241518,1.6393671715823652,-0.8552143265865716,0.08169778949526219,-1.716565135090037,-1.8071129442173441,-0.8272426013315138,2.109298572018076,1.1448303986420243,-1.2359970550087056,-1.157074544958146,-0.8731915616420362,0.678660875581463,0.13359154642173746,-1.5491843211138712,-1.1409038755161995,-0.5131346015072298
2002-05-24,1.2722196985835192,-0.10970119153080038,0.10715143608166142,1.687289292921808,-0.8534994123376244,-0.7367291790297201,0.32261185008620047,1.7819310420428673,0.2178349657090675,1.6150748114543203,-0.21121966941349493,-1.2626070294343197,-1.4261098016843587,-0.5834356476789866,-0.42849913931533984,0.1339972851167502,0.34934579682149614,-0.5131346015072298,0.1644196813025822
2002-05-25,0.14256243602175664,-0.5115179094547371,2.236480067772754,1.6756002305496176,-0.8379956064279935,-0.9769584087767406,0.18266750386546698,-1.7464372179853045,0.12905821828251982,1.5136982983700875,-1.01102379309072,-0.02943922375173795,0.2332885541398679,0.2843172969433081,-0.31881152456528683,0.004148336623272273,1.2150171260260585,0.1644196813025822,-0.22427380812764103
2002-05-26,-0.7635384250827603,-0.7385592930498748,1.704846269913377,1.614290265748567,-0.7900330849313812,-0.35517235361734517,0.9751074518814706,1.726763510761396,-0.07615804535580606,2.186651450249347,-0.8106400167374251,1.4530991314693886,0.7726612271073695,1.5412127827306097,1.4470833064852278,0.49309182998422135,-0.5460904291344808,-0.22427380812764103,1.1768725956275936
2002-05-27,1.3124643715933175,-0.7700404272579137,-0.6845526817917708,1.5342722090049072,-0.7510686531111007,1.0305187218097636,0.33102647993563206,-1.6727319513907726,0.9773752798579017,2.0220329849005685,2.1787252307395457,1.8363056312163724,1.5233243483811332,0.901618202462142,0.5267715679066982,0.566471691930459,1.5189636648894294,1.1768725956275936,1.0751265339705331
2002-05-28,-0.5174309160394307,-0.5032013580339825,0.24564019372669266,1.1589893307770907,0.07396441347782089,1.0735763745414673,-0.6020646642183827,1.3900244352277407,1.751125747556693,2.2887901791581533,-0.06325860082522215,0.001217546723177649,0.9298027072130661,0.2833290125629594,-0.20134860922003017,0.6626684538568253,0.5072252294526929,1.0751265339705331,0.8720827977618194
2002-05-29,0.557096236316564,0.09140283860824243,0.41802554557299804,1.1481274559892136,0.16296643350403486,-0.3134304627051566,-0.2040022123898685,-0.8984044747911696,1.4456432426577808,2.355291585972423,-0.31288369938955773,0.35617523398778417,1.7933834213861124,-0.37667331485081607,0.5961208220707218,0.7115901919901149,-1.0751548313813184,0.8720827977618194,1.6851156047628573
2002-05-30,-0.43193182850410106,0.8722676486656435,-0.37458596959892565,1.0343476920379964,0.24241839527885697,-0.4562911040792003,-0.17553186146205055,0.2692778858251751,1.5268526641849771,2.9411801541258558,-0.15182913053306854,1.24730817338505,1.967706486521418,-1.5703549081349715,1.5259595564481978,0.9345936066185019,1.1503154663027249,1.6851156047628573,2.6623446976440137
2002-05-31,-0.22973927156421042,1.025428542752819,-0.5290792612496937,0.934984210081936,0.30740870035628814,0.2129442901345363,0.5241083963913017,0.2620273192594774,1.9125315508580316,2.002528037057225,0.4577560971732649,1.183267853793991,-0.46250416676096867,-0.8228284890337563,1.4346573431196163,0.8084938969673572,2.2508931150657703,2.6623446976440137,1.8156264693222257
2002-06-01,1.5422386539726434,1.0938913160107524,0.6188079050062382,0.7846080194059607,0.3923514795347546,0.7736665250431107,-0.24021661436859987,-0.6176417145592085,2.2549539104251703,0.2535156811061694,0.6268128336892631,-0.06210961455483685,0.1381584978769862,0.3756458361683919,-0.04531748775577801,0.6416048019424837,-2.208100100047861,1.8156264693222257,1.6427153722208754
2002-06-02,-2.3237894871911577,1.0589016900581292,0.3372414853469469,0.6399587546232514,0.556380515251337,0.3817055708369741,0.3848744342950252,0.718851047635622,2.0784104682995808,-0.3630003751603051,-1.2485060153845375,-0.6316403095862637,0.09933474017580689,0.33759387287396025,0.12529498056758218,0.7048673871207338,-1.1677683902769396,1.6427153722208754,1.3372421624094475
2002-06-03,0.5847788171156039,0.7615063831346708,-0.20649715947613745,0.3907489298634409,0.5782639176911888,-0.2505530725835079,0.1678250804942733,-0.3506476502740287,1.1761089188822689,-1.0120822514049528,-0.8761930033040546,-1.7034333743535042,0.15603450472806407,0.22088509022498348,0.28310688070598305,0.8449348089406657,-1.1027155180558417,1.3372421624094475,0.9711790596478797
2002-06-04,1.8159513065677966,0.22600547369923657,0.5759564533997829,0.1489225495372191,0.6098325214934505,-0.7735183578217715,-0.8564308510215008,-0.3922671030491064,0.8696586284499779,-0.9221461979634837,-0.723937376247341,-1.688345784286444,0.022088581075584052,-0.629412894466064,-0.22517829088429364,0.8314397868869003,0.003296437353266658,0.9711790596478797,1.6211937070457847
2002-06-05,-2.0229230175767303,-0.7363652017136688,-0.19461429548665513,-0.12352389152656175,0.6205230588653816,-1.033242574270826,0.4736897620425387,1.0657642693863216,0.8867352734881804,-0.8237678953166407,0.4247743444302635,1.1373276796063683,0.5543262135744211,0.19148802721207595,0.248353130537701,0.7802293647364724,0.2231663010444214,1.6211937070457847,0.7816653588158246
2002-06-06,-0.09145865887634079,-1.593167951012523,-1.221211283087508,-0.422139274528292,0.7477683968598372,0.02021130861010941,0.36048039216796307,-1.5630611822067275,1.4818752689836436,0.2391379019400859,0.8606961476384457,1.2818298013837677,-0.2090496686029993,0.29241179381811133,1.2538620880917617,1.077402981068079,-0.19773608518325628,0.7816653588158246,2.004461355607807
2002-06-07,1.4988089268976108,-1.9829801650449135,0.11459703523978973,-0.7399938152888081,0.7187057757501718,1.8224910222531852,-0.3460621985825643,1.6368052347116488,1.7365866223932955,0.7576511987359382,0.9624721363389399,0.2768640190976165,0.7125365368120663,-0.1447952972888891,1.5611756726705976,1.3287212993549564,1.262482246666807,2.004461355607807,2.850479897036296
2002-06-08,0.41120765198320236,-2.0696378445743604,-0.10332433727695697,-1.0349442950356427,0.6789214351675025,1.3943828389488768,0.25263515831760264,-0.5889426522612935,1.0613117872848683,0.8687661732939116,-0.4824349751580146,-0.29495373475470876,1.3158519371484163,-0.39445192162792847,0.8330145066832436,1.3603500157879682,1.8414346373519273,2.850479897036296,1.706392048765687
2002-06-09,-1.922257114131757,-1.935512358272078,-0.26745942664667577,-1.31132147317538,0.6007952890937999,-1.6777996602312502,-0.4333275158823653,-0.6930997963463614,0.4483666918677582,0.7571395594349047,-0.8086470143299733,-0.06986052706886285,0.8821967916326868,-1.650915325150756,-0.6473290024248287,1.323989908548345,-0.571376610749813,1.706392048765687,2.0095528649483825
2002-06-10,1.6530908555457913,-1.6739675731497627,1.2207333370359128,-1.5132558873031035,0.4473978412857357,-1.8141134510933077,0.5598728940641857,1.5550898894644258,0.035619403673598,2.2149014095728057,-0.3474212947874348,-0.20135494170939608,0.5378489757118011,-0.588689031404407,0.564155005370811,1.5028140235444993,-0.2332373134991285,2.0095528649483825,2.254303533925974
2002-06-11,-0.4942201935373825,-1.2304989361407837,0.11761046848930397,-1.6947402444147524,0.40056811012209387,0.1605953242388898,0.12858010837529743,-1.8712597813249663,0.12060014485121978,1.8604865327610318,0.23829817819579402,0.9506486393363915,-0.24703106510782175,-0.10923163986892763,-1.177529893835645,1.3200776353259702,0.10301240494556861,2.254303533925974,2.076553182592291
2002-06-12,0.2497362711781782,-0.7276290772089764,-1.4529944634059262,-1.8422297031405965,0.27395979410867816,1.2896740293479545,-1.3704002128293529,1.6343468279529447,-0.0875608533927678,2.0786970912660263,0.2045694062939823,-0.4146203223014383,-0.8531058549999663,0.01820815297834221,0.8224017701755446,1.1839221990366957,0.12060659672390449,2.076553182592291,0.845956922237347
2002-06-13,-0.4466320060031083,-0.22207276466878542,-0.3530332390955935,-1.8601215060271905,0.10043355677598864,0.1676239161641221,1.1851246813740197,-1.079136240437856,0.24772651524779,0.9555911582814981,0.9314765436141335,0.17818214940404697,-0.09158773601855799,-0.42616830776066167,1.666576038498921,1.3051925186784052,-2.5348589950215317,0.845956922237347,1.089686258637479
2002-06-14,-0.16124972465676524,0.20572534194186848,-0.718982808797155,-1.8744263427002705,-0.06312888213255831,0.3795353267209587,-0.26405227734125836,0.3725475276220162,0.45767713310768016,0.34196722208068336,-0.27204227782195156,-1.776555645669637,0.33294756096281153,-0.1293643623146791,-0.2686940101119301,1.1914980304576688,0.3497531556737711,1.089686258637479,0.7429224158420535
2002-06-15,0.2803414028150214,0.4818141028424612,-0.10707296677102775,-1.8240473869522256,-0.23082084214792523,0.8368852762891873,-0.4999057361066398,0.26165555068069596,-0.06243650087830722,-0.2784577115888629,0.6866334524677432,-0.06960809756310908,1.2875462694697595,-1.427825180792713,0.30176313727168913,1.1736791202297019,-1.349440481605758,0.7429224158420535,0.9201513104008687
2002-06-16,0.18423082393306695,0.6464842865335969,1.1012597811115157,-1.8221612953843498,-0.4755353598459913,-0.6961273745851068,0.8648288404085042,-0.6160234759035478,-0.23928925459642025,-0.25268408213304877,-1.3368686443520974,0.16566754138487066,0.9414371045587875,-1.262587246256494,-1.4322370295944846,0.7887171497021316,0.34794682058917725,0.9201513104008687,0.6317226797286104
2002-06-17,-0.24699663663054755,0.6319335904578492,0.7660556166321645,-1.5894815860379663,-0.5851819667415147,-1.5848753889057365,-1.1902348632267363,0.7455620650217638,-0.8840608792485243,-0.15755729293920426,-0.877925182224186,0.23680546937791366,0.678521840984668,0.39143032587029486,0.19348972625324656,0.8857037082585344,-0.5752024379147721,0.6317226797286104,0.8246481361221869
2002-06-18,-0.6700831704620696,0.5374377231008325,0.300484690923113,-1.4300413680862345,-0.7212943035980406,-0.6463033822175329,0.07043472009618645,-0.9382867873669942,-0.8329008431274688,0.1309952776271774,-0.3663474740048244,0.5093527383935589,0.36800070807733865,1.3698476501323493,1.8598523000690421,1.1186289794024775,0.19562599484030443,0.8246481361221869,0.5983336800866951
2002-06-19,1.0194114159911825,0.4816636668827748,-0.4175619314026598,-1.2733682350898405,-1.0367713118844724,1.6909415253318472,0.7571182556710585,1.4306873455527662,-0.5399588876557062,0.8950106249098762,1.532475351807565,0.41702429938351027,0.20562724872567742,1.1840691936840384,0.5404823434423661,0.9385342265443953,0.1399907266026883,0.5983336800866951,0.6453146823657772
2002-06-20,-0.337292651686069,0.5288045628517872,-0.3273611068012877,-1.0324386489510184,-1.1346368162422438,1.49176601078581,-0.5217266976918592,-1.8255060106267365,-1.411242347733415,-0.31039241289299085,0.72525725121546,-1.238858054957891,0.9281682798705251,0.25033136521277743,-0.30179840921808554,0.4912299866176469,-0.30654051449838904,0.6453146823657772,0.2992449710161924
2002-06-21,-0.4003030161132737,0.6534228834603397,-0.1451466739177449,-0.8801487367638677,-1.151886136438204,-0.014396173454960592,-0.30479154764663685,1.2167134666199189,-1.1418890329496223,-0.9863564368539085,-0.6457135867830553,-1.3383422383993397,0.48410773384478806,0.5520587911994563,-0.20001998142755828,0.14376146744911145,-0.49396023791493826,0.2992449710161924,0.2867861562936143
2002-06-22,0.3503788569752024,0.9087976329993105,0.034853645310327586,-0.5285520198200218,-1.1860778279201003,-1.5931913394743058,1.3755463441994935,-0.5124694942912361,-0.29783562819871556,-0.03125169119457365,-0.056250937341347736,-0.36791768062713054,0.14540734887490522,0.50745381155309,-0.5045047773010023,0.1918836070912635,-0.16160040168280998,0.2867861562936143,0.06478938457225694
2002-06-23,1.0024458974207446,1.3437457772389176,0.9866783497200992,-0.166141720819607,-1.1928079190344394,-1.4907700160897972,-0.15189681862480192,-0.1537698064651698,-1.206628598298829,-0.3755291008203908,-0.8282522498769018,-0.9818970663344632,0.036165003673892825,0.8917094953671755,-0.021363813188571796,0.09631886927480279,-0.1184907002784062,0.06478938457225694,0.9199478811146012
2002-06-24,-1.809250698407666,1.6415277571851123,0.5141138314562541,0.07826933199488288,-1.1811681581028028,0.4196944871396572,-0.8893682257491379,0.8283050384081548,-1.380797690432587,-0.5032316467036775,-1.1072640373166749,0.07468767115174389,-0.27598116101830333,1.0610965835575439,0.3583994939379622,0.35981637116222115,1.5637208324929095,0.9199478811146012,0.41363380280750406
2002-06-25,1.0090833444985612,1.533380456808258,-0.7424203919571943,0.3651953648350273,-1.1374850736632514,1.3204874330472691,-0.46433191413212355,-1.2820064117778454,-0.9314553174585416,-0.3091555550451286,-0.8631831534991175,0.14594290347165295,-1.2239324972044456,1.7451354952284281,0.19546886814886313,0.2654980889382744,-0.8777715641686729,0.41363380280750406,0.3821098228379658
2002-06-26,0.09165039411917594,1.0514259692678896,-0.25167362388373593,0.6214265889600399,-1.069195962549768,0.6684399710662575,0.4733977242683595,1.1733729497292738,-0.6155711843080589,-0.6586369221067461,-0.44150052604613516,0.6166548830877394,0.15664566836962276,1.791118251676785,-0.5269714105654836,-0.19053119762069853,0.11821275016196875,0.3821098228379658,1.2794834169235707
2002-06-27,-0.16054875604065,0.4934428656482615,0.4475567931781393,0.839965437420521,-0.9027477957882977,-0.7871746954304357,1.0682267324244221,-0.7472895972362862,-0.7395486177064026,-0.7618531010228117,-0.28069288421616373,0.464364310010601,0.399641198046182,0.9482537114308246,-0.2656663344969737,-0.1732194834346077,0.8889113771333145,1.2794834169235707,1.7216949638358445
2002-06-28,-0.46027852802682095,-0.01088865869340736,-0.10763655639205506,1.0295083167692158,-0.774842330192797,-0.6313457180441769,-0.09060963450754475,0.408068095683401,-0.09069821674129984,-0.7235198045812106,-0.6404279647283669,-0.2378907500559212,0.9088633653447017,-0.49865182296344884,-0.14622065920732405,-0.21164710577467233,0.18811342400478268,1.7216949638358445,0.46954348849831995
2002-06-29,0.29132453674250075,-0.478335916635165,-1.0558964034251335,0.8267674128213733,-1.4929017634769586,0.2518231507124981,-0.07008875942525507,-0.5843976556149019,-0.016922674409766778,-1.09432580520414,-0.22511884903596968,-0.17420282696024977,1.396124637250084,-0.7670354692592857,1.3997730441849827,0.18713034212467688,-2.1305806709762236,0.46954348849831995,1.9229881991838196
2002-06-30,0.17569036372943697,-0.8958449658600994,-0.49531967271609484,0.9269934966939478,-1.2590062480079474,-0.4328602029200684,-0.8168092953745977,0.9613914520949784,-0.6620113933021236,-0.49892950730930136,-0.15805110922215937,0.3138830268306169,1.5443518685568918,-2.0402265632792993,0.43020960579696915,0.2080813862250805,2.8842454607373536,1.9229881991838196,0.781853634878397
2002-07-01,0.12408713165094251,-1.0170400265205892,0.8019465686750298,0.9577710610875353,-1.0628441174074608,-0.3627776875260093,-0.4165820616266071,-1.3446449431556324,-1.3859744037367554,-0.6999431106981499,-1.0048114032111604,0.6947175534492243,1.0455434812520943,-1.384179043193176,1.0387188678207424,0.12413611701861442,-2.2637258180383943,0.781853634878397,-0.12912264005470045
2002-07-02,-0.4980701292908242,-1.1903088458017068,1.104214102551996,0.9463672207514756,-0.9259158578134654,0.680139327516139,0.6973251479599162,1.0994500911469114,-1.3028002513238242,-0.7944570258284827,-0.025076399103695923,0.0977188036162949,0.7723626504943701,-0.16333835037099018,-0.7491612548389225,-0.02899947904440736,-2.2038901165425053,-0.12912264005470045,-0.3488888934721834
2002-07-03,-0.15113943286102818,-1.1382373731532032,0.29655997734238254,0.9349507459144206,-0.5980545795432187,0.8053034298134404,1.1894257920801234,-0.6141761955499753,-0.7498809684978347,-0.5737980801884288,-0.011771993162780204,0.5849225235356319,-0.11096933469327118,-0.5454042849561619,-1.1219128659955886,-0.10510830421374441,-0.5292730704761246,-0.3488888934721834,-0.1066745084928834
2002-07-04,1.1402476617377029,-0.7188723934373022,-0.30515497333618313,0.8210061217033343,-0.2811550981615261,0.24924206495108123,0.0512246437843774,0.19804608207520857,-0.6476483606448289,0.782143334728312,0.3556608343396172,0.9837991126186958,-0.1978747652017737,0.032011531663279115,0.07533959686386993,-0.04584358427561285,0.6424492325332279,-0.1066745084928834,-0.10002781888555895
2002-07-05,-0.4836590594404818,-0.3209000583951365,-0.874445119763716,0.6559211091077661,0.023463352610398037,-1.0625836287765182,-0.8626307752546473,-0.10993413923393192,-0.9388815889409623,0.4969828539740419,1.1518373216583384,1.4894296083891674,-0.418021738762226,0.3619932267710993,-0.4251793925366777,-0.07744691647694198,-0.019038713704570255,-0.10002781888555895,-0.24592497975512298
2002-07-06,-0.2697002356540291,0.15574264574984478,-1.4640491958154647,0.5764854823460537,0.38732825196937887,-1.1060576783184624,-0.514261931424923,0.36164687623832115,-0.545702243811563,0.29112227152710646,1.438110143970852,2.0824635461736305,0.9641641463846397,-0.6679312409555843,0.4753318626528549,-0.0139824032126511,-0.415332196800469,-0.24592497975512298,0.2602446392347925
2002-07-07,0.17175056869825922,0.7672700695883841,-1.5309617623552918,0.48613597483009396,0.7362053616096237,-0.4061227141332901,-0.47706938051088726,-0.8413303407982029,0.7101924622662366,-0.569429079145126,2.2732053435274637,1.3757859789106135,-0.4502387234591869,-0.8047546495333944,0.5998802682474863,0.011785132629254104,0.9331355805373649,0.2602446392347925,0.33637057580936713
2002-07-08,0.6347030782112522,1.1635243418668706,0.589896217956376,0.3562178918393777,0.9957765370422254,1.5542034237124192,0.6157108289842061,1.302907557990101,0.7144925566951016,-0.26586165891869273,1.5045505987326797,-0.5046646489998217,-0.22462359105871718,-0.017580258058690436,-1.1370912579110355,-0.1346740090770215,-0.02038606159652547,0.33637057580936713,-0.038549978361185656
2002-07-09,-0.6741568634751686,1.4258280014859723,2.062286197019838,0.2647181211639127,1.2795334710225672,1.927365226439887,0.9797985434703762,-1.3741135361734949,-0.0824590907757555,-0.1829024450163278,0.16848947879871654,-1.8446442370644258,1.2680605312591493,-0.7206866008728554,-1.4230470194924265,-0.19629696386153386,-1.1131376274801517,-0.038549978361185656,-0.4052319949648689
2002-07-10,-0.5595423944195087,1.635020816002779,1.3613920584517898,0.08886977625075164,1.519879159318016,-0.2251315553721118,-0.606602775651694,1.0097769374625873,-2.1875018345515334,0.08054141401707858,-0.23248046449881124,-1.117761235630837,0.5640228186225542,-0.6776888409938785,-1.2370068518100072,-0.3216336409289502,-0.9938589108254845,-0.4052319949648689,-0.5088465860475571
2002-07-11,1.298453280177978,1.666000721654488,0.6885046640452528,0.02923503514114009,1.731775790242512,-2.1376602766674733,-0.7841985822004537,-0.4864655150596269,-1.5738953720968436,-0.05855939514690941,0.32900264519880024,0.18751010950305216,-0.4397602318958289,-0.20324168585782967,-1.0561178573797136,-0.4274933911159727,-0.04715038570258084,-0.5088465860475571,-0.30084399425463665
2002-07-12,-0.45975099711808254,1.5965767873494354,-1.4378617894224432,-0.0940064883974294,1.9163844303887092,-1.8252240635270964,-0.10747483127289294,-0.010668044507915279,0.2084803234752658,0.07854632180343121,0.7609120073564388,1.487566015454369,-0.33986627934749086,-0.5150541087289572,-1.2427767190770045,-0.7663679744376227,0.3005960627087106,-0.30084399425463665,-0.1256990885692512
2002-07-13,-0.46721080300329626,1.3277911379082497,-0.5844552297005237,-0.20223898227326811,2.0533208379927355,1.172589221985943,0.6615310512211522,0.37256243711543147,0.3406982339309234,0.8332190532286006,0.7227757361642237,0.7699624388691196,-1.0049865162804987,0.05340575884257803,-0.17311098364760877,-0.8975941121512006,0.8324034792266927,-0.1256990885692512,-0.4279712909925072
2002-07-14,0.20265393853149288,1.0110377103320283,1.0308802001603676,-0.23820837230158504,2.1460819811091136,1.9271209982696538,0.36271449167373054,-0.5034633754535147,-0.9103736961378209,-0.6432733919883206,0.1609068248370446,-1.2967664335412505,-1.4437115251486592,0.4036648292757189,-0.9178010078893684,-1.0835961831726193,-2.057937753286903,-0.4279712909925072,-0.37090034042774683
2002-07-15,0.4996017452665057,0.4906409635481547,0.7404191237117127,-0.36985917893115416,2.264539069897677,0.6508090995333269,-1.711297192888201,0.6543152729337572,-1.7072801544574667,0.07406658530865909,-0.23740774467474168,-1.3102293216822132,-0.5598223459694598,-0.20945847373024143,-0.45857875077334254,-1.054618910555481,0.32473709759207126,-0.37090034042774683,-0.5025855370976211
2002-07-16,0.08779834700958677,-0.13016678188363617,-0.37539037449941676,-0.3783926186863624,2.217527967338346,-0.8438960589632377,0.5225072249319915,-0.9360228680591048,-1.8229203428808654,-0.47834817247372863,0.42459362635453884,0.04085530744819398,0.2869092339058345,-0.003341733485005289,0.17258510354803117,-0.840638990523279,-0.6199248463282127,-0.5025855370976211,-0.3511953743734433
2002-07-17,-1.175001468541478,-0.8775192545384798,-0.43346672711067313,-0.3667655185796344,2.126336058877338,-1.5484909028868439,2.3596486967822665,1.310705692708896,-1.0897597828269563,-1.4845264342978257,0.25371377167398496,0.5340796499114575,0.7444466832543618,-1.2818955225212725,-0.2541789841467627,-0.8935222781318665,-0.13024232031964547,-0.3511953743734433,-0.4579241092626029
2002-07-18,0.7294941782302102,-1.5607172284428985,-1.0675792210845867,-0.29806983894367517,1.9970563081649246,-0.2770858397045314,-1.7109758395927253,-1.5690447141098933,0.2943018477217429,-0.25815770188558584,1.6149347040707875,-0.5076505640787564,1.2728544527629244,-1.68406763209513,0.20408252768357626,-0.8210665926458651,-0.07449106648536381,-0.4579241092626029,-0.5833790427665012
2002-07-19,0.2543578896412001,-1.9449830571686935,-2.0660890064610973,-0.514847543472647,1.7468465278939305,0.8021379614781686,-2.096012697573496,1.4635182880449102,-0.18383726000647535,0.9591793918255791,0.54048849768569,-0.7162402404262476,1.655673798852827,-0.6162152227566062,0.6793256807284521,-0.754670743554715,0.2527080617817809,-0.5833790427665012,-0.3876707188016848
2002-07-20,-0.13463317001115468,-2.0542160607731943,-0.446061594585766,-0.42216410172882973,1.557512564278508,1.07156646839114,1.7570413834871788,-1.0047682783141876,-0.6465872487422107,0.09452681728823778,1.103162080888382,1.0649686197978616,1.0593116924798376,1.0042303636209138,-0.643821537645091,-0.9775843693815727,0.12409442601668252,-0.3876707188016848,-0.3764097316342476
2002-07-21,-0.8796780104297632,-2.108623667644636,-0.015989448320372895,-0.22648324529821237,1.3518018959958125,-0.23721651947821387,1.4142665592814843,0.4905345010305554,-0.20981888545510807,-0.7505540543890662,-0.05437529588798521,1.0445431928958133,0.6070813762936981,-0.6577179463739292,-0.08399769140662103,-0.8884762863639539,0.2777591735192298,-0.3764097316342476,-0.40356162818271984
2002-07-22,0.4964872868640529,-1.9491941361972944,-0.06425238580782412,-0.11601274064757132,1.1292123280084014,-0.5657575321271876,-0.6916978424224376,-0.17283310720184908,-0.11207900447715549,-1.4417882902953527,1.0224835524148517,-0.324815323971546,1.2190281695183287,-1.9812514293236976,1.8816275607565813,-0.4557080116129976,0.13079419785537874,-0.40356162818271984,-0.570516100219962
2002-07-23,0.36017937593307814,-1.4212628671760108,1.0314542567089229,-0.027149658141644228,0.88813659192218,0.24879205159354717,0.06153297527384228,0.1971213085735298,0.297116352269584,-1.3951007927755257,0.8267545407728822,-1.4824083984708827,0.6750624395313357,-2.05231502011226,-1.64608154566115,-0.5370849466526457,-0.11873021453939708,-0.570516100219962,-0.7509462686473647
2002-07-24,0.008289981115140769,-0.30497684958953625,0.4396106540485559,0.0365473784736598,0.6302556694590408,0.30069921235559616,0.13559721398681746,-0.639755790468229,0.11403495343349482,-0.8934743321564449,-0.1271919841130689,-1.4360581772265024,0.16969742908236732,-1.632962606173319,-0.8106710307145095,-0.5133618987584708,-0.5231770144536063,-0.7509462686473647,-0.43438510408591025
2002-07-25,-0.5163359618282718,0.887264615533237,-0.9567863356130871,0.08679114880137113,0.3555039150450667,-0.5274951786990938,-1.0239765530652105,1.0860669083603014,-0.1778649155326019,-0.705030455788076,0.19047093323600287,-0.33373306966795685,-1.5050622734672874,-1.564869134187206,0.3907077592042594,-0.31306353437548373,0.5825984070994241,-0.43438510408591025,-0.46318222650882157
2002-07-26,0.15619642372775172,1.693597928762449,-0.2782431684665552,0.1896104814038027,0.06623990145015843,-0.6251966013200043,-0.6990659743672256,-1.0432352589940341,-0.8775502262863203,-1.0080513977029237,0.284452606609094,-0.45423546388854047,-1.4324616570999658,-1.192631195298516,-0.03642819361937712,-0.2769650980690594,0.27712788768317037,-0.46318222650882157,-0.7588271296780911
2002-07-27,0.2745990324739274,2.1007012823455913,0.18375233273670039,0.2183560837355931,-0.23668860505996955,0.07860562909240104,0.9471680553002003,0.5909968987324523,-1.4942723577811983,-1.5885738358103658,0.2436752423483583,0.3302897369047881,-0.3341121176403805,-0.39525030377420367,-1.2525463380235875,-0.3123474507709186,-0.7424616077573895,-0.7588271296780911,-0.5370180328403377
2002-07-28,-0.2786888233207712,1.9534744509894275,0.5917374570627573,0.22850751487091292,-0.5477353415760452,0.8060395872171672,1.535775606148107,0.0509924753622763,-1.0594422094212144,-1.9329601708497532,0.05054457836399874,-0.7454173344143015,-0.8203578901481515,1.347874961987768,-1.0997381403335846,-0.37761953657016906,-0.10575631216736295,-0.5370180328403377,-0.5515441658132783
2002-07-29,0.07375119531827884,1.4781447046127905,0.9770987205668596,0.21156509847206534,-0.8814534282464775,0.9175763224653722,0.21146629364108188,-0.5852901810138321,-0.6780951755440051,0.4965377620902262,0.08709434665016463,-1.0087197340911034,-0.23361287679546613,-1.0922832166861605,-1.1587687392903918,-0.7019148619460717,-0.16254136051519474,-0.5515441658132783,0.17233692984682575
2002-07-30,0.6091598680979536,0.9531398079590805,0.8750578204840967,0.1809226828925396,-1.1840043996446792,-0.07616009475378605,-1.4909060064342523,0.7718178670611754,-0.8041555244650038,1.0817059593955294,-0.24637348264010087,1.4819630740590208,1.0889459119981064,-1.938533242952356,-1.0932781170215466,-0.8831246766955834,1.352816400773187,0.17233692984682575,-0.3356706979657751
2002-07-31,-1.204153740965572,0.6461986419543306,-0.13219215514672844,-1.0565836438140654,-0.3755561060943743,-1.0974488975873722,-0.858351702497343,-0.39103766600452594,-0.5324387911107156,-0.4977169861969379,0.6925474500154211,1.1183026372305773,-0.5191509450144833,0.7852562655901855,-1.1464682405257476,-1.1909583619446862,-1.4057962766272696,-0.3356706979657751,-0.7210897553254515
2002-08-01,-0.1177813735678619,0.2302608192790003,-1.9844881754318142,-1.1588908233115314,-0.6688240751344829,-0.7247220555494533,0.42036359542394414,0.2594655407744631,0.5505783678534982,-0.9367454904607507,2.32898540970433,-0.9675118334321102,-1.7342776402588516,-0.6673914068432402,-0.7331564959116101,-1.4926127547584962,-0.987738652204142,-0.7210897553254515,-0.36341760253165073
2002-08-02,0.16514740413366263,-1.1477123777979412,-0.6746730377823373,-1.216066482859771,-0.9197363145317773,0.5192252999744115,0.8566819405794753,-0.24941289572638098,1.8393433684508724,-0.1691744512917293,0.7241208357584844,-0.9579278105944701,-0.0002823711897994273,-2.26584277386467,-0.8131741624001053,-1.4917381912623935,1.039906783992836,-0.36341760253165073,-0.8296181414342676
2002-08-03,1.4466338552079085,-1.0116370097100214,1.9338539830362427,-1.2128103818876212,-1.0748415564631206,0.968533483133974,0.23670255564534018,0.5769232497683519,1.7136234963997117,-0.22212932436622954,-1.7456207468743934,-1.014826868353454,0.5403496595541962,-1.1740082299419172,-0.5481267091984204,-1.5168939506094001,-1.0075157606987246,-0.8296181414342676,-0.7386643226944285
2002-08-04,-1.873289007949936,-0.49927660319472794,0.9885223101679625,-1.1945418421809817,-1.2579988011281653,0.13666126586978064,-0.494603530062333,-1.1533690556232479,0.5021590588579942,-0.39284274940798936,-1.8261510826537217,-1.4842993352751415,1.6104137145478254,0.028069293730795173,-1.0165904001717558,-1.6745956635227772,0.6711938677519912,-0.7386643226944285,-0.8213107153351044
2002-08-05,-0.5567331532835452,0.013055993387332853,-0.8622801556959044,-1.1284546123454215,-1.129281018119576,-0.583628887248401,-0.5139415455575129,1.736149183497204,0.17367781232681775,-0.6113815612173963,-0.6287336900141313,-0.49494823995086024,1.8736648271829055,-0.2531424920835965,0.5988561243028145,-1.3452643335303403,-0.6432524674775262,-0.8213107153351044,-1.145477652358499
2002-08-06,2.028178287806403,0.3749064964043545,-0.4412787168718682,-1.0171237236650859,-1.0813519365117874,-0.5972483588688227,0.48476820518728253,-1.2915841960840628,0.7647639626653293,-0.3818970551881854,-0.17425375504897536,-1.2548740985501905,0.5603176683232378,-0.039463569583484404,-0.09157473394755261,-1.2919635550272566,0.14638917404282897,-1.145477652358499,-0.5329692573420703
2002-08-07,-1.7292782440415155,0.6736692014715749,-0.26728633853272243,-0.9384316234495814,-1.1742226208760298,-0.3899666752187178,0.721777224910045,0.10613602718610265,0.909183002670866,0.00311035344449637,-1.1372461086525072,-1.5486577298357727,1.3081400724106134,-0.6135133648406289,-0.9200454322093318,-1.410215518648234,1.1582006326626297,-0.5329692573420703,-0.7541626225719076
2002-08-08,0.00048515554686522045,0.8686954070009267,-1.508150317580436,-0.8275462960192951,-1.2525604160863326,0.19272217661694935,-1.100330996582359,1.0931790116326319,0.260800175592704,0.9972128137971574,-0.8386968654642821,1.0463040266316388,1.2013051577653422,-1.7471529115176045,-0.38061342411719506,-1.447052934073188,-0.5915625287842075,-0.7541626225719076,-0.6524104953002494
2002-08-09,-0.5569862179683076,1.1509815375038903,-1.1610867750015628,-0.6452917282615646,-1.336804252383008,1.0133734959293779,-0.5409920060803857,-2.1703323306041695,-0.24142951012143482,1.0666121090157066,0.05022387152212683,-0.8211580353590434,0.08701052197626984,-0.8745976806063764,-0.2207333053082987,-1.3892201886061826,-0.15173708357003846,-0.6524104953002494,-0.37749011634741886
2002-08-10,1.2331254761886907,1.2617842398002423,-0.5544449918552504,-0.4699373095542805,-1.3616826723957023,0.43803829412596834,-0.1746573271676555,2.6233841558787154,-0.2627182184109169,-0.1469933609101321,0.14071655997522547,-2.0193020771927617,-0.6370022252382619,0.8163413931719126,-0.042634006200919665,-1.260468527741202,0.5070430042454459,-0.37749011634741886,-0.25788387179632916
2002-08-11,-1.0519162278143728,1.0257242482001963,1.0205288455898922,-0.13802675611960546,-1.25111114812721,-0.8107707578413149,0.9814478635577445,-2.7307823675196277,0.12519048403481042,-0.5198114125194486,-0.8085325482156064,-0.6697206403820061,0.03895929754749207,0.23040049328061782,-0.5817055705668399,-1.1339608759998547,0.23496676836882324,-0.25788387179632916,-0.12935760069770824
2002-08-12,-0.7671666958370027,0.7943075024845344,1.078620220946509,0.07794407666435735,-1.1494998336631723,-0.6870283587893733,1.4291494002780252,2.501558342389465,-0.4660972641787152,-0.12164862316623586,-1.410493289478697,0.00402838819402034,1.6157718457260204,-0.8505056887529305,-0.6613713957698312,-1.0912183382751521,0.2032544239401411,-0.12935760069770824,-0.5513852281895523
2002-08-13,1.3442744985126271,0.5738094266768093,0.3063771248450582,0.30799772333517567,-0.8721528758321653,0.46792728193290806,-1.0796667092425205,-0.9296856744749163,-0.9370305804926589,-0.27050990325332275,-0.17401849199090724,-0.7806409309988114,0.9687380774970136,0.14300231290176946,-0.9238099350341489,-0.9633798808862413,-0.9827816393253338,-0.5513852281895523,-0.689604617245727
2002-08-14,-1.3436223066880537,0.4861980963231762,-0.03966060403896225,0.4789185587434715,-0.654808828203824,0.5728398961215428,-1.1870775029188847,-1.1286944675013353,-1.2342368033139457,-0.6867724152817384,-0.3134637206491109,-0.48900606835864563,-0.1750650054832249,-0.3206902382741333,-1.1285254884338485,-0.9984952242881341,-0.5124134543974709,-0.689604617245727,-0.5263596124224886
2002-08-15,1.0584404744655869,0.4552561950901523,-0.057283752162189776,0.6264003377871985,-0.48715814606330954,-0.3864121778839906,0.5472955441810289,2.0409473466789008,-1.4697962409563552,-0.5452467754228741,-0.8537919650059226,-0.2327252463911552,-0.18565992778694362,-0.6713094268467823,-0.6019017994002157,-0.9525491582874976,0.6260808264029345,-0.5263596124224886,-0.32744274181981997
2002-08-16,-1.4998419754709826,0.3959663895740965,0.39679786550422275,0.6944337265397513,-0.3185900325099153,-0.7263172300779382,0.4511108447688795,-2.4732805879176674,-1.3216523099099866,-0.16002412958331255,-0.5691355663175132,-1.0089090808701027,-0.15923347391240572,-0.37453411980508133,-0.1778801491113576,-0.9308229709849659,0.5543492456835399,-0.32744274181981997,0.4068388076164666
2002-08-17,0.6797223164497225,0.279186201084539,1.3046370416044235,0.7483458644766245,-0.18605779544694429,0.1833977718407874,-0.35472026274979696,2.566183089509862,-2.064968091556243,0.16308888311020953,-2.1282200780582223,-1.1776672380882198,-0.20118105213098414,-0.7001022795941068,-1.0260935664602366,-0.9341737932264815,2.0306734461482403,0.4068388076164666,-0.2977495054087965
2002-08-18,-0.19744154854071636,0.042740449753862236,1.1500608104378789,0.766821318853537,-0.06790949434227592,1.090210272815146,0.7367389273618473,-2.3556205341307788,-1.9590762590793074,-0.4499244505679652,-1.2723009201862407,0.11212514399639682,-1.2903792492954482,0.2778330813981475,-2.2528692526987726,-1.2261770281368627,-1.8428169910384582,-0.2977495054087965,-0.7711476809389659
2002-08-19,0.3140219108950803,-0.19721316685998366,-0.4897799813157151,0.7527905435070047,-0.0032798023936560948,0.42440287192804865,-0.1536846854562915,1.9031780638983864,-1.0240494761738306,-0.9845440855517809,-0.7391979715596478,0.4655540247206503,-1.1732759803948394,0.13557109749010013,-1.2208111904615102,-1.3144457336390112,-1.0454273396322702,-0.7711476809389659,-0.9118044780856641
2002-08-20,-0.6625780027075447,-0.40799077176663945,-1.3944694552738006,0.7377348640616468,0.05096391081321606,-0.530105853414183,-0.3285031046300633,-1.4778827574554487,-0.37697275969899097,-0.18060773957287968,0.38930640908088093,0.6866663392371088,-0.5397528277136457,-1.436328935710151,-1.166085817193345,-1.342826113467846,0.29650845510846285,-0.9118044780856641,-0.890987871957391
2002-08-21,0.1593375472194832,-0.6269579481518724,-0.26724381814123327,0.6921456860120708,0.12578376651393341,-1.5470051182116764,0.20008265501595313,1.1251863572317276,-0.8941164052921231,0.6885229829861135,1.083716554473412,0.5192868287170183,0.2698338575115673,-1.299625791427024,-0.6520635629354027,-1.3858629407367051,-0.46884974447954736,-0.890987871957391,-0.9200048003043086
2002-08-22,0.5066054607221973,-0.8281352817008076,-0.1601299722868297,0.601347296672839,0.2515676492338229,-0.5187598189366799,-0.7465947781334039,-0.7037286201010042,-1.6965743078830111,-0.024008370676909033,0.776497193398522,-0.6826155453321474,-0.4948612500095954,-0.21570353183203464,-1.4295058387969262,-1.5220465358660775,0.45241037658448896,-0.9200048003043086,-1.0988381141075723
2002-08-23,-0.9205714121645876,-1.011478560593349,-1.2827643030486806,0.5178108318614599,0.30005229674485695,0.9100355092288883,-0.35651555125836526,0.05128343840721046,-1.7245816509094594,-0.2487079722294942,0.2551045269420521,-0.032472527185403145,-0.8634733933979452,-0.2661157986428222,-1.16289511416042,-1.6805545028959157,-0.5555420132795614,-1.0988381141075723,-0.7790441754639977
2002-08-24,0.3472299189975054,-1.0922163502691808,-1.2751272831459761,0.39043588477754043,0.32322534803585445,1.695846718353901,1.0705358020889248,0.4237778582001082,-1.0304027281271755,0.0576743432359913,0.5069155955732288,0.7162090871345492,-0.2797139347845523,-1.7024348591706624,-0.23260232248824536,-1.538244467796423,0.19284131898451362,-0.7790441754639977,-0.8817327966064815
2002-08-25,0.17706624613659047,-0.9569540519727059,-0.4793451129059154,0.2745598379866941,0.3505197752573206,0.3533910592920071,0.26315627584762985,-0.7516504686062409,-0.7418822285023329,-0.3049689576599653,0.15937379337160074,0.33540999645457753,-0.5110261522840928,-0.23426148269797017,-0.5232915969545877,-1.517083152096306,-0.46154978760134774,-0.8817327966064815,-1.207007900586024
2002-08-26,-0.00960395354843247,-0.5466901875134543,0.9408211826298483,0.14851228237803524,0.36908981029609145,-1.2453158517131677,-0.2814740040653145,0.9510402194519231,-0.8492223953529434,-0.6182434437064407,0.14897271820702765,0.01252561356703256,-0.2819118343366577,0.15458786954824502,-0.5182458954956664,-1.5077529414752544,-0.2835986194501782,-1.207007900586024,-1.0851296714012482
2002-08-27,-0.9136776888204106,-0.12698704058523114,2.2732737455523644,-0.020793273063084747,0.34156398077097716,-0.9936406183339974,0.22545799731933117,-0.9461241319497679,-1.2726276100777691,-0.588656011479,0.4535292106355679,0.9356716964348105,0.6487738502309331,-0.7419977869678782,0.1833088062512669,-1.4451242788220493,0.040160593963362405,-1.0851296714012482,-1.0302091785585643
2002-08-28,1.7880535281255374,0.19140255290259278,1.9633186029678107,-0.15279183266646035,0.34685081576307353,0.3849402654104069,-0.6349286440290905,0.5088587076224853,-0.7051290715242368,-0.6702129503224692,1.7291523641410547,1.5857803614460841,1.0587917998978331,-1.661557247633604,0.5158762238879526,-1.3040497355034517,0.5540529725590837,-1.0302091785585643,-0.7034310215946212
2002-08-29,-1.3892850241129546,0.4157019727881218,0.7632032223019999,-0.28016539904833626,0.34238374073884686,0.9868114008466947,-0.7441338360591219,0.05862752272049404,-0.15646423633829873,-0.3690216342415566,1.936994544421205,1.2106863430160866,0.75635279240705,-0.4121162085716407,0.07548887639041788,-1.3661962605716729,0.36576458782888455,-0.7034310215946212,-0.41766899404497565
2002-08-30,-0.5755801576268531,0.4945137957935924,-1.3620522046988406,-0.4430757104111672,0.33187238154954696,-0.13171013220377045,0.41214712890110844,-0.2792952267928395,0.043309791101399174,0.15689469065446038,1.090213829039143,1.8151486908212937,-0.07033778391654133,-0.2900538227225203,1.3647825607275788,-1.0278262180634237,0.6671997431832402,-0.41766899404497565,-0.6561119259964389
2002-08-31,1.4559104966070922,0.44638597570189104,-2.0576377948059075,-0.5403196833032895,0.3123828261047289,-0.5892805665367502,0.9419460589739068,0.24982681207720758,0.3003621357675036,0.1782566587354634,2.0224523481952192,2.4383044198900192,-0.10063012638425281,-1.5015281119525763,1.0503242314137569,-0.5803921736739095,-0.3055734043775037,-0.6561119259964389,-0.729332326972578
2002-09-01,-0.23746498125476115,0.27522677318415684,-0.8837738686937984,-0.4476395118508704,-0.2084574556034343,0.4378724280767108,0.1697313016859278,-0.05828535870003914,0.2560071932736442,-0.9687559658417569,1.088367528327308,1.3289983079433692,-1.3964164695359027,-1.2096967850150604,1.3220330311408832,-0.24174915391761365,-0.2486879464348927,-0.729332326972578,-0.6461922452029129
2002-09-02,-0.9457648144133554,0.1180514582388906,-0.36877794451296186,-0.4054988047928913,-0.16050129907074864,0.8057907629721218,0.113347644229843,-0.07178951909908232,0.02223667202104162,0.032006335547382796,-0.18478506631047778,-0.49972216995017643,-0.7784185610197858,-0.07552544885629262,0.21540113692450769,-0.045693601749859376,-0.048253475762588885,-0.6461922452029129,-0.501574985596075
2002-09-03,0.3587536307926071,0.36610028892505303,-0.07765475871399737,-0.32321013862346004,-0.1304400404915496,0.7178947310731628,-1.4776244394814626,0.3896166603868404,-0.3403776512460626,0.023967568191579008,0.7004842934679999,-0.8249987902744434,-0.643282962300019,-0.9427794505634681,1.1309896238862656,0.1982047940339084,0.5081998719636113,-0.501574985596075,-0.4984287291513237
2002-09-04,0.1528265776752265,0.09850035263935285,0.5851342468084174,-0.24404127027078706,-0.17036352485721212,-0.1490808307903987,0.21931064200260925,-0.7306644519427653,-0.28265425765089525,0.03296922788248936,0.8595593868958968,-0.15479775484918568,0.030843190646962438,1.269833453847904,1.4012908519326313,0.6172671900536211,0.07423978129855925,-0.4984287291513237,-0.7462918573701861
2002-09-05,0.33717295837900507,-0.05253718951402328,0.4165900960039059,-0.13261105265595494,-0.1463611676772565,-0.37117489067671655,1.369544892217805,0.8263026256908554,-0.19829597340851118,0.11786386199315756,0.9308516888572839,0.3447648309387345,0.17940059611256073,2.484864768628502,-1.6262947480186647,0.5970935881087118,-0.9215258241502167,-0.7462918573701861,-0.7860625683005863
2002-09-06,-0.9259187159013347,-0.055697117276570667,1.4315923178487353,-0.18727968859550953,-0.16417311202026832,-0.832537720782758,-0.7997771201155456,-0.5690016705487524,0.006318804701134506,0.4920828979152741,0.5693291522646526,0.10481198077053529,0.2521871054288488,0.17261892870101223,-0.481702450381476,0.6035828511089291,0.3071472299589683,-0.7860625683005863,-0.9997165016652544
2002-09-07,0.27152732670017443,0.011229488590348963,1.4294953769421184,-0.15476427160539807,-0.2128899314321753,-0.6338984276065562,0.5518877963120321,0.05173094850578972,-0.11806634025736074,1.393874595459549,0.24360512768245993,1.0588114993874038,0.3257723918733893,-0.49373592997991594,0.4572371142262625,0.797488877773677,0.4008142896360292,-0.9997165016652544,-1.1124055864474853
2002-09-08,0.3400921520777821,0.11954168850672957,-0.275043265500405,-0.03418153864059205,-0.2264872864010922,1.0965404146665414,0.2956695156888017,0.5004957610934836,-1.051715974452362,1.0646000942579636,1.329495092137456,0.16254424707537288,0.23200831369610986,-0.47496807845286776,-0.8213005715898041,0.7410410026044661,-0.0874973951449007,-1.1124055864474853,-1.4774074696965773
2002-09-09,0.1985674331392541,0.18466358512729095,-0.9846421819026119,0.061068176994784895,-0.23370194623897755,1.600678256170249,-1.121395635515985,-0.7446212918083588,-1.0986920018506212,0.19651780025580812,1.1946352384362333,-0.8495324537013837,-1.0699107360023798,-0.6032070886417761,-1.4234896277016083,0.45354966356956505,-0.6737848743502103,-1.4774074696965773,-1.091819421270707
2002-09-10,-0.8717232550905707,0.13533406147039984,-1.1389121798153654,0.15030912630231466,-0.24240485372240797,-0.3910175560290281,-0.05959968477988612,0.6168122814325843,-1.000915411308462,0.2174017114811438,1.6592797812374758,-0.28156022068724945,-1.003018647078407,-0.13129043451289493,-0.529038914380097,0.3310049274851002,0.06708464125840517,-1.091819421270707,-0.8498606068504636
2002-09-11,0.032001692594554015,-0.05981261849902051,-0.5414030232151199,0.19155817084958857,-0.22830564231401357,-2.2322297637570134,1.1133938966293802,-0.3636124742654801,-0.7971615630591782,0.48096677584583825,1.299418429444487,1.1085221431648784,-0.06059790900059514,-0.45175394279939657,-0.09268879821800778,0.28469835857483644,0.9587122582018688,-0.8498606068504636,-0.38507254494223414
2002-09-12,0.8455484420964576,-0.4385540200965487,1.0023863505108694,0.21693808389243707,-0.2755549756990751,-0.8361426933468527,1.2188083084555834,0.1099116415881911,-0.36791232185345696,0.11083229129033108,1.0394562306587725,1.0164150792583415,0.688360392411642,0.41523855627733575,-0.7298289476081823,-0.06533166780694138,0.7087220195936756,-0.38507254494223414,-0.47473536501046437
2002-09-13,-0.8896485196538724,-0.8978900714288595,1.0237469657089548,0.22928215788929548,-0.23873248817913373,1.8354845113857023,-0.42999188362128393,0.12376005353714334,-0.5130504037084271,-0.1876481361247082,0.06148565434926576,-0.87226362174199,1.1909606355220002,0.9528188752332755,-0.3313442162951757,-0.30957904821733684,-0.27603444005934324,-0.47473536501046437,-0.5141908559019454
2002-09-14,0.49437963743082824,-1.2175627781365237,-0.2708015701012309,0.16544361522876616,-0.25421984846712586,1.792101844741476,-2.190642044509232,-0.3478548288515839,-0.9996509470968236,-0.9043692130709097,0.21294781819707273,-0.782351987702376,0.7182720150021653,-0.02289617923674079,-0.29422908637157513,-0.5448568725336709,-0.41531171400526035,-0.5141908559019454,-0.6843412345410278
2002-09-15,-0.2598623580023861,-1.3986830644182184,-0.29553525088594357,0.13100394165909277,-0.13370218652530733,-0.09589438845395258,-0.49325936698035167,0.6231732511981167,-1.3871433557374087,-1.8442567234121225,0.05466636743977477,-0.4169909985293035,-0.3672031955538275,-0.26825930788538865,-0.33594050419263827,-0.5990817623942782,0.27474683599700794,-0.6843412345410278,-1.032887106160413
2002-09-16,0.32439170166195014,-1.5450398557471592,0.5335718487052151,0.1404165043996267,-0.07178083464088453,-1.4808307191756878,1.7561791150978192,-1.0316273527466486,-1.223804188755937,-0.04576392816805029,1.147899105571056,1.1464991328708314,-0.6389683207951223,-1.0522955881000664,-1.4822513050633206,-0.9315790139469747,-0.30235353906840556,-1.032887106160413,-1.0738266018915519
2002-09-17,-0.5035918931776016,-1.6008361443347854,-0.03582255043473174,0.16466124784575617,-0.01564298199086012,-1.233546647756964,0.8548300290278101,1.343540400574142,-0.30959654331089603,1.826134176293791,0.8149317638696539,1.7573257520196532,-0.3139894943600817,-1.3728207085224848,1.0484741826062176,-1.0470305743021946,-0.40843388976459954,-1.0738266018915519,-0.7579091642148519
2002-09-18,-0.0029993092200702085,-1.5240744954573742,-2.0028106786639666,0.16460361366573106,0.04057997374790891,0.1452336745624983,-0.5685210980397453,-1.2768842384649188,0.09714840710855543,2.5222367001180093,1.265051170910356,0.5319667059896307,-0.4807944534378167,0.15214131430831052,0.4354076025249328,-0.8855521338275353,1.0833843191399877,-0.7579091642148519,-0.9151021336508218
2002-09-19,1.1462413804974474,-1.0993447819085282,-1.4652245460200004,0.15947535949765418,0.09463220894389462,0.9737467023893701,-1.6032551345707071,0.9096205072746978,1.1152035599693064,2.7932853703257323,1.6172266951579455,0.5991791756369583,-1.4709814359587803,0.05731759832422448,1.6638423416654045,-0.598693163564562,-0.6051385373610239,-0.9151021336508218,-0.42156740209601
2002-09-20,-1.0217836104224456,-0.2168898593952608,1.0286155942125386,0.013041614298592987,0.12866633272200348,0.7482893531960656,0.08433605841469687,-0.3227051702420694,0.8226063589630047,2.3638352837455936,0.7624084817545679,0.5209139060763601,-1.353842758252614,-0.8597088108698111,1.1335920418186403,-0.48140324599818884,0.8172448019534975,-0.42156740209601,-0.45660933528642283
2002-09-21,-0.07664173678228438,0.8358633158618154,1.8654207477854783,0.10523091559924545,0.15903824299287178,0.10729624704558825,0.7788565073331328,-0.3868378898082787,0.5083141395385918,2.8066887118121895,0.16632640885494754,0.20479311355850657,-0.37286615707791976,-0.1455599494741994,-0.4524468409264487,-0.40897776366845207,-0.264955579513553,-0.45660933528642283,-0.8187493354939612
2002-09-22,0.3858980610599682,1.7128377807293327,1.3719867395413874,0.11800115450275682,0.2197194842224712,-0.12206962490837261,-0.227476082025045,0.9209084087294156,0.4678382796253074,2.94760514412216,0.704456038788071,0.016116140324227677,-0.002602372130840702,0.5212620059732136,-2.1573744587169155,-0.41179275774490587,-0.7538453957314833,-0.8187493354939612,-1.0536929046478383
2002-09-23,0.3740834198358119,2.4655470801991837,0.8497555998840665,0.1752238165916611,0.31444017644122624,-0.8989717333607917,0.20098090505062977,-1.0060016429826568,0.39354618343070535,2.811878952494302,1.3013872072865103,0.6206079522031774,-1.5326259380209353,-0.6260100700539156,-0.9489634187041439,-0.511131795008056,-0.12128618038877063,-1.0536929046478383,-0.8557354454829887
2002-09-24,-0.6434558854360242,2.641437024136937,0.22775558013373454,0.18173267229079665,0.3822516401877002,-0.9215753406786347,0.4959979331516109,0.7358886128290172,-0.35088869464111044,-0.16092075775345455,1.6007581156346509,0.3367741893489316,-1.024285342304437,0.5130977412434378,-0.5529805648618744,-0.5656280368595824,-0.15873324409983108,-0.8557354454829887,-0.857064856659336
2002-09-25,0.2987033127418068,2.4256468384289795,0.18799614423022185,0.12753942672899699,0.45751749263724534,-0.044648730904953,-0.6909669158116227,-0.45923051458632763,-0.3024675576921391,-2.4982933064199093,1.6011883312203161,-0.8638620374559922,0.2607152341498129,1.0032912900731281,-0.5956276869785025,-0.49254135050058273,-0.53605963849286,-0.857064856659336,-0.6309480476128584
2002-09-26,-0.4307208072088605,2.06760617725848,-1.1329165299538166,0.12757100766348392,0.5329353771436715,1.3066343913448462,-0.5452895906248714,0.3816478473700709,-0.21056163336472242,-2.041126340489252,1.782338699716486,-1.5698289779223245,1.0887903061502109,-0.9554983657865425,-0.05342116423529835,-0.4692703836551703,0.6497244815087901,-0.6309480476128584,0.32918881125473015
2002-09-27,0.8767524102219675,1.5360924501187305,-1.6841516471776625,0.13248162028672553,0.6084599456345425,0.7069044514443489,1.4526269002079235,-0.553981998970771,0.7590295062642127,1.0706135165284982,0.8199402406309038,-1.306923103337975,0.032336805108008786,0.24569340090129405,1.0696897539865238,-0.13870622532438057,1.6000783280876172,0.32918881125473015,0.23528042749501626
2002-09-28,-0.5761283850810593,0.6977512168371433,-0.5680852425834211,0.1681476674052411,0.7215588481673388,-0.17063802432135705,-0.498958158901387,0.7683179689780532,1.948840541958674,1.124334304612088,0.24196363805183907,0.948874053889839,0.8338818684868327,0.9180839206682939,1.3850859737486048,0.30519926198799946,-0.0015903529466249112,0.23528042749501626,0.32677910131297544
2002-09-29,-1.7460619606764676,-0.4617501284503834,0.009422885188379955,0.1803061186947882,0.7488839949180693,-0.5547293383932438,-0.8688301367785906,-0.798667958904713,2.011144831497421,0.7106980680883903,-0.574737478184225,0.7674571517815387,0.4320222109911323,1.6324116315947832,1.3748328708070718,0.8571735650220262,0.3597776446269214,0.32677910131297544,0.2592848535665322
2002-09-30,1.736682336338929,-1.6806090276520511,-0.4617887811125616,0.19804764458239862,0.7376613828532834,-0.32886262539217365,1.0506848271591929,0.48975667281147783,1.6880472921784988,1.136097341180468,0.03000867519288127,0.5607170833661917,-0.40438454278252817,0.8800903194630872,-0.7993658928736982,0.43177760564338613,-0.2744680547870921,0.2592848535665322,-0.37197180517732853
2002-10-01,-0.15376575925960156,-2.1477656258859077,0.9194939107858452,0.22280099347015478,0.7015759302781234,-0.5396416231251216,-0.3691402261562396,0.07442073015061354,0.5542547151899797,0.6186509567092188,-0.7716980839382822,-0.07360535970788322,-0.42402027869072423,0.14779585683984411,-1.3039720785862412,0.16677419966592352,-0.8372634460913035,-0.37197180517732853,-0.5236885027527826
2002-10-02,-0.46958134487865066,-2.1350374790191524,0.9733800973179283,0.2537313224181596,0.6092589380473219,-0.1889604949741548,-0.05739347060599931,-0.8013956529326568,-0.3780178140801128,-0.11262503986291814,-1.1378717462170034,0.28564669761705,0.5414820042518705,-0.13023114293798912,-1.255751835815346,-0.32003682086691543,-0.18120444514837286,-0.5236885027527826,-0.5576727429710804
2002-10-03,0.01929673898046205,-1.8597816526789528,-0.29447190333611356,0.36928050500197523,0.09760079332046656,0.8990939581269396,0.8256816477679909,1.136274387140642,-0.4079947451873356,-0.6745967411280469,-0.3859869888696048,-1.008035906657235,1.0746680481756148,-1.0235948001943027,-0.5878152261537285,-0.5836533425035721,-0.08455121756997255,-0.5576727429710804,-1.0910652000029897
2002-10-04,0.5791235958884886,-1.3951620129884315,0.9088043347805592,0.5519230507297106,0.06380473157906721,1.2544753356296172,-0.7431606127772823,-0.8578891052834983,-0.386866349988005,-0.4922402449394333,-0.5157920118373486,-2.0159646118177594,-0.18154546487462922,0.13871099323540986,-1.7461977131763577,-0.7448285100955588,-0.44630851790191617,-1.0910652000029897,-0.9340471744476155
2002-10-05,-0.7776478116298227,-0.6880624492284707,1.025717378773569,0.773823294296834,0.03925047288747565,0.31162016990881203,-0.6157551016979612,0.338219122399144,-0.7849004374522568,-0.3170803971592664,-1.5077724434646513,-1.225005605013811,-0.34304252451102524,0.6487739687892804,-1.6419016348912676,-0.7894939679545655,-0.361479894336274,-0.9340471744476155,-0.7426490018590509
2002-10-06,0.6021971952697376,-0.10506160405819498,0.13618034607066168,1.0909170173891838,-0.003405601791894641,-1.2122507847900468,0.7925144302239124,0.03187436100004704,-1.3684355885735608,-1.123391968778791,-0.76369770595711,-0.4544223524117752,-0.8530404529867962,-0.18322921085405736,-1.6228025139011446,-0.8984862798887999,-0.29105762888852704,-0.7426490018590509,-0.7765636284968357
2002-10-07,0.14557522235481263,0.47756057947886976,-0.004660920241379459,1.3430592081833896,-0.02442405132752109,-1.4951428657806858,-0.16917186012264715,-0.23204486382504091,-1.2080415429767584,-1.5430543396603948,-0.38029447048179343,0.022941162831408547,-0.939476501485247,-0.6866762814613407,-0.2866902905329465,-0.8093276793935954,0.021928729792499223,-0.7765636284968357,-0.636876882715118
2002-10-08,-0.3418470314731918,0.7791656781176876,-1.1551474160369921,1.6601041283758668,-0.08190582062532359,0.08619627097237845,-0.25574272450937685,0.22225749885483365,-0.6370370571849142,-0.7791739451556966,0.48368935803525287,-0.10814391796331875,-0.44047368029452905,-0.02811168681589081,0.12542514591430612,-0.7352897666626704,0.7418933928967287,-0.636876882715118,-0.8823876800396624
2002-10-09,-0.3109121805994325,0.7598115908703504,-0.8967800995627909,1.6010758113973922,-0.21869524766147233,1.5520364312572588,0.36896431693464926,0.055052307066391006,-0.19611471250819434,-0.33861833093875127,1.6939789692962042,0.2923627647976985,0.8571531997480801,1.0828875542496301,-0.2415146094457247,-0.7726565848096358,-0.14153005956914974,-0.8823876800396624,-0.8686472160254165
2002-10-10,0.6810044637586609,0.6224470464279802,0.8698887809338421,1.5595881937230105,-0.2410419051842585,1.4898243234568262,-0.0971236818787899,-0.22767914800107214,-0.6788135018082169,-0.8564336540090906,-0.0020871419702612956,-0.8977236440230262,0.125653650452452,0.12699886063165827,-0.6085208419137572,-1.1183912966861784,-0.00368224961232679,-0.8686472160254165,-0.991874677903097
2002-10-11,-0.273955536340054,0.4698932182529196,1.6113174106279595,1.4678456074851118,-0.2523791467196785,-0.2719567442091176,0.33677969144515363,0.13909596197079976,-1.1232260107234262,-0.9418173243952194,-1.4114113786205817,-1.6236730981005532,-1.0710652578122029,-0.4642873114160846,-0.5264748035719552,-1.4474211818880973,-0.1271458152842909,-0.991874677903097,-1.104072851090674
2002-10-12,-0.07648194385642841,0.2992854959027703,0.6451262695586427,1.305795955079257,-0.29936378042095446,-2.158757010707562,-0.9206139513725908,0.3016432165755122,-1.3965841105005512,0.19261751355536205,-1.9999408890516246,-0.7286792560973052,-1.2792775202239204,-0.46586443967609686,0.32549595009956805,-1.7159199887386791,0.4012217681442739,-1.104072851090674,-1.4439516301707769
2002-10-13,-0.349916021742352,0.15831712149801405,-1.2173955322074677,1.1801164014756105,-0.28798540279470397,-1.5358982315673475,-0.7165798389956474,-1.2575388378867165,-1.181427419112734,1.16610406930547,0.3756966267109946,0.933963596105517,-1.1888061659156108,0.5142138828212914,-0.022400049321200155,-1.554788723220746,-0.9449386137537819,-1.4439516301707769,-1.5386539212425474
2002-10-14,0.3233755106447357,0.12088028714329897,-2.1699650209685575,1.053457633105161,-0.23943862987411182,1.2962426797923043,1.452880291343319,1.8628590749508105,-0.7383352955266814,1.021917191998965,0.3467817519893441,-1.2615968564059676,-1.1132623934182435,0.18946847886636514,-0.9658582660995945,-1.5275968942551956,-0.1464477345183084,-1.5386539212425474,-1.610607654236909
2002-10-15,0.47454067735154093,0.2024564234591568,-0.365945235768279,0.9277486401641425,-0.19705305291647954,1.9064244875795746,1.1621201764887634,-1.367461148257372,-0.6698816388255391,1.1176219224351425,-0.8975010357998272,-1.4263709579812853,-1.2320199664182527,-0.08101618450873509,-1.1567556405213777,-1.5208348114975425,0.13809080038986615,-1.610607654236909,-1.4792191478518832
2002-10-16,-0.6532729581080818,0.33623180958050763,0.6609995794872667,0.860543674494118,-0.11213732251151858,-0.1424139507366057,-1.1795866723952277,0.6697744538410743,-0.4892900110807955,1.300994616957543,-0.5358590436250588,0.1533380842394623,0.7322121209907722,-0.7138901601760268,-0.8183947462521323,-1.6752743407713742,-0.20906986898516766,-1.4792191478518832,-1.3300901834496068
2002-10-17,-0.21166246934276395,0.45985299380398814,-0.04665571674284228,0.7230881153938116,-0.025714811402881437,-1.5175172872599754,-1.3179884285905077,0.1275004401459364,-0.22013699298476966,0.22394536930201925,0.3712734550983,0.42468634758405344,0.25781015585435396,-1.6499582751757,-0.36652579243266237,-1.5324097854684497,0.2321674537812038,-1.3300901834496068,-1.2333527615921052
2002-10-18,0.7043478737280281,0.47281556871304875,-0.12950471251361212,0.5905607268316878,0.05097781595296667,-0.31883137350252105,-0.2203114751475522,-0.8876284659253109,-0.37756830989832585,-0.5757236019718347,0.5428896111461828,-0.8161763868343461,-0.6417006515023226,1.0406105440168483,-0.11157075107083513,-1.225263363914768,-0.23403869573937156,-1.2333527615921052,-1.4748296932677936
2002-10-19,-0.721885480302013,0.4247170052761835,-0.03554009829771108,0.4358591837891248,0.15064752113045538,0.20915758689111266,0.08893276783986064,1.052918063486059,-1.1900201100962904,-1.1609775707145231,-0.695556589247604,-0.8532441447883652,-0.7598387630541328,0.5779564186813444,-0.667700217284882,-1.1196503174044736,0.028065938935378,-1.4748296932677936,-1.071507114079859
2002-10-20,0.5665366001668766,0.30693739988517416,0.4256319997674604,0.2722237084741301,0.2525011719380263,-0.005491683178636241,1.667467489248857,-0.41556462524587784,-1.306193833252415,-1.2466508139185524,-1.5410435515544667,-0.7871120660988651,-0.6860799553054326,-0.19358044786018266,-0.7524978418877615,-1.1718116299127714,1.2440755145178926,-1.071507114079859,-1.4361728610451372
2002-10-21,-0.4339851377013727,0.08503973848791029,0.7011319864828274,0.08930134472054843,0.3517346655801465,0.6101748694011413,0.03404642182868465,-0.4382916507215517,-1.0892820160041252,-1.412672429268058,-1.23462334436594,-1.6214876747930236,0.16558075024523866,-0.9180181996290713,-0.23320841912837195,-1.1908255576507727,-0.7443966174379242,-1.4361728610451372,-1.007643610627803
2002-10-22,-0.4993683597238743,-0.21267354250878215,-0.2731703283215382,0.03950113396796806,0.41369458926230535,0.8913089757066195,-1.2200500068990463,0.9226586508180147,-1.0437221288882743,-1.9321446932625217,-0.6353523155814764,-1.953805809744961,0.6358281547414634,-0.5235092802519296,0.2315261119264259,-1.1541771752150802,0.3538653204472696,-1.007643610627803,-1.0340675758735218
2002-10-23,1.9625639450368617,-0.4897130242369158,-1.2513296135867389,-0.21925796557306287,0.3276231704775885,-0.3181566785033786,-0.6343855280790994,-0.5357093567995651,-0.9606396858743328,-1.5982086347422155,-0.4552521337682229,-1.626500624454183,0.24613564078917274,-0.8713130492814287,0.651503474522145,-1.00625507396902,0.19743631401064846,-1.0340675758735218,-0.4755756130308752
2002-10-24,-1.4942742955694723,-0.683199130765933,-0.6367164867466805,-0.5270546841286298,0.3770859984986971,-1.7999738653876658,-1.0038425451423403,-0.13998031408966302,-1.065491216829106,-0.6872064640761916,-0.2552189060248514,-0.1680909576571355,-0.4005152048607842,0.3146149033235674,1.524455442076037,-0.6194032552535146,1.1428235157651276,-0.4755756130308752,-1.0274033698810348
2002-10-25,-0.49566346247367754,-0.6081434354983889,1.264656173191401,-0.7393034053650347,0.314533056688134,-0.5189155488934796,1.3348187472382302,0.835556805197061,-1.0906437235553306,-0.5168454909032002,-0.5077545162849172,-0.4606822652569887,-0.20601184530794867,0.5594198338205373,0.8983701087115971,-0.32443375606040936,-0.8807070271788034,-1.0274033698810348,-0.17694692157724295
2002-10-26,0.918695578675651,-0.30003891365661145,1.815387296240438,-1.0017836116073247,0.33541979151347295,1.2413630057512004,1.171481881269948,-1.1180801144367774,-0.7799128672461907,-0.13863437542587115,0.849836100860709,-0.3078750424113404,1.3786194553623872,0.7266624585093102,-0.5122463523780669,-0.4082179126640638,1.0810640097653577,-0.17694692157724295,-1.1631805800587727
2002-10-27,-0.2941533844643933,0.05837728292976204,0.32111700332212184,-1.1618856554620687,0.3624956544014107,1.2273634251085168,-0.8001283273984063,0.34482525129328845,-0.7643495476972813,-0.6483907748131467,0.6414033004844187,0.5042783096359159,1.592885606962515,0.11661057802052123,1.26927366030707,-0.0450354168906218,-0.7853550668012046,-1.1631805800587727,0.38126894903094605
2002-10-28,-0.25123713970362144,0.24892674834343897,-0.34917905986370956,-1.2383839061945396,0.3614896310691875,0.127863737819873,-0.9883436364095631,0.776823358971818,-0.8395275409988052,-0.35627968047531494,0.9276815726533288,0.961033681374759,0.036834097211476506,-0.701772113448389,0.9227258922214903,0.3884575146792041,1.7292596288312678,0.38126894903094605,1.3633413682684037
2002-10-29,-0.46865311787495034,0.26811257732719707,-0.12896682243989344,-1.2535069581429346,0.34731967964850885,-0.9283316401230646,0.8890220409627307,-1.4484679597229282,-0.8811558703576233,0.8232140798104671,0.4417880860322123,0.6874586507938949,-0.03280133019116607,-0.12166867250348982,0.8374473169229826,0.7638291648028054,1.3170112962014433,1.3633413682684037,-1.264455612057233
2002-10-30,1.471314001779099,0.15322230249534147,-0.7561058159437893,-1.2265857146752521,0.3075518136328861,-0.9963792044962565,-0.14132378420135142,1.4904708116893608,-0.8268720022522446,0.9694878151261739,0.5263145117721594,0.7601770003034963,0.3804842335520851,1.382875687412798,0.36272170599095527,0.8401950787031692,-2.472725171434637,-1.264455612057233,0.6612124517729104
2002-10-31,-1.1491451301593694,-0.10556951143190961,-0.6678358484708957,-1.1804062715827184,0.2519114700258946,0.032488177316910886,-0.18852882283716685,-1.0714314680417671,-0.5721347132100262,0.2719316009968376,1.5514879825445607,1.314818845801589,0.6769639409354198,-0.7931198720463626,1.404552054716762,1.0959246324719503,1.986520197313539,0.6612124517729104,0.03759209737544884
2002-11-01,0.3056790286307888,-0.40783309505582305,0.2410402067354863,-1.1233867849613937,0.17210217218405838,0.8833970652271351,0.26161132148720995,0.40272717475665176,-0.5530230284612438,-0.2040293712401259,0.24573273213797844,1.0193188942294629,-0.5367198481352049,-1.1863618332933816,-0.9602449536346246,1.0717125728886407,-1.2112477216557227,0.03759209737544884,-0.9617361902748651
2002-11-02,0.12918240359528416,-0.6118511352963101,-0.15630066688705907,-0.9791266733088071,0.07813737650976472,0.6248780596486546,-0.20917267694876265,0.36462908249750714,-0.7007254043155204,-0.44312347757997195,-0.30277335034622016,0.03342912733915296,-0.41294123853151954,-0.8541930138169364,-0.5962752455862822,1.0819380379962809,-0.8600980055243583,-0.9617361902748651,-1.0314577886062204
2002-11-03,-0.14365254595774246,-0.6139736274309532,-0.47793147985481155,-0.8967819301491617,-0.03885638434651912,-0.3551546273578501,-0.36256777689493713,-0.9395633271569419,-0.4685846295541182,-0.7588866979060618,0.07973778351353776,-0.4897847831484749,-0.5662933857913297,0.477096804015765,0.5646190655675143,1.3084642146831906,-0.40225197086572856,-1.0314577886062204,-0.44729629878929583
2002-11-04,-0.031347635468643956,-0.44080593618655234,0.37126399206831806,-0.05894797740993858,0.22556703945683546,-0.7872731262191278,0.41497207891809557,0.7858868787900886,-0.16439017438791195,-0.4391390304195152,0.6140950798009878,-1.0325122708863044,-0.6749412324927326,0.07524132244286674,0.912143990341659,1.4689797439663401,0.4170938325273369,-0.44729629878929583,-0.17636837877269387
2002-11-05,0.5173683138683756,-0.1493277894299752,-0.02359464036918774,-0.15971235364320716,-0.492131271564875,0.0759839684686501,1.562434253633432,-0.3850964298591017,-0.27902374085144,-0.5734153108719361,-0.24015236263384587,-0.21604973459549426,1.0963829194772092,-0.7450921722004585,-0.4177848857656092,1.252858495529616,0.35615552377532533,-0.17636837877269387,0.5725394192840215
2002-11-06,-0.35884162888296106,0.777576225338187,-0.8472204267294003,-0.2835764976183975,-1.0523555336184183,1.3071983517840622,-0.9843228195145524,-0.24056650016343253,-0.5512527202934348,-0.16225906134976112,-1.5715773392042134,-0.12357748380795025,0.8026654675370911,-1.481939464107597,0.12558882356608275,1.147134397170772,0.974611100818589,0.5725394192840215,-0.2422953666064225
2002-11-07,-0.09279415898058427,1.0630220214676664,-0.8462395237186153,-0.4566349886468329,-1.426613866563703,0.7919047316111881,-1.2431829881074907,0.7041323151374139,-0.7947302443579255,-0.11141960759260863,0.06465584515991825,-1.2615414005310444,-0.3047242977291845,-1.4714195493739168,-0.941635599767784,0.7328511538433422,-0.7771339034501297,-0.2422953666064225,-0.6568188208736909
2002-11-08,0.4345248639087635,1.069521818324934,0.42708130163130353,-0.6061860020854497,-1.7172491620256525,-1.4708742377026727,0.42920286381930106,-0.8970785911060447,-0.38287732295453464,0.05483584413683048,0.49255551028197797,0.15003940489940568,-0.8056288566928737,-0.46634516622436056,0.23016565902911337,0.8755373867534654,-0.8852402331935219,-0.6568188208736909,0.07233930117911944
2002-11-09,-0.32323845938482426,0.7572207367287834,1.3603661922468444,-0.8405723300142738,-1.855885346516169,-1.5777447678906549,-0.011621458063249974,0.9902486007907532,-0.26815729762779983,0.19743768793114227,-0.020619667705553988,0.7102106955194615,-0.37986244138383657,0.9304780771630634,1.6519708449091588,1.1049025486739494,1.028032848265627,0.07233930117911944,-0.8828092904780535
2002-11-10,-0.3273054117106482,0.27793437176154034,1.4133384778500606,-1.0048841314002799,-1.9636542074161774,0.24815917730580592,-0.08671644581732285,-0.947427320136054,-0.3150392057528377,0.5097582018830755,-0.9267119269231289,-0.8526996782076739,2.1160240097496494,1.1038939259198415,-0.32513156393345155,0.8405042248045124,-1.9244963941927171,-0.8828092904780535,-0.8554105128197398
2002-11-11,0.8224482840203305,-0.3173415397956574,1.5490114552810628,-1.1233743813418504,-2.0693453377098066,2.2327646002745505,0.44015861689471997,0.823891038062669,-0.7590041590401827,0.7935993535908403,-1.095895678784487,-1.3305727257987863,2.161399741516416,-0.3417799569114955,-1.3150496078910747,0.3752124295876701,0.5427211250377966,-0.8554105128197398,-1.0275273292492066
2002-11-12,0.3145223328799411,-0.8297922624215599,0.5094576558621757,-1.217528431072244,-2.145136768144051,0.44597341953762587,0.21041810996647026,-0.7771438219699999,-1.4633559143878407,0.8877996597840493,-1.3951680671555953,-0.7819663482066617,-0.010866904670375821,-1.6899225748720732,-1.1532646455450595,-0.04801602201893383,-0.9556589324859428,-1.0275273292492066,-1.200701212807541
2002-11-13,-1.4334973959852755,-1.2205529446378547,-0.548867989511785,-1.28256266472828,-2.198395235389845,-1.908619071801517,-0.4213929517439167,0.7543125154189848,-1.2975169261412745,0.3279068747788631,-0.3077779193705199,-1.4716103426826053,-1.612331004283111,-0.05308904729098881,-1.0053278877128191,-0.6762474148258054,-0.06528703562317317,-1.200701212807541,-1.0619799496878488
2002-11-14,1.2801146829410033,-1.471200990130732,-1.953551191122626,-1.299396730094635,-2.2313421611928907,-0.6628659884834477,0.24543553904141568,-0.5341858093025897,-0.14382985290024572,0.5848776772708925,1.5568359208360707,-1.624530353140456,-1.3009796497714483,-0.8641256313590124,-0.5910649440552648,-0.6034814547006595,0.36604937265722,-1.0619799496878488,-0.7232855424474113
2002-11-15,0.2621488302589468,-1.5864018481413478,-1.4168948161326271,-1.265238476727627,-2.1499951113552322,1.195221091685941,0.7430300259962085,-0.11779268767442716,0.39582151122470444,0.6080430596750578,-0.07848286695251303,-1.1014489444907138,-0.5915445886473736,-0.7626215086965897,-0.15580452038171677,-0.5007418508795262,0.8313196494584155,-0.7232855424474113,-0.574831530195478
2002-11-16,-0.5083847604148886,-1.49140006360474,0.5265351565044406,-1.210706059729526,-2.1068374682431976,0.765823611874327,-1.3332299548063171,0.9050688285111594,-0.6440762546994354,0.8829579474345302,-2.4466016704691103,-1.4919601388253156,0.21618123484535268,0.2558862543574121,-1.1331363209991818,-0.9114753634951422,-0.27269843819603057,-0.574831530195478,-0.9619683201785393
2002-11-17,-0.5334881943134565,-1.0035291140171527,0.45188670724823704,-1.0535889092772515,-2.090812412804652,-0.7596700208159809,-1.679200390989787,-1.3885745936024763,-1.607574097294668,0.8744147570396752,-1.8146983845785927,-1.5215328558041394,0.41653676858899163,1.0561438182985001,-0.35882531633075604,-1.1600765041576218,-0.348281729226327,-0.9619683201785393,-1.2104220644265344
2002-11-18,1.191246311306746,-0.39479001847727396,0.3078623177399856,-0.9278047323558524,-1.9517195658015765,-0.5982001897430654,1.9944068633930352,1.7583904181883443,-1.2988602751960305,-0.13257704021912892,-1.3084739929174405,-0.9286949543752929,-0.6619163172930718,1.1695645695211643,-0.41442888562731456,-1.0307154993731436,0.18670305306637136,-1.2104220644265344,-1.2433912561275646
2002-11-19,-0.8530208504092047,0.19195461274732054,-0.29735397082619625,-0.7934882846214247,-1.7423679142274042,0.7002562558769655,1.8171377455733635,-1.977706427573906,-0.8038353330474518,-0.6232049627770522,0.27623848334798634,-1.318732892846863,-0.20368831595625225,-0.0026516064668631865,-0.6644787430142021,-1.1482751190261418,0.10111878348271967,-1.2433912561275646,-1.0311130646041153
2002-11-20,-0.1332682551498769,0.554191324866419,-0.6930071619156115,-0.717914682111939,-1.4164488852950041,0.5649878736683033,-0.4319105079415685,1.8393541131138638,-0.5645294198965405,0.459245990857153,-0.9348934351599012,-1.7914355475038797,1.080801920567001,-0.9608154462438039,-0.3918835136423177,-0.9904673835567872,0.5037497453090763,-1.0311130646041153,-0.8468326069690112
2002-11-21,1.1091235231179575,0.7145187633403155,1.861848658253824,-0.5484665973717643,-0.9871855774888817,-0.39356025727627414,-1.3486315489762866,-0.8019881575055051,-0.7022851979098895,1.2261657245957056,-1.9290107111680062,-1.7471143200602601,-0.0023428766040319493,-1.63430123631084,-1.0364407708341596,-1.0728144974404838,-0.3630681437766868,-0.8468326069690112,-1.4062564182355457
2002-11-22,-0.8016724112203567,0.7471999746188943,1.001222602907264,-0.36735400147770725,-0.466338189441807,-0.819654323008936,-1.2587435447714859,-0.06267978531136324,-0.3952369853022118,1.6512064479549227,-2.4337285472401478,-1.645442630491103,-0.5784782044771064,0.3322716028975373,-0.4177111933272724,-1.3353190621986746,-0.16483286696462007,-1.4062564182355457,-1.610529236934403
2002-11-23,-0.21081167760273933,0.8116887744266073,-0.04953962774712192,-0.26314178933997745,0.08809066266840734,-0.38685632895408956,1.1547821469018975,0.07766962493731848,0.34506651153248424,-0.10629232983366765,-1.215019293865077,-1.5447170306316567,-0.5589954697590319,0.529433269905689,-0.6058275804423089,-1.2940904275190837,-0.10349270905552853,-1.610529236934403,-1.5549284802276913
2002-11-24,1.135795381744725,0.8703891621149794,-0.3037013828518422,-0.05763511693786219,0.6564006030873798,0.5755610900721492,0.8070621424101554,0.346610070115252,0.761400582170023,-0.27728842633492207,-1.224812538341933,-1.9083878183141447,-1.125525716710813,0.7451746137529899,-0.850464031415261,-1.20698205931026,-0.18438581927198633,-1.5549284802276913,-1.4329588989642363
2002-11-25,-0.771235863871153,0.9376005746260995,-0.5276454203310231,0.1271253133123001,1.110527949583953,1.1741745447283654,0.9214280634498399,-0.8053308038399676,-0.09581917244223967,-0.2853841966686015,-1.7507782984827378,-1.7948803495503356,0.1904097495146517,1.749896820870302,-0.16336654975024162,-1.0833780001571454,0.03345337202799808,-1.4329588989642363,-0.9846054147818414
2002-11-26,-0.044806362622547974,0.7277919718854252,0.515558713035957,0.33284757469752624,1.6192249280548496,0.0763562460506704,0.2979844949520302,1.1377823097526998,-0.6613743512022277,-0.171152091386488,-2.191918330137019,-1.5754750869696716,2.2386549682358865,0.42907598770155503,-1.0883943573539576,-1.0520890348792697,0.3114160905401662,-0.9846054147818414,-1.0485156214658644
2002-11-27,-0.07325234847359034,0.36640325750119535,0.6001685136787833,0.5055854897460084,1.9294287246722162,-1.0040678019244578,-1.1564529759133129,-1.247507617292412,-0.919600490979446,0.2954014477930539,-1.8456866891882464,-1.6937566360175014,2.430857154446933,-0.3212503446267156,-0.6958354161844532,-1.0067478739784212,-0.27109325410669133,-1.0485156214658644,-1.2202974027724702
2002-11-28,0.7985763678272567,0.04754963940310595,-0.49483109198987,0.6503292942159414,2.1849590865931408,-0.8394264421609899,0.09261688317707308,1.0124944879156375,-1.032086663227514,-0.405484025926463,-1.8423778429212776,-1.686857325745184,1.3052523696774265,0.7192192543544584,-1.3687554377163635,-1.1099600494119761,-0.05977387067409513,-1.2202974027724702,-1.1169800464671829
2002-11-29,-0.17839420597184696,-0.21027629760177355,-0.4322501176922139,0.802188955419729,2.3841414426791023,0.2190285580094097,-0.7376408001859693,-0.5830581199767266,-1.3505682513650645,-0.5132769893506577,-1.322632174037631,-1.4607647304465152,-0.620595953408295,0.9470379487749582,-0.8012329964350243,-1.02960015040755,0.1668856325991776,-1.1169800464671829,-1.1266697282333134
2002-11-30,-0.15703678814406377,-0.45962722848908244,-0.39024954927196004,0.9410849966727439,2.5295152907297282,0.7921001913713975,-0.39669153965630805,0.22661627957518982,-0.5766798910151508,-0.21996737222353183,-1.2505665393876597,-0.9977452120617702,-1.5029519862515863,-0.12598605201922683,-0.6613529299406127,-1.0184740328899775,-0.34770704359901794,-1.1266697282333134,-1.1412423466368824
2002-12-01,-0.43368065715303095,-0.7730732209550638,-0.5908877418608267,1.074385178397597,2.588837617830258,0.5193492490842687,1.4661268630249777,-0.15086519938894316,-0.42835766358664285,0.17133965831407452,-0.3694453625927262,-0.5649579432392331,-0.9521595057099562,-0.13961630125258429,-0.48749568812640454,-1.0806391887870581,0.7054539352100812,-1.1412423466368824,-1.0890832074777321
2002-12-02,0.7088922115087294,-1.1264161605733594,1.0082262628772898,1.179531424349526,2.658487250552887,0.040331309123323854,0.2990586407398312,0.2510743884085232,-0.6180600919756868,-0.1116284963279398,-0.8373712040594666,-1.0069345478734193,-0.26132056501500356,-0.4664610415767958,-0.25521597004777574,-1.0228435280759183,0.03538608713728243,-1.0890832074777321,-0.8029955277862659
2002-12-03,0.3243054721785793,-1.0757704321170687,1.1728441206830733,1.2692412551793257,2.6879856762944274,-1.0393253584133424,-1.0772459166231947,-0.4012861234094582,-0.8863233886760227,0.0221108985633579,-2.137216923535237,-1.5942846929387555,-0.9875225749282993,-0.2735030281550992,-0.574636446703131,-1.0434778919759453,0.5782856259814658,-0.8029955277862659,-0.7871431667656973
2002-12-04,-1.0965326852442494,-0.7046610588148473,0.4592723220440428,1.1660499375525384,2.6711697042049156,-0.7063066325246521,0.11179599911444031,0.4627072261286917,-1.0161055983643978,0.30672144021251024,-1.6809972853604809,-1.3222073466542879,-1.1563504853357276,-0.472497045962114,-0.3287454043983296,-0.9790048540899654,-0.4134788224852703,-0.7871431667656973,-0.8703764918362294
2002-12-05,0.259450752362711,-0.4250132663634485,0.40473828883801216,1.233267373764476,2.5788074046359406,0.026834557719131538,0.4105365531098409,-0.33435005981919047,-1.525760751545679,1.4552310823783208,-1.3677186989739352,-0.7273858591069904,-1.7663814359967482,-0.5826253299026836,-0.5423826632798762,-0.9747196534493205,0.16044960462101115,-0.8703764918362294,-0.9561465527050881
2002-12-06,-0.0006337891110665912,-0.2591183293014208,-0.5744415066337021,1.6991833545090524,1.6497353098899523,1.2660076595396115,-0.878371461814676,0.12072235813343164,-1.4665624837439832,1.7503887289695446,-0.3025749317595965,-0.14419676147037128,-1.1570495942161256,-0.662070804616126,-0.6296877362502779,-0.973564772760202,0.2507546894591972,-0.9561465527050881,-0.7253629947681534
2002-12-07,0.3055100993655388,-0.09261078180452972,-1.4867030083768138,1.7771801325833307,1.303919929864396,0.3478873554583484,-0.049486963173431035,-0.2542768638192027,-0.7032883379249464,0.8690035228387757,0.5470704006828037,-0.3894665513253099,-0.9081265689858237,-0.32487004239679634,-0.3366331644954608,-0.9223871895530957,0.9098077061769022,-0.7253629947681534,-0.6166415613213457
2002-12-08,0.1850333847348754,1.1647434478422345,-0.6850766153085771,1.8067132902844922,1.0630697325936724,-0.7298208680097469,0.5547863748575511,0.45287320394923447,-0.5128502226963332,0.3334031227063558,-0.08617150046432884,-0.7419238266459348,-0.016796547049422936,-0.7759859317867983,-0.9081354082088245,-1.004676477875693,0.34381343576356094,-0.6166415613213457,-1.178867061905712
2002-12-09,-1.5274713284633048,1.6832796207553975,-0.6498773881611926,1.7245430155829786,0.7870801785819308,-1.2761206658274065,0.17872176158622408,-0.6078651078131267,-0.25910663314098537,0.7217379344545852,-1.0522065491452754,-0.9447448558576218,0.575036600025726,-0.30219985543602007,-1.062537390268139,-1.0195398872997026,-1.6257732156976015,-1.178867061905712,-1.261678525992752
2002-12-10,1.6701646522775997,1.793262742584607,-0.08170366871348911,1.5911948416275543,0.5043964560322312,-0.04958750501864592,-0.0863971523252604,0.5740294535921722,0.062063863650983445,1.3446236121066182,-0.33321199575878707,-0.8400416671297338,0.6229004215444616,-0.5424638669794839,0.1800408753203616,-0.9150141818040429,0.08681289171206477,-1.261678525992752,-1.3210748849187102
2002-12-11,-0.1872068277183537,1.7259747640751024,1.3203559103171696,1.4475967646842491,0.20601662483204886,1.41794001935099,-0.23369334845583242,-0.10798745836412484,-0.3184004483155904,1.2631299943714056,0.5079278659831531,-1.2346510616847857,-0.008339676608361693,-0.5531152701296788,-0.5849877811672121,-0.8705934282228699,-0.0976178647433113,-1.3210748849187102,-1.288504162842332
2002-12-12,-1.025087729824712,1.720494187657942,1.9626964737857373,1.1737291021869516,-0.04728179441686966,1.0657273693407587,-0.21466352335464334,-0.23647684392519325,-0.7500448087865619,1.2156273886408375,-0.9220133986488919,-1.6064824433759202,0.910232959097993,-1.0250234350976606,-1.3466000985606636,-0.9453895654478598,0.0585385302115105,-1.288504162842332,-1.3282287479178108
2002-12-13,1.2965436378069681,1.6422807003811688,0.7659504114828365,0.8824239124797106,-0.3007368760124708,-0.8147461513148698,0.19185646605570228,0.09075028147140826,-0.9206585910573165,1.4335410058880942,-1.1233506871765937,-1.752768816789624,-0.19440180432880108,-0.19124233788545889,-1.701735146498027,-1.0802967890186133,-0.09366887262708395,-1.3282287479178108,-1.1458536924082245
2002-12-14,0.0758586876596865,1.2630659564758195,0.5246716182005626,0.5860159010413033,-0.5516545999787024,-1.0908180161028032,0.22941478123334103,0.4211600361617051,-0.7669086806539603,0.5747285864394055,-1.5771704906420436,-1.7859152990313945,0.9176556531353784,-0.13137275528906794,-1.7931022698570012,-1.2560891250363757,-0.07771413090328705,-1.1458536924082245,-1.2980254066638823
2002-12-15,-0.7408834703612198,0.6235024639183477,0.8567225574393627,0.2875363354594445,-0.7997042389337062,-0.5000663455614308,-0.22299290634192961,-1.0071157171156253,-0.019410569330998696,0.26281843052349774,-0.8346031799575078,-1.3768226695755175,0.3398959948619818,-0.8176725740427684,-0.3109545306714389,-1.3337081094423344,0.1318396714108613,-1.2980254066638823,-1.1054378276323997
2002-12-16,-0.6538944009595743,-0.054930883220988276,-0.2843960929533039,0.009812634593871506,-1.0566922771386706,0.5897345290079323,-0.2771370109591664,1.4384644424209616,0.4784073621683593,0.1361613479044012,-0.8097456143700678,-0.26083588581920464,0.3880370732183641,-0.523263854548597,1.7416371541182754,-0.9682996886063632,0.16339978874973546,-1.1054378276323997,0.24082089857028618
2002-12-17,1.9385591519105279,-0.812596401107557,-1.940841785889514,-0.2845327762684089,-1.2846083596624576,1.2386915936810923,0.5113514010533223,-1.4482084661737236,1.3780339927273046,0.11266487781647701,0.8888900625069898,0.7445730937320046,0.3222487732543817,0.291466368301248,1.4044097123495312,-0.7617107540389476,2.661586101995313,0.24082089857028618,-0.7098755540165322
2002-12-18,-1.7913712746983017,-1.9392937383236586,-2.637649069065836,-0.5266471401869822,-1.5283635038927357,1.1601195104513264,-0.20094814534768965,0.8354060770746911,1.8226056484428217,0.5375793238009616,0.9842047607409053,1.3223794420043804,-0.23545793567471252,0.12450544711367813,1.2519213575273105,-0.45450010478593683,-2.4883525367764237,-0.7098755540165322,2.278978432775836
2002-12-19,0.5746589256318545,-2.692548811934143,-2.027981651189696,-0.6151740959651656,-1.868474567892644,-0.7978485042330219,-0.19886668589102843,0.229685813363529,1.1909764715009759,1.321176859173941,0.42422389831410573,0.2520288925989051,-0.3467884565840141,0.014809321161329716,0.900876090096205,-0.26629677257369444,3.4082574122579263,2.278978432775836,1.4519704410784005
2002-12-20,-0.34226933708409063,-2.514251503229215,2.162119646308555,-0.9047598786215315,-2.007479389476226,-2.0359452678864858,0.4867586182717618,-1.0475959151201157,0.14211465324797135,1.8552895680766899,-1.2649516699942056,-0.8417323364120511,-0.9319809199557325,1.143133681892733,-0.0775371950907984,-0.23572995890237464,-1.6405266371325704,1.4519704410784005,0.49912345421498194
2002-12-21,0.45405117314411286,-2.089830209323411,2.5884036965028447,-1.0880850042070769,-1.9966078728601135,-0.39205567110684575,-1.0674890141719962,1.2773670165801707,-0.23388594160872433,0.34178598969200424,-1.3824408647052349,-0.6640419697563866,2.17992540796475,2.288028914942402,2.405299513969222,0.24447130927887611,-1.873076115311349,0.49912345421498194,1.1706842454186521
2002-12-22,0.6903300667847431,-1.7396998155691779,0.8366621443116032,-1.2566674472717791,-1.8423478538756732,1.2891163272121426,0.8799032788324158,-0.9733074091273273,0.03774980735411105,0.0023143220193990615,-0.14365132290526822,-0.45626969002583356,2.549115649286396,0.8257671403966474,-0.38747520272766006,0.40371084460611073,2.199127893189825,1.1706842454186521,0.05259093329184557
2002-12-23,-1.9461588642722727,-1.4258846426990837,-0.1518610153700648,-1.4251036061466589,-1.6560234347025182,1.2926666895307124,0.5839574968301413,0.47680340192159787,-0.15936431603087073,0.4949834505887276,-0.4582424226551647,-1.1018333581216213,0.29549150647683203,0.4031064388476353,-1.1887769238619834,0.18992693864511367,-2.943775043047448,0.05259093329184557,-0.08092904291529517
2002-12-24,1.0137862667949569,-1.0859638324419212,0.5437017445856055,-1.5854231104771928,-1.4388469116919795,-0.3355348243197203,-0.07917724601708144,0.10576889696058135,-0.5535585179831366,1.2326831491273558,-0.5338071795378969,-0.48123903198717577,-0.1520725795680795,1.5237180904610863,-1.0418153779623596,0.1265224303054169,-0.27477350721683086,-0.08092904291529517,-0.5087665684748844
2002-12-25,0.9163909998176835,-0.5701515139071559,-1.6000145985070748,-1.7105964216471243,-1.2156485063521987,-0.6510320142102758,0.19426453630133184,-0.2607031479198072,-0.46393306948115015,1.5535375543227092,-0.02968428239482261,-1.3732576356848367,-0.028714401050389336,-0.28707668070095244,-1.1142495437781772,0.09333930024668458,-0.8808630568322297,-0.5087665684748844,-0.6991715169922053
2002-12-26,-1.420578912181547,-0.03784476645991006,-1.9836232981436377,-1.8067898224060372,-0.9846252458372531,-0.45978628037959723,-1.2247053133836214,-0.017785993666349514,-0.3530066527484395,-0.11400733917113297,-0.45730281095964803,-1.2418326603322332,-0.7141191637124567,-0.6342718272011469,-0.995219596189816,0.1724566247291136,-0.414577917226709,-0.6991715169922053,-0.25830534216927553
2002-12-27,-0.025486056160664648,0.41235179129709826,-0.13351902008339947,-1.8798149531910207,-0.7966129219174933,-0.2071804815804108,0.29051221811570266,0.3739666680151068,-0.30703102832455187,-0.22338790601082412,0.158636644532244,-0.9279513298427833,-1.2643878393624373,-0.29910939725571184,-0.5008951742560379,0.3272212552787417,0.7451189364755377,-0.25830534216927553,-1.0508697130672957
2002-12-28,0.489388093993838,0.693926111730544,0.5468331454565795,-1.912582376267329,-0.6177830498204161,0.3646383524408395,0.11506452529691127,-0.8107288780195766,-0.2527301119830495,-0.4345761961798041,-0.32715966365617155,-1.4675432229527698,-1.3114762915434477,-0.054349043771546056,-0.8751599961859146,0.24177687379734275,-1.1553692747019146,-1.0508697130672957,-0.44593153101762145
2002-12-29,-0.2298899039892511,0.8411653786952967,-0.02691670805372349,-1.7907472404119502,-0.4401395974261665,0.4846716623394542,0.15449729158236566,1.2412649774031148,0.08089286579887811,-0.6178056891693755,-0.15835603658938593,-1.2705642247681184,-0.32618007750152817,-0.09733234699503752,-0.44797719137877734,-0.1424372584314598,1.8224635430377933,-0.44593153101762145,-0.4219614204928688
2002-12-30,-0.6634413064468244,0.9064687948034562,0.051351972628999536,-1.5513097123417037,-0.2528497590487628,0.09198193334488519,0.3901790929997011,-1.3857387166567952,0.17612061051773287,0.3426882288073059,-0.45318364607895895,-2.1417233178691517,-0.03639745444608323,0.09867380854009677,-0.5912563616238163,-0.41542475678158397,0.17687300259747823,-0.4219614204928688,-0.14288568156940817
2002-12-31,0.6157296374276374,0.9358872181752138,1.0623494278634649,-1.2273278452451852,-0.08348378125205011,-0.4968045994909587,0.015608340878368283,1.111520331299264,-0.08846845303646853,1.7208280676097567,-1.1121211538065479,-1.3660291182823916,-0.01214933405462627,-0.16083131686361446,-0.829336275032051,-0.7538357621983508,0.6921477683554786,-0.14288568156940817,-0.8639485506372339
2003-01-01,0.31477698336799903,0.9629648800828177,1.3258363850181754,-0.841712044296,0.027338285950151944,-0.06491698580042049,-0.2901731516508959,-0.8483546231314189,-0.5764416074889253,2.177721255442506,-0.9486331210101318,-0.9186747036789815,0.9266777992209703,0.01759926693664077,-0.6278826042154446,-0.9765612754775487,-2.0513334161137036,-0.8264332520549221,-0.6605924091783519
2003-01-02,-0.8710747210313027,0.8764194012653591,-0.5250399960295774,-0.4385658108183932,0.16295684190776982,0.8707578637426544,-0.7978005603434288,0.8709586634323025,-0.6314887494349758,1.8496897053332135,0.07179552979135417,-0.5376051518712716,0.9453219505223044,1.2572162328543235,-0.6448056753205724,-1.0386137549826453,0.28703322215858573,-0.6605924091783519,-0.7326908072102155
2003-01-03,0.30190547851388455,0.7192747000050003,-0.21215799246320094,-0.1876220516238767,0.3142681029376348,0.12386046739795997,-0.3031244197142317,-1.2696547605788961,-0.2839011742697706,1.35258489720913,0.3015636173254139,-0.3055830099592398,0.9188361623420629,1.616510125766122,-0.7847523156895004,-1.4150544314044524,0.1884238448694292,-0.7326908072102155,-0.7230083666369443
2003-01-04,0.7170853374044829,0.6737415679127425,0.056159485479221435,0.02604517989375272,0.45600611976714195,-1.274186393168385,0.7990535528372237,1.2933435275076426,0.030298210831551927,1.2708124403006016,-0.21916377091374056,-0.34840117694522793,0.6784190597908963,0.47891566074734476,-0.10673515693061486,-1.4828389838011564,0.17127732890235772,-0.7230083666369443,-0.7521286431455014
2003-01-05,-0.3659072806027139,0.5425629672982162,0.6689859161156587,0.3940765152583327,0.6425299693046278,-0.3687773458885055,1.3899725877001745,-1.1904565754651557,0.30117943520632967,1.4420193607649854,0.42303171272904355,-0.22371098336331346,0.04043890843819556,1.2220713905095237,-0.712813749553419,-1.4219444403238048,0.03913661674502123,-0.7521286431455014,-0.6856658400958727
2003-01-06,-0.8132505691038204,0.3950838824678661,0.7662350176859263,0.5614573686912514,0.7374051719929245,1.1988693397795478,-0.592801936438757,1.155989392486978,-0.16903163868034726,0.8372234709239961,-0.866030963610591,-1.2338255831981029,0.07159880742403686,1.6236238372113307,-0.7195279556376869,-1.3058517284373994,-0.41499379387220836,-0.6856658400958727,-0.8558213698701377
2003-01-07,0.8110186481092757,0.26388540536344074,-0.590613605578513,0.9672186017678669,0.9273214657043829,0.818336117978902,-2.1716530903389435,-0.7138190753156479,0.16450647926068154,-0.48721022616306237,-1.4436264803106629,-0.8491896899244274,0.282193894172985,0.2657249186243435,-0.7700823030601965,-1.197075214104118,0.15911652765644088,-0.8558213698701377,-0.8583212003323341
2003-01-08,0.11950164717176537,0.13147784626218298,-0.865031052440101,1.1292035335105022,1.1949137886948005,-0.19588641325419456,0.3836917775027982,0.19469615491616266,0.6263693626958728,-0.9139338412659448,-1.080766246973854,-1.5338945949039753,-0.44870534843088333,-0.167984906541552,-1.011277178739802,-1.1397741647470234,-0.3909141865358927,-0.8583212003323341,-0.7949184830313331
2003-01-09,-0.5765180591687299,0.1729238330915636,-0.20360444288166804,1.259534538724957,1.401238541669153,-1.062716850330376,1.9755372975328171,0.25033304545761575,1.176782825970653,-0.4534725619268511,-0.9631171588201555,-1.4704408238010156,-0.23004165106123667,1.6805808113371923,-0.715558637593588,-1.099822376776016,-0.41142923003580606,-0.7949184830313331,-0.8237746714364256
2003-01-10,0.1823005907786529,0.34365383935546573,-0.42289991046030256,1.455692281786565,1.5892599406658987,-0.6811476838760075,0.2371780048988876,-0.6102770751805731,0.8289711188131756,1.3173028182012174,-1.433670350118359,-2.174528492285875,0.22737923367526983,1.7116820349303201,-0.8523743031065064,-1.0561525803895624,-0.40794214688064906,-0.8237746714364256,-0.9225373132630119
2003-01-11,0.596344808645773,0.4121632491193453,-0.5691633572115014,1.5846783427730395,1.7093541003250896,0.17577879680707872,-2.576773908204926,0.9280794735964989,0.08533861518361949,0.49316167413997986,-1.7339582715992379,-1.739378198365717,1.0642262390635147,0.7397872115028314,-1.3279481499674632,-1.1544763159536644,-0.18330726627775418,-0.9225373132630119,-0.8485949994451706
2003-01-12,-1.0093498262144465,0.38181703321066024,-0.38220903582329857,1.6952949648415332,1.7605266504919954,0.9613086516210423,-0.2510492737067275,-1.1548161624391708,-0.06780335937377362,-0.10277550948122784,-1.0100687573803269,-1.4208740475297035,-1.3557731616668245,-0.06105094347754044,-0.6466776114822761,-1.1626046721053238,0.4370731380178154,-0.8485949994451706,-1.0423988536238649
2003-01-13,0.9844307172302452,0.19023386706550768,0.6558224102057221,1.775079810700044,1.786927957550891,0.746311558542109,1.5233994353310398,1.2950578154636705,-0.12146207313221301,0.46999266254859695,-1.003100701789834,-0.9460301914178804,-1.9898722938701592,1.9737090489265852,-0.9217255383722192,-1.169936313525368,-0.013388696923294231,-1.0423988536238649,-0.9740678749048236
2003-01-14,0.0949697637566911,-0.08779585988884324,1.2228180348674134,1.8073095811653808,1.7754599747833448,-0.6152820328440839,-0.796995158731428,-1.1037444510967023,0.18192423693567356,0.7445370300072275,-0.22371779514067025,-0.549923614723524,0.12207496649530124,1.7673932012306022,-1.4085867030418797,-1.1856686512246248,-0.1011639310917415,-0.9740678749048236,-1.1299766447249344
2003-01-15,-0.922333307437628,-0.451946293646292,0.2611285650881172,1.7694655155213446,1.730048612663798,-0.7762001542353548,0.1913068675736082,0.36041377710135264,0.6650428285377792,0.15373961216631257,-0.7083669611626087,-0.49903968918524694,-0.0415730871788506,-0.2901795578623856,-1.0022398186211035,-1.2164967089716945,0.3598273863550821,-1.1299766447249344,-1.0815906620469917
2003-01-16,-0.22896204906135734,-0.7398574003606317,-0.019398002276205722,1.6740844944102637,1.6545168967708888,0.5940410109003529,0.33486760111319747,0.7165923281307106,0.6773429278053835,-0.14495023246026442,0.007715983849780531,-0.799469667866955,-0.09185079088138458,-0.747811422586431,-0.7936504577620699,-1.2241621029834202,-0.1731668102224346,-1.0815906620469917,-0.9124385300124643
2003-01-17,0.8602332387497101,-0.8707214106216224,-0.6245115218994841,1.426423416248215,1.5467269855298071,0.433258713590132,-0.5874655804873427,-1.3018736282448038,-0.075826850755143,0.39056909607770723,-1.259386750872383,-1.7775093522421528,-0.03168387610153643,0.9609678176400169,-0.7189223296667318,-1.2612257748715445,0.012573174239332376,-0.9124385300124643,-0.8602204018815116
2003-01-18,0.6215301058158066,-0.763162863473294,0.7995661858633276,1.2037434490025936,1.4117398827529553,-1.7117197125524037,0.4687598998059583,1.249297792595422,-0.24831382807484273,0.34026335515597916,-2.10000938074353,-1.1225144581663609,0.7010831316319528,0.9180853412946207,-0.6941588877728595,-1.3255331203400702,-0.3445197472833528,-0.8602204018815116,-0.9661400526261743
2003-01-19,-1.9389541124629501,-0.41601187461198985,2.3926378074427785,0.8433986891879298,1.2199434980601414,-1.0577412598354077,0.2976026917665672,-0.7186483987343841,-0.10196005155470929,-0.4847466034728166,-0.694205009961437,-0.4355093168866993,-0.20429720888041222,0.9154917941559976,-0.022396751240643508,-1.3578462579607586,-0.3083729305861057,-0.9661400526261743,-0.7442381428538123
2003-01-20,0.37413321250458687,-0.040959203320067715,-1.0531140846986315,0.40624286320547154,0.9615597082143837,1.590039141459836,-0.9951534809993403,-0.3083370136593333,0.446900868844875,-1.2010996271516303,-0.2530386243255898,-0.5086541469447505,-0.03759120395044711,2.2541843649320863,2.623739717315689,-0.9191391117389138,0.6524067147217553,-0.7442381428538123,-0.8071851059809239
2003-01-21,2.1732797426468946,0.4000105306799586,-2.772426896247817,0.010904313221392231,0.9768271910494045,2.2506338863074142,-0.5883828639162645,1.3388848491280294,0.2729667618221438,-0.762567727366371,0.6526808145368073,-0.950914542869423,0.24083369529859563,1.3758348722095501,0.7043163806277798,-0.6619954427473749,-0.3289929406225974,-0.8071851059809239,-0.6550205123243665
2003-01-22,-1.3412585817544838,0.7741493051639159,-1.8646838956461165,-0.298176309111774,0.6012854279562947,0.4924545230889978,1.1288718677826373,-1.8032864497597676,0.1254906579028638,0.07519338073216163,-1.4253887594677352,-1.6091547721454358,-0.6012561241706428,-0.30538673824554297,-0.4108281405109162,-0.5964815282678266,0.8786588315470295,-0.6550205123243665,-0.6667648596480721
2003-01-23,-1.8517927423083267,1.0547858291317311,1.6454822985903248,-0.6380362945829058,0.23797486775470117,-2.549189163933737,0.7892294031709942,1.3773429274335787,0.3510661083703971,0.2870677584095287,-1.367212977994613,0.1570747545921474,-0.12247360828277577,-1.1152454667732303,-0.9844637081425429,-0.6017794138339384,-0.49987955338547335,-0.6667648596480721,-0.8560833746575657
2003-01-24,1.7610030717253922,1.2500357312232269,1.5495137099289933,-0.8878812085343177,-0.1502900481679823,-2.3431877501413516,0.6947868635778784,-0.2827932536468133,0.7616737937132653,-0.9898977283714528,-0.6010653838760706,0.9684222449756112,0.3809083611764454,-0.277419646157282,-1.1923765734662912,-0.6027504926550716,0.19699958171365262,-0.8560833746575657,-0.8279234159299114
2003-01-25,-0.8593130197085724,1.0206975954160682,-1.316323967628504,-1.105549163101053,-0.5235388638192449,1.2383932280899892,-0.8579471670914657,-0.6554452714836986,1.2425714244498771,-1.348221916029118,-0.4791797189779832,-0.27221761818249673,0.36664972063394746,0.40380713336491525,-1.4322648483633882,-0.7011260935195618,0.16413181642644606,-0.8279234159299114,-0.9020572493785851
2003-01-26,0.26888048857198765,0.5945032036649762,-0.9841154879204288,-1.2846912039808849,-0.8584759048272236,2.73549385668649,-1.0459819767278713,1.2641988671479005,0.5524870233026391,-0.5578879927817093,-1.2232184782754316,-1.6384808603387644,0.5047081985817573,0.8132982316959547,-0.43475572930304074,-0.7511371787957599,-0.09157705453157648,-0.9020572493785851,-1.0198777865606898
2003-01-27,-0.2500925899365154,-0.03007831414900688,0.7865969137296903,-1.5687627371142046,-1.350556995024926,1.825062287456694,0.32404767599264445,-1.5687951744932305,-0.15952245423531838,-0.10762142368325947,-1.508039765837816,-1.0224195507757086,0.5690356886698544,1.3622431729225948,-0.6627891334631554,-0.7226147037533487,0.35609395945058037,-1.0198777865606898,-0.9383207404683085
2003-01-28,0.3453379883252273,-0.5233900684664581,2.214093130674444,-1.6991070371937946,-1.5574435187798659,-2.006914669941309,0.31326521813917757,1.3537920051695655,0.6497545757873446,-1.0940266250539028,-0.8520406810317646,-0.8824764106821535,1.8109732840691384,0.743902373929751,0.6606033434232584,-0.5519610925872143,-0.16040944298497334,-0.9383207404683085,-1.0306697754372145
2003-01-29,-0.5819646924288457,-0.7552088653257215,-0.5576466762937626,-1.7503017098987639,-1.7054526691111316,-2.6961190791922536,0.2836560450963178,-0.6276924049717071,0.6138547128681151,-0.09373487022888956,-0.8671274526624456,-0.9149637366373851,0.6947687002864479,-0.018726065626439692,-0.35799290513917115,-0.4714433242832798,0.3704661260949993,-1.0306697754372145,-0.9553676100743651
2003-01-30,0.5010776059954558,-0.7749039489914651,-0.2627775476169198,-1.802893707491518,-1.7686850587975684,-0.09599228243617297,1.0114987807742408,-0.09771753592296817,-0.15686720110587501,0.25169122761456525,-1.580306021934168,-1.6131271709685666,0.5359748935995212,-0.07295806062071557,-0.8198509646460643,-0.44152183152673496,-0.09161227100385372,-0.9553676100743651,-1.093311615498856
2003-01-31,-0.28156766842584946,-0.6019810016896745,0.4913432885434535,-1.767921462530605,-1.8161189179322008,1.4293641020312808,-0.8128709044953445,0.35024128337194016,0.2015650708844976,0.31881608828455094,-1.5156091155777944,-1.1235343131485618,-0.2169967472743428,0.17113564810171078,-1.1349117093408654,-0.5240194754973246,0.12307598061023654,-1.093311615498856,-0.9391189817472735
2003-02-01,-0.07531615822079962,-0.4038164278957203,-0.6844876509610817,-1.7286648091282535,-1.7887971210873599,0.9063836562131751,-2.018575342665771,-0.30221336657849196,0.714626956373018,-0.1131657695126843,-0.3936612298795505,0.24167425878869522,0.063733172854462,0.4902781383788403,-0.42948964494173825,-0.5872422832513513,-0.1707805807185534,-0.9391189817472735,-0.9877925003951648
2003-02-02,0.3112522525389577,-0.07630101322843288,-1.0464545933426728,-1.3438126811581812,-1.8018039821161462,0.8045936548816851,1.5507682063898565,-0.003191326391028297,1.6659866964986945,-1.1761763134068217,1.113857060490102,0.5711862905840807,1.0892286373560807,-0.13145690655339062,-0.4062596482352074,-1.0957337314312847,-0.05461526525747479,-0.9877925003951648,-0.6747205588882613
2003-02-03,-0.46455987165755197,0.30447086465432827,-0.3637012533125962,-1.1532126339524502,-1.6086925957345117,0.5166370213210129,0.9490672578482774,0.0335333209364813,1.4085380152539244,-0.17709239053989664,0.2126752100920577,-0.25911914859429686,0.9650433566433684,-0.2712472084239446,-0.47021955844051233,-1.2019297531952462,1.3744320273631214,-0.6747205588882613,-0.8470389705594302
2003-02-04,0.3824692219560551,0.7451602222808942,-1.146503079320932,-0.9494867202198813,-1.4918329926497467,-1.173644249708832,-0.8843802918892777,0.18365440895664392,-0.1347909973074221,0.08029753178993164,-0.28204134254782404,-0.29714926199273345,1.2237495399295168,0.6541901607330358,-0.7191725470004602,-1.1620808562629965,-0.12150378768538095,-0.8470389705594302,-1.02240501039511
2003-02-05,-0.022000935660540424,0.6872912717999914,0.06908633535988373,-0.725223192716108,-1.3657636441207925,-1.257283257808021,-0.5160819629332951,-0.5405714452413481,-0.6878115477973468,-0.07197943511165109,-1.4592343591552739,-0.4867676562995671,0.7597238952355805,1.4066883043103129,-0.7531924154737102,-1.0386061503367803,-0.8178499672826447,-1.02240501039511,-1.0058402131381923
2003-02-06,-0.41163200608887424,0.3863791654736702,1.267068735879491,-0.5515896125378001,-1.2275255175427142,0.11862503784959198,0.3756050158821287,0.8846234136052126,-0.7150006209947135,0.33622873773887657,-0.8321054783986256,-0.7408146728633589,0.1283874852021293,0.17686717132281912,-0.7977600342071148,-0.980535297183899,-0.4445174204306895,-1.0058402131381923,-0.9400780312436375
2003-02-07,0.428046243468845,0.13089520463291426,1.0722868719433112,-0.3219265106683952,-1.0706953739755716,0.6757592054908779,0.16416282587892583,-1.0272698867948007,-1.2520438214070617,0.518404878860869,-0.7075657619029918,-0.7288648576668156,0.5051454831413598,1.0491629645605391,-0.7466176562352554,-0.9678274904191629,-0.040937307104693704,-0.9400780312436375,-0.9086225167272712
2003-02-08,-0.4467670641673059,-0.10167811069449348,0.01831808382151484,0.07312910457636546,-0.3632001344758534,0.056354617402446,-0.27716511259229704,0.7799786765007187,-1.3009147394070617,-0.2212655371753619,-0.4853008492378528,-0.819262432372557,0.18704237717285638,0.574678227468224,-0.4408086966512347,-0.9291310345919929,-0.28543637120621435,-0.9086225167272712,-0.7190667965319972
2003-02-09,0.12612657690259418,-0.2966972348402011,-0.5762529541179828,0.16387557716492182,-0.28959378185416285,0.09593498640855878,0.5301918403710822,-0.3538202807565881,-0.8807868758715237,0.43263683376888584,0.19331667471777547,-0.5260390405536625,-0.9563429288766785,-0.07135410667809076,0.4707729885672055,-0.7937957949162754,1.2499438345632583,-0.7190667965319972,-0.48092996582108755
2003-02-10,-0.0973682127664152,-0.053243488907225134,0.1303535528436259,0.22790619440307558,-0.1666590935272496,0.6659442055082928,0.4083670444516632,-0.19503947014510822,-0.601428319780321,1.0733869301332288,0.8616324645271256,-0.2963045409695524,-1.5226836552813663,0.28165300815390654,0.4243561308040073,-0.7958870200171922,0.6349153507913889,-0.48092996582108755,-0.4497312679763423
2003-02-11,0.009901905838989863,-0.14655903063634476,0.0731716222533203,0.25954259996055146,-0.055241340177061414,-0.036849355712351935,-0.5762716209820304,0.709792688198926,-0.363699712269662,0.40444669492098345,0.14506357941197495,-0.6580408340796885,0.7972620990136765,-0.5649073795697331,-0.09535361301228422,-0.7818327932715537,-0.2597007959739114,-0.4497312679763423,-0.42210811570098705
2003-02-12,1.3611594467191088,-0.191583706213029,-0.48527174820521074,0.29968864144744095,0.08757972275886812,-1.1274632917340974,-0.7819862005153563,-0.6537571806823377,-0.23923316650188103,-0.28517843714741525,0.7903184570667013,-0.522535530101194,0.45668380898536254,-0.18444056210327683,0.42219912039831253,-0.6293872828604901,-0.1990886519792019,-0.42210811570098705,-0.4586543668237604
2003-02-13,-2.762771644474265,-0.13022895022158346,0.24144161135180311,0.3248038173119555,0.3049808897026999,-0.7863316427494308,0.47003635742612193,0.033682956098844065,-0.1431947066559836,-1.1275896802867373,0.07152234661687926,-1.3133446985850898,0.8505523476098719,0.19475024517859116,1.4301669670547184,-0.3140806555826752,0.34330881080645453,-0.4586543668237604,0.3976508132067962
2003-02-14,1.0481414239555207,-0.0017923465769707678,0.12092388000216948,0.35361145652725606,0.42384805140152215,1.0642355059573811,0.07121369092425932,0.7967054738843966,-0.2953859624673264,-0.3609458625592841,-1.1622272742385893,-1.4715744113171993,-0.3461577117483992,0.21277383309328898,0.6676380707883478,-0.21979953528788418,1.3544765511639127,0.3976508132067962,0.12485080428031982
2003-02-15,0.40939406280589946,0.19415325073776005,-0.6421579350010854,0.37511528636575914,0.5168030150582776,0.9965736499780395,0.2198229364517477,-1.3887688013513255,-1.0392371227383033,0.6780490438692482,-0.9316385922797777,-0.5877507118829015,-0.4389529596642846,-0.0351033992104742,-0.501595760838137,-0.23356524464418535,-0.6070240870235368,0.12485080428031982,-0.19254751041650373
2003-02-16,-0.5541379843905058,0.3661713774388129,0.0014026078794798682,0.38714934408912965,0.5811208747226545,-0.3164878337890486,-0.38296502579037084,1.245672439773046,-1.5984262815572103,1.3023321283657312,-0.592224846668066,0.43847193558336606,0.30174457830020435,0.4179546035193286,-0.2268556225564597,-0.18813712767025695,-0.8223226590093953,-0.19254751041650373,-0.013513320629213614
2003-02-17,-0.7447325146760376,0.5461015145790893,0.4251823766074126,0.25115583750340353,0.5849524662826475,-0.5623582829180496,-0.011016559332815498,-0.8457217199980838,-1.5581197996264746,1.4527281683963138,1.136472534229033,0.9063535032430033,0.9913662744081774,0.20825123994630027,0.23196687901761748,-0.06256470419145879,0.6388740792497323,-0.013513320629213614,-0.17935665938768766
2003-02-18,1.0000049765633814,0.7019910315793177,0.09152809762180801,0.21896536843765338,0.6102687291570601,-0.4061245952907165,0.25064461652927467,0.5375972975589709,-1.2493980138271858,0.8266328414070375,0.8247177850618875,0.8907347628003697,1.0229500521882853,-0.5992210405469349,0.11979692853819733,0.08096078136862238,-0.41579600786327275,-0.17935665938768766,0.18506490249474455
2003-02-19,-0.19367223172409143,0.7827745888640918,-0.12610583404635226,0.10656070830923575,0.5958482897102213,-0.25745886525744455,-0.5304909427533655,-0.42479117214722967,-1.9012273850867651,1.3391489530684777,0.6449011029908666,0.9816320039071859,0.27834588994271114,0.023436098532777953,0.252321740828369,0.22791656059314397,1.1259965831146028,0.18506490249474455,-0.3520412950476999
2003-02-20,0.3294597983788938,0.6383971939457987,0.19477360552422363,0.04522853827407482,0.5999218080410006,0.2446865344875048,0.8296565557370251,0.3907343137079127,-1.322072301178354,1.5690297144166663,0.29210129020120723,0.8288092151333869,0.2069364144496712,-0.3492259899137775,0.42420668939520767,0.4124203082077287,-0.755959682727028,-0.3520412950476999,-0.6895659414631711
2003-02-21,-0.6786214812087138,0.26611481823305716,0.32644924477136816,0.1014455707334034,0.5905780190653314,1.1900377516867937,-0.11220344313302429,-0.40479861057245076,-0.7093357245609628,1.7648390438826271,0.679782800131275,0.7707533887628423,-0.29084292698886977,-1.0205261238115328,-0.793826445330128,0.42014100033161605,-0.9499457383254685,-0.6895659414631711,-0.7928310915486413
2003-02-22,0.11727653529961544,0.026965473265768945,-0.2497293105194813,0.058769556951284274,0.5349434032136356,0.5943546420279762,0.3152634458440391,0.37459434316827067,-0.5378810832330743,2.7783747907679195,1.0126008537994033,1.2822023397666016,0.15196562045228262,-0.7907073377860939,-0.5385028758939526,0.3040951271296848,-0.09345656439119893,-0.7928310915486413,-0.8801094607152712
2003-02-23,0.31612643609028324,-0.09714843897877234,-0.8497391477654694,0.0045895712383176536,0.521599829216801,-0.5817229270076304,-0.4253350987119469,-0.17825198906431228,-0.9404520924772662,2.32143861810621,0.9113841191614698,1.8114250631024253,-0.3970571160953063,0.863851911072204,-0.2804304191206339,0.2233524098218168,-0.22136741901314722,-0.8801094607152712,-0.9898785935757921
2003-02-24,-0.11319864726747432,-0.14988647726333287,-0.22437974906454805,-0.03071785786698321,0.5016917716416714,-0.7414121747163084,-0.9639708123684434,-0.07125400019364153,-0.496610971797583,1.2999664914897318,1.0956180289048407,1.8243480903567986,-0.023640905128552582,2.34211843694641,-0.26051255636305354,0.2224341522308721,-0.34955443273535847,-0.9898785935757921,-0.7975299684261957
2003-02-25,0.3020154088529839,-0.15242742954157038,0.9776216543829109,-0.07981618421210152,0.4725131231152692,-0.2776750251192509,1.2564730351943638,0.3174575630857977,-0.9901214956293976,0.01707364189443459,0.7859073606085201,0.1526649716851868,-0.07046903964108225,1.9839982578677087,0.10474770152960171,0.16834405733645225,-0.17021752416763442,-0.7975299684261957,-0.39182901140918974
2003-02-26,-1.2461228914493547,-0.11909320715763075,1.6745400324328275,-0.12330522596027961,0.4403495526037144,-0.11924682535586525,0.8480897865337527,-0.3484111785356443,-0.5411016155266158,-0.3538958614498126,-0.3454544371970127,-0.43176679327076445,0.26437839011625286,1.5652349944738644,0.16528678219605564,-0.07549761565551394,1.8243359754506525,-0.39182901140918974,-0.15478747364311193
2003-02-27,1.659132497017608,-0.10116638758092347,0.4304740970718365,-0.2092048341804218,0.51890144097601,0.3260160977664397,-0.9272377034231801,0.1804397084366774,0.05654959992792205,0.7257761503432616,0.5199990558693376,-0.3592493345911646,0.6956328213111488,0.18572013918186095,1.4017529679628382,0.03336471416799237,0.6774100609376625,-0.15478747364311193,-0.2442349169380453
2003-02-28,-0.8905645587897043,-0.18846385482211434,-1.4566971397994464,-0.16123213192523358,0.5408798673584575,0.9213799516874106,-1.0004988442125835,0.09414029827486343,0.005728378820624724,0.7950078403807443,0.21957437688967743,0.2863707901637432,0.9992934437113472,1.1710006484745874,-0.23454328049963005,0.06487850114142318,-0.38395484605252517,-0.2442349169380453,-0.44576674553722173
2003-03-01,-0.2447492010221577,-0.4706563228812025,-1.326331967995968,-0.10618060944453744,0.48374265914419173,0.494981635876256,1.0050991494843842,0.17302320011134428,-0.06228700543323146,0.9819934528489281,0.9692476984028395,1.1680773578519674,0.38610978762118076,1.231188377154417,-0.7086998924622057,-0.04282455009935168,-1.085983616099821,-0.46543242479603153,-0.2571478174611689
2003-03-02,1.141020929933546,-0.8801900148761039,-0.5143186057046626,0.043885533739955566,0.45148368224174057,-1.0140709111668538,0.33985970925869136,0.014184747420273673,-0.3986714964223995,0.9844600194461535,1.1892712797289962,0.5813821123887354,-0.06934700895690858,0.15913542374357204,-0.7667423573809096,-0.193111206002622,0.5232054773805888,-0.2571478174611689,-0.4601249058662739
2003-03-03,-1.5794809673338508,-1.1266164091670696,-0.1128238769177004,0.07773195782342016,0.3882618681150841,-1.1096611870312767,0.4847469038111022,-0.15783559338179778,-0.5280987769473406,0.5872648737372869,-0.3305624604112453,-0.1673286679753035,0.9409352290015877,-0.31245215053149433,-0.6973534929837664,-0.2694692091871668,-0.8809562309370181,-0.4601249058662739,-0.41619550275898676
2003-03-04,1.4984267715140998,-1.150004627758789,-0.9532450105514106,-0.016702642862390434,0.3423490822190628,-0.030197549143220648,0.32414010790247594,0.27936335017439184,-0.2997743387431409,0.6062670150728082,0.18769497857918033,0.4152339070008633,1.0078086789848133,-0.32004914660501166,-0.7837523829410525,-0.3862851025785677,-0.062105217722701896,-0.41619550275898676,-0.6474710402735513
2003-03-05,-0.034715357595763933,-1.0009883249670657,-1.4617812929211274,0.023733004044291715,0.30315577943975514,0.7486172579034001,-1.4987922773742177,-0.3698340020006129,-0.6943925789898091,1.1492790464936689,0.6905763213442414,-0.11209333271685201,-0.08582508469442555,0.09173004692425672,-1.422866842842153,-0.5972074611343334,0.04944041673662036,-0.6474710402735513,-0.980432358204792
2003-03-06,-0.4706744082571365,-0.7397554004253892,0.9656810081501594,0.014523507966998476,0.3066689020428282,0.7874851035045578,0.03843793640109491,0.4063656696842558,-1.1660606598918726,1.2770201697223877,0.14735972082807822,0.18779871979979013,0.2990199145458722,-0.2599032992414053,-2.248020843872648,-0.7349679418814706,-0.28589892132164746,-0.980432358204792,-0.8533199432766154
2003-03-07,0.3987525114403879,-0.42529873605716445,1.9309156909250407,0.11508866821391901,0.21494254725360065,0.4054079283808697,1.141023581128392,-0.34753316671288265,-1.5706720914111474,1.0057233952523874,0.025090189154775015,0.17096015163216774,-1.3442029469353005,-0.2889571839658984,-2.1150942772757415,-0.9077818050405166,-0.48706946683514485,-0.8533199432766154,-1.1695754305820796
2003-03-08,-0.16494705709939145,-0.0009953773837806505,0.193009175048057,0.11934776220200496,0.18301526002871338,-0.8484034436482895,-0.6310016576450982,0.27204725604753427,-1.6494781019492954,1.008135554767348,0.2785961078584371,0.12002640405523504,0.0037622691498705855,-0.390483295775825,-1.7802402911354578,-1.1118886449691825,-0.21717366915733266,-1.1695754305820796,-1.1729129727568788
2003-03-09,0.5361835135726388,0.47238194416154705,0.5579684734408394,0.1432578618937462,0.24278481543921743,-1.0079214102656873,0.00045641827559789996,-0.23284262854003412,-1.4200954314227128,0.38224338709080463,0.6441660184690251,0.2757502764923002,0.2250123216559433,-0.44653107214960935,-1.3429925047749776,-1.2603830482741847,0.06732881874500289,-1.1729129727568788,-1.3944636011880043
2003-03-10,-0.4410445173385272,0.7710922865581185,1.0751411167170903,0.15830675868949942,0.20209992134519983,-0.04425220132458556,0.41803111676536864,0.12980532637382564,-0.9147602157847085,-0.13820508570545326,0.40854924800659403,-0.9807713009141873,0.2541468257612197,0.02141843182024688,-1.0141138906714975,-1.4271508974638185,-0.15331016910005027,-1.3944636011880043,-1.0710494882803931
2003-03-11,-0.32010032147178885,0.810347245795017,0.7660702963154239,0.17361937051917462,0.1538359471629398,0.6494792720310848,-0.5396585558407191,0.1515958621961912,-0.16646983468855958,0.19676658645880152,-0.12297111501568067,-1.249054720215417,0.006713243760711441,-0.2232214400096565,-0.4908478318787589,-1.5264787520720897,-0.27499564499569157,-1.0710494882803931,-0.9232000413353619
2003-03-12,0.5746318652093445,0.7029864168112839,0.43697319062357803,-0.07121789313999587,1.1869543614850335,0.17104965901708144,-0.4973100421530584,-0.7763474279347757,-0.030592587166831893,-0.024737801729891862,0.17296312314008602,-0.6959950718279379,0.015004119331208597,-0.47009313631944155,-0.8249500953867726,-1.7711432927724335,1.288905314864883,-0.9232000413353619,-0.9430573719724731
2003-03-13,-1.2841972342480528,0.4593968820505686,0.9382225470099212,-0.08072563713362702,0.7893111268136003,0.1984177019800985,1.2298103252065122,1.4092301729034515,-0.6060813055585462,0.13521079141725806,-0.18446263502236496,-1.4100015220715176,-0.608148157105487,0.35172444994690316,-0.5779557679368894,-1.9633684564999085,0.5354054087698689,-0.9430573719724731,-0.8917676986634903
2003-03-14,0.9590272401430089,-0.5829378018973058,-0.5386176182176975,-0.16335050053756842,0.4903952162590751,0.9487447013338749,-0.2933189845138901,-1.9594450298337007,-0.8048747220481489,0.7595767307859226,-0.19089373060901144,-1.2309233207444714,-1.0713389001443794,0.15332208149357812,0.691490147139905,-1.973066247176481,0.063601424902671,-0.8917676986634903,-0.5941713438505006
2003-03-15,-0.08833609911154895,-0.8485910062268809,-1.2442219921222428,-0.2721328302542746,0.14411634574525567,0.25380851636325114,-1.4847840404607375,2.0400936996906154,-0.4366892725128149,1.6188372255905459,0.628314942340628,0.23341870997763248,-1.4504312615680572,0.08969258409671961,0.1410330806147496,-1.9149252189630368,0.5581990460402055,-0.5941713438505006,-0.4945438989469901
2003-03-16,-0.5237084670570121,-0.8011726283658495,-0.917101295596258,-0.370033596835657,-0.3648057496869738,-0.94803374686314,1.1691400103746554,-1.7012561408405806,-0.16553886460613068,2.518419346555602,2.0964885818750765,2.296750579727837,-1.2959366330910922,0.21893894707266381,1.9617737433210864,-1.63846233127178,0.2248664870486661,-0.4945438989469901,-0.4921509009407805
2003-03-17,-0.21139787406758642,-0.5773794492823789,-1.205709759768198,-0.5324429001228962,-0.9152935127051773,-0.89920019266009,1.3592193545559719,1.1560525484826105,0.6898904507902935,2.687520442717388,2.6145027815495734,2.4719144752832287,-0.6361569824622628,0.6992561007263346,1.346217253334647,-1.3071259435732625,-0.05794167839614423,-0.4921509009407805,-0.6976913827374192
2003-03-18,0.8108895054496598,-0.3460710209783882,-0.7601088175658094,-0.6308934166733174,-1.306291176384665,0.4267083104339154,-0.9836980404170713,-0.6181147096324988,1.705681355394457,2.82229998578313,1.7830089694128313,1.6318693729958496,-0.4434201885818389,1.3134833066733134,0.3683449227868753,-0.9245380562952568,-0.6728532490876783,-0.6976913827374192,0.14022094324593096
2003-03-19,0.16870272700939323,-0.02092764290249408,0.19818676191409382,-0.6859242000402965,-1.585356374031701,0.9367040944583606,-0.8440765536367958,0.3068663841031031,2.3479100428924053,3.021404254169336,2.449462656648573,2.2393096661142784,0.23577027768703868,1.2523021982684028,-0.7411906333155518,-0.729128236920908,1.59484626617463,0.14022094324593096,-0.2253157269381116
2003-03-20,-1.0783818014539939,0.4666759053101806,0.34170578320616485,-0.6622958831718602,-1.5688561888709622,0.083257485419781,-0.2867576312299879,-0.25838610636767556,2.3525801636516825,2.556223087677366,2.684582282880437,1.8193984758633308,0.8988269470573811,0.9007231180401188,-0.23130706363424422,-0.4985666802208115,-0.6832618754970015,-0.2253157269381116,-0.5581388313239275
2003-03-21,0.3481342033169819,1.293177211897446,0.15525212789063358,-0.572327697678333,-1.5934398979948412,-0.7619059861103289,0.17483790497334598,0.37262140087875895,1.5874086559185117,1.7107021824338826,2.795514861535618,1.7053592055418565,1.7838084240176406,0.8751908737495928,0.4615059937394151,-0.158766316017309,-0.8025991001101758,-0.5581388313239275,-0.6731739390686479
2003-03-22,0.31327779134647243,1.8953207841978241,0.25183663399343487,-0.46290061542326577,-1.5691256681274726,-0.2628683622954805,1.9679922881868261,-0.5613891832059867,0.7723102215015105,0.589344658457861,2.0712703008253395,2.0358634712255848,0.27414731033113277,0.5417076356554922,-0.11868661604844327,0.021895271968340454,0.10871525826614337,-0.6731739390686479,-0.3362514313462201
2003-03-23,-0.14385505915621621,1.8372397068623576,0.42296178176058596,-0.3861072815237906,-1.40916628367999,0.684824891961796,-0.4908511151613641,0.8338316819380709,0.74467646193223,-0.22953767465005545,1.6721813366201943,1.6322445222054904,-0.598272753071563,0.26263835310916434,0.17890811866695847,0.20859055631574389,0.07641061189648807,-0.3362514313462201,-0.3539169567435302
2003-03-24,0.5017429172539593,1.3830354595164323,0.8170625096809276,-0.2762951487943135,-1.3513130239833613,0.7559848718835755,0.17914842399786693,-0.9902352585483212,1.0992946144746176,0.06282338441173702,0.6923347128007279,0.8615503105291883,0.582789857925954,0.004857084347343474,-0.33640701117880745,0.20270838297012714,0.2052585879326058,-0.3539169567435302,-0.6039886452461986
2003-03-25,-1.2702302676763415,0.9082956153960171,1.230331480486576,-0.12759995654103312,-1.3026794563361128,-0.32997473684935824,-0.12148142069226708,0.9406991249786727,1.6754252350791903,-0.3620944458491905,0.8922741298984885,0.9149547363582099,1.0873430231826262,0.10119647871408628,-0.7525993135715994,0.16091043648057102,-0.7462583753174146,-0.6039886452461986,-0.6918901372755586
2003-03-26,1.3004769483523912,0.5185681915902012,0.2053335750688621,-0.02920767122286456,-1.2257058392534468,-1.2868798101129575,-1.2354665417251094,-0.9123399426694274,1.761792564295334,-0.021622573162322512,1.1058539112360697,1.2434588735107586,1.11510207112159,0.9487319360522067,-0.5870420162483766,0.12470106304732057,-0.4365015577555711,-0.6918901372755586,-0.6356750414196363
2003-03-27,-0.40688619169491974,0.10827209341865403,-0.9553053231449167,0.06851230519855736,-1.1398087015139862,-0.6140131828097389,0.6789177553927505,0.8991073141209314,1.6074490884391026,0.8753357072230254,0.748635628208024,1.9836550082479396,1.2561191439312085,0.6099702048449164,0.6264763667729736,0.11894721128099026,0.36929643385480465,-0.6356750414196363,-0.17665320247214772
2003-03-28,0.09959486432072538,-0.4630314681337599,-0.6497615410731876,0.15023458813660118,-1.0134099975020172,1.0530904844756022,-0.2705542371720637,-0.47799859066133743,1.5693826416004224,1.0239349833161973,0.5147539027364756,1.5164047148293127,0.9299973089072179,0.7963781226790667,0.25089422597097916,0.11668610195916862,0.8009031928715862,-0.17665320247214772,-0.3168566559223223
2003-03-29,-0.20456729740464366,-1.294076451060163,0.3589989906554934,0.25681170772496326,-0.8996872757104025,1.77988482373986,1.1260749291565262,-0.12985137793860937,1.255369306507254,0.7689606904279617,0.9782778810623424,0.695219287685527,0.7408693018608716,0.35429233675603256,0.24757163455762532,0.01056030251704883,-0.6230470612899507,-0.3168566559223223,-0.012647724220795626
2003-03-30,-0.35534798538139273,-1.723543524852482,-0.38826123037822424,0.47575905282742065,-0.755902114106937,0.1470873600417552,-0.5160570976732908,0.39255313995574204,0.7328826819491638,0.048842743111758416,0.44376777767027026,0.6826022466825669,0.5837204795079762,-1.0424756033915323,-0.2377550539876518,-0.1255044096777521,0.7618335100777848,-0.012647724220795626,-0.2054620644473723
2003-03-31,0.8021040463209395,-1.3031116466116597,-0.2514212699407568,0.6138103148371394,-0.5578520324172331,-1.547429194177891,-0.9702258021849458,-0.49127491562276515,0.9440541876662286,-1.8273383564482493,0.08764531408177896,0.35306186330886774,-1.0685389831948686,-0.022139119275245218,0.8501089541822879,-0.09833152820708285,-0.39432827718232905,-0.2054620644473723,-0.3283387580538467
2003-04-01,-0.5556373358185933,-0.800604063018986,0.47549227393939286,0.7801268293411888,-0.3577608093684037,-1.42442899035784,0.9274671079079003,0.5214822338221627,1.6999363936786558,-2.4243597249173976,0.37348834468006087,-1.5968451120556233,-0.7326386492372423,0.5706099912308872,-0.1950754306660389,-0.04627263782986336,-0.38218346816194454,-0.3283387580538467,-0.5376288874425292
2003-04-02,0.0885997662245343,-0.3684937689062583,0.3213726174720621,0.9630146327403715,-0.1434367109865023,0.3512577575933399,-0.9640383000168049,-0.4397201442572124,0.9267334821121679,-2.0626096625011567,-0.728670952864624,-2.4634324429627936,0.9470320632695424,-0.8880785369572456,-0.4561637337478182,-0.08394759762480182,-0.2639499392294802,-0.5376288874425292,-0.6920160525504963
2003-04-03,0.4342292401072032,0.010815444441363502,0.3058645063905085,1.1563300635522098,0.058192469981436346,1.1787300006609567,0.8126049567776475,0.5875230374686713,-0.670588585384437,-1.4676341393921208,-1.7833485845130954,-2.3066573357889446,0.45950489444427717,-1.3492032879783808,-1.9210722948768661,-0.377235945404109,-0.4174413634398854,-0.6920160525504963,-0.9232828070043089
2003-04-04,-2.1555417952206426,0.29145981953060945,-0.3129819078311105,1.3226541445694524,0.2698540123315395,0.7585216105794326,0.9450976773156484,-1.2042413634731473,-1.4859885925233212,0.2507050860141002,-1.937622144481038,-1.666231989704655,-0.4589239465780006,-0.48123736896790487,-1.3909061914021712,-0.5948439297081151,-0.40159734104481637,-0.9232828070043089,-0.8626294695753084
2003-04-05,1.477453760439686,0.4197159762603384,-1.6915322983890537,1.449795592064769,0.5240459430469736,-0.10312912685180382,-1.0570836665878454,2.155168156158462,-1.1347796035904585,0.5883765322988673,-0.4731057590874418,-0.28751256255741514,-0.8322812619556886,0.4288653067567611,0.48596223612300365,-0.5885725449185323,-0.2615755229247848,-0.8626294695753084,-0.8409475150597361
2003-04-06,-0.30809608989195564,0.28081399502711946,-0.02627492241637722,1.47804288747486,0.707253562890574,-0.5642038355373106,0.3980056402292204,-2.532939413163695,-1.0671920949960085,0.12159881286847718,0.26643893278326813,-0.34389920119399725,-0.3478179841294459,-0.9535322272364984,-1.117491003754689,-0.744559751666275,0.2088877335819976,-0.8409475150597361,-0.7026164536516488
2003-04-07,-0.508773113283444,-0.021539166959563222,0.5590925203127866,1.3651343406542715,0.8501066479982614,-0.7954831990445972,-0.06065116375595081,2.3709100376293635,-1.3256953879909088,-0.22105602332189525,-0.057568611381090026,-0.5570449808460997,-0.9678894905173056,-0.9399437888131849,-0.3173163883049203,-0.6764507924136731,0.14936534188710604,-0.7026164536516488,-0.8029623288558173
2003-04-08,0.40034099297041936,-0.43000553371645656,0.49029003042922475,1.1728612721667702,0.939487955921972,0.16392645101352127,-0.22679603866258055,-1.8560545828970487,-1.613022859808196,-0.4892000602247921,-0.37527457159822536,-0.7565690560897819,-0.48848198611048277,-0.7653533539329166,0.007876737434685085,-0.5504822667249399,-0.4573467649725461,-0.8029623288558173,-1.0917653631810564
2003-04-09,-0.28266635259102235,-0.7329197790940342,0.46536275657895,0.9744823976133778,1.0466899551850903,0.4464437371742468,0.5147069788976525,1.0967052000598798,-0.8964284404931822,0.022983339419241935,0.37912027539457577,0.05285146744259507,-0.6053429233056331,0.46127786982525504,0.06397586501473373,-0.5702648317152379,-0.09367368684693723,-1.0917653631810564,-0.5613673757497151
2003-04-10,0.797667023467311,-0.9908485503724592,-0.11940266008055701,0.7514837082013355,1.0607040839097877,-0.21713504761141986,-0.2896538786572894,-0.30843860177556237,0.6799443081897317,0.6442515321030723,1.3363239954688502,0.8682366740574002,-0.6719937109154296,0.28157608634840114,0.3282357899266516,-0.5418677437985426,1.1977071597754159,-0.5613673757497151,0.10531673540615163
2003-04-11,-0.7359843177131633,-1.1777467970832725,-0.33766443463128865,0.5784030092309592,1.0813701290553734,-0.3797616142047305,-0.3322857939255428,-0.13828327296786982,1.5027302258761335,-0.14563547242105437,1.6229155735725547,0.47604213448336224,-0.012242629971499394,-0.43589083396106704,0.4084874866924132,-0.4963111224824865,1.3713700786948684,0.10531673540615163,-0.30515495868680137
2003-04-12,-0.2419827110346968,-1.1724625788588787,0.2968957471164537,0.41826056192811617,1.0621582518166786,0.3969195056342105,-0.1973618254482528,0.2138792582201482,1.2445181315696656,-0.15970676412496637,0.38801248740131317,-0.8919640174051975,-0.29308726991443607,0.2605857606004077,-0.27056537438037176,-0.5052103985684215,-0.9204572182447973,-0.30515495868680137,0.08323233939115687
2003-04-13,0.7526489997838722,-0.4700683448985523,-0.4259463676499489,1.0521240425735605,0.4310624801395074,0.7264588558227905,0.3491375373167593,-0.1708945480754301,0.803497843262463,-0.5128504449560852,-1.476491593879484,-0.6900213699244536,-0.827652139605529,0.5503758238764443,0.6588339334850243,-0.5114279413625287,0.5985364177592305,0.08323233939115687,0.3119893953221267
2003-04-14,-0.48067168130677707,0.3202695292580975,-0.6416941957010706,1.0712601770600159,0.641558804253519,0.27605321445525643,1.4218267963609668,0.26200760720678234,0.5722540238158217,-0.21933150591987766,-0.10042448234956887,1.5781990528797056,-0.39768419584978165,2.4037636698829448,1.3445493348236204,-0.21939900101261692,0.5788396987941122,0.3119893953221267,1.4996049031942684
2003-04-15,0.3927105355138676,0.3946398952787624,0.033981382271872286,1.052335324172874,0.7685512034552265,-0.06162688531384278,-0.3057700191133811,-0.3942465991022004,0.40673035691224724,0.5859799089783396,0.8913448325934419,-0.9002979620583981,0.8192348637594039,2.6942956395245665,0.09673312150019804,-0.12857570770365306,2.646987760575329,1.4996049031942684,1.564016614210465
2003-04-16,-0.4973597408092285,0.5990838716659563,0.11686859745714215,1.0598780757406638,0.8759394830080746,-0.09260484083036732,-1.7620419066700241,0.5143590548766416,0.1729169025257849,2.5239314223064064,-0.5191426120741185,-0.557238261696184,0.7308659440953817,1.9516902694971978,1.0168837318084059,0.24352067271360633,-0.0706684071340787,1.564016614210465,1.7196349157690631
2003-04-17,0.10932216717240112,0.7438733066224246,0.7389720914904363,1.02836229025426,0.9640788935840914,-0.2796239916112689,0.999379013413234,-0.5240897540638434,1.2663834712883217,1.8325059577155298,-0.07706814165482367,1.099007916602763,1.9932326100598954,1.0575911284112367,0.8553932262262118,0.5746499632727662,0.25768946757340755,1.7196349157690631,1.7360312142152516
2003-04-18,-0.047682195888727276,0.846778772131993,1.094107689149764,1.0191928953019274,1.1880378828925195,-1.3720828707589297,0.15378641656477798,0.4083477589321159,2.1838774466341024,0.07723387022122558,0.38486958447744885,0.7248130293802164,1.575912178728094,-0.07465747830351929,0.07476499013319485,0.5132135601691771,0.11111491623602343,1.7360312142152516,0.9254446329504491
2003-04-19,0.4726374364410807,0.7742366940025113,0.7534645441746551,0.9370024765985814,1.2023651401024444,-0.33109907814331524,-1.6997952167116956,-0.39225364283268727,2.216235814636643,0.4587786070164979,0.9152681222210564,1.959599010474218,0.5610434330196615,-0.4908247278194856,-0.7188752733148939,0.5657330553027394,-1.0627399695536923,0.9254446329504491,1.4762719002025027
2003-04-20,0.3130665171604563,0.155771291647006,0.28460965091150936,0.8327260822275486,1.1846260041584944,1.4002723995757318,1.9011626082948547,0.5956016821417869,1.1508350256950635,-0.48193248012031203,0.6587989168837282,0.1338147979359349,-0.41444520964061304,-0.692684712518492,0.5614419274010083,0.649132066058027,0.940180788946499,1.4762719002025027,1.4955190965743248
2003-04-21,-1.7154702362042418,-0.4457571979112397,0.28160578337689784,0.6552014718211577,1.1244408015744565,1.4525772969933457,2.0526106898783576,-1.0915448607112186,0.3348789079698448,-1.0908546835185249,-0.011350106993605894,0.16871818794839485,-1.303117771450786,-0.677605525565126,-0.5376151433907684,0.5376967225849643,0.021090742538460213,1.4955190965743248,0.9414170154412109
2003-04-22,2.067146940426928,-0.6351320482230662,-0.8303290296621412,0.4929458551728657,1.0481533884595493,-0.1402841268888641,-2.914643102169833,1.6932825589507017,0.40099545972435174,-0.561319667453439,-0.7032823033862458,-0.16602900043575045,-1.6731488054394146,-1.6792193768967165,0.30619045132161654,0.6115855128504313,-1.0506961839499587,0.9414170154412109,2.4905246525410827
2003-04-23,-0.6758694022053902,-0.7006416934486557,-1.5958414277563169,0.29775968856016827,0.9629697961719196,-1.6777525010297352,0.7605917686492912,-1.6411989010101677,0.8170845482822394,0.28446987968393117,1.0227506662268206,1.1302358723091623,-1.213720029797893,-0.1296886634590571,0.5633581598797711,0.6881469017548205,2.144117145214304,2.4905246525410827,1.6575983665338319
2003-04-24,0.2548527407397395,-0.684782023480662,-1.3155027664869787,0.09006080431975151,0.7985109095763994,-1.1687301026776697,2.7349252519199294,1.4279608234047871,0.6810507617525569,0.11036480791709048,1.8336784984886434,1.5212850174161943,-0.06856448834773415,1.1117410010428708,0.03875293617466273,0.680314559974996,-1.178811188025526,1.6575983665338319,1.0872830486289498
2003-04-25,-0.8267187213183241,-0.5830921386047616,-0.5715865158295688,-0.16196798709184743,0.7042168374216468,0.49837235014638975,-1.9219008754681506,-1.4148123835619626,0.3370411066848773,1.6891026106168952,1.0997095580702732,0.3185043972961804,1.070013611312201,1.2006131291484494,-0.6390296712430774,0.6618535807477087,-1.0400795170907797,1.0872830486289498,1.816467360077462
2003-04-26,0.43597007102692636,-0.30313947673086844,0.029773765013883173,-0.47951305853004844,0.5746249175009122,1.4274805818075524,-1.7680354868553698,1.6223562627852917,0.05104989438819354,1.9082126919641866,0.6249620552817762,0.2299204683325216,1.160256203455103,0.65236274796795,0.34707118370964946,0.5917688393044788,0.7558060142485513,1.816467360077462,1.6693745941625757
2003-04-27,0.4003373176712681,0.18008779556919244,0.32021751928213843,-0.767870011771098,0.4533127927146882,1.2679504411398477,-0.6782175166333344,-1.971233540512375,-0.06987225327461463,1.6241673121211315,0.7125168602843149,0.5658203875666393,0.8509902987351499,-0.27196265148174054,0.21245161973054105,0.3582392667891943,0.9175116749046139,1.6693745941625757,1.1124953620536924
2003-04-28,-0.058035674870097254,0.6630313741329966,0.986682388745194,-1.0396607467557966,0.2993287375557066,-0.6124984661501656,0.3469368033645527,1.5877950309105828,-0.4853386910479484,1.2739120062349896,1.0250170588920535,0.12662186100264772,0.16988937350883093,0.4414314933673756,0.33254321602607867,0.36351496205351097,-0.8133687476079424,1.1124953620536924,0.45566928105768706
2003-04-29,-0.27993523561398076,0.8945422942634478,1.3519379005458096,-1.272225539333738,0.0027831994706205465,-1.2968179744740806,1.3912700055038736,-0.9390244084802619,-0.3505891382535594,0.9553591823530507,1.067670459110021,0.49158930504892795,0.1406394341198183,1.0473769809317857,0.0810955891160496,0.19443636993501623,-1.1763406346712193,0.45566928105768706,-0.21554303504508712
2003-04-30,-0.5240290978365496,0.9565659680262567,0.26539612518772315,-1.456233956759651,-0.18414817151112026,-1.0533453165225624,0.19742285969947973,0.27596888217101245,-0.9558635721179375,1.3312079262940193,0.4984082336561702,0.07628393315466721,-0.7686861704696536,1.5384944787829118,0.13768913329647192,0.09504875512294299,-0.8642708547523072,-0.21554303504508712,-0.5827159296037059
2003-05-01,1.3609740643273647,0.92443731675563,-0.45321780407213486,-1.543717741684018,-0.3071043037716098,0.40360471769171524,-0.9473291684350704,0.5131604818248816,-1.3106679063945905,2.381937618117741,1.5480808676877216,0.589570023628771,-0.27792684846627325,-0.4921326920112849,-0.6945812504139844,-0.08975674573292622,-0.4126186881856775,-0.5827159296037059,-1.0720596335963015
2003-05-02,-0.561411869330585,0.7393871831748665,-0.05070886139646242,-1.6041135116448815,-0.4793238972064057,0.9967911066652695,-0.6049991679182306,-1.1288047481868415,-1.9576841889331467,2.0953530193332934,0.3193085815302325,0.37028145298750265,-0.38012426614678585,-0.06166400350415797,-1.5917214075078974,-0.22156788122446014,-0.7792961351749841,-1.0720596335963015,-0.921636529127976
2003-05-03,-0.36487933433157876,0.40858451336474655,0.40709144558525084,-1.6261471105303085,-0.6031286000603313,0.8953414792448933,0.35531803114959937,1.1632054572747446,-1.6488536441930344,1.0010905979196771,0.026087651953284035,0.5505470719210486,-1.139909996728478,-0.3191242938284259,-1.089744907699029,-0.5019202604356208,0.10148285783562154,-0.921636529127976,-1.3839612575390323
2003-05-04,-0.3652810820535991,0.13133462968690632,0.26759905092386455,-1.6089078470051017,-0.7061689597925864,-0.3093808554683182,-0.23646551842749766,-0.8921490125340326,-1.1820445684386418,0.7247080325585249,1.4990978952729292,0.8280635632386768,-0.8157179505177576,-0.8864519241220656,-0.6762999462191916,-0.5610835633065869,-0.8356821613565287,-1.3839612575390323,-0.5229147333490239
2003-05-05,0.4537108750067689,-0.01310953971033805,-0.10731547045724016,-1.6316018835222736,-0.8233862524919012,-1.3114875849407515,-0.6644428491350022,0.42780717507196425,-1.2553931435656025,0.09721162578758592,0.8406425600640015,0.4935401209542197,-0.5512099682503016,-0.08906070923266776,-0.14603770284500864,-0.5994679709957678,0.992470060227149,-0.5229147333490239,-0.13853400809916133
2003-05-06,0.9784423548840336,-0.02778664286525917,-0.15131361456056486,-1.5589081861905014,-0.8855843566359001,-0.3389632570851781,1.7262670011782748,0.04645485857565982,-1.1157333475066944,0.2822599371333196,2.508644613020374,0.1323293777318558,0.14128281158960632,0.25414021391702646,-0.30534262437231896,-0.716629350392718,0.4857382300357388,-0.13853400809916133,-0.009861216928204509
2003-05-07,-2.2036748219883857,0.02392578197787106,-0.21241141155161372,-1.4305941809903149,-0.9529836817296528,1.1038660894143855,0.7701070715044529,-0.2002861983243831,-1.123748563837718,0.6310981689859518,1.2209699799119769,-1.0128881457285865,-0.6225229577388455,-0.7693211728866444,-1.2306019787895357,-0.8568426070546605,0.1755678529829608,-0.009861216928204509,0.7482395783189727
2003-05-08,1.437505221334053,0.11358605090092852,-0.27856739978908973,-1.321819969652957,-0.9974512179455262,0.8115516712093156,-0.8041804713119416,0.0942038846276543,-1.1031431703472507,0.8791769685983567,1.3342033059663307,0.1854899120336458,-1.7895448768018944,-1.0049891019757182,-0.4281189395901597,-0.7931097050499241,1.2180393528537268,0.7482395783189727,0.5207411287834852
2003-05-09,-0.5020509728247107,0.15325195511894915,0.14355596169795815,-1.2248915840412435,-1.0398498463977706,-1.1173707338738716,-1.0258527490882534,0.10035274009717152,-0.7491103155693465,0.41341525823820546,0.724841451126307,1.67594989773488,-1.2752735430999205,-0.5578656803539215,-0.02190083030327035,-0.8479532312045418,-0.45094869375863955,0.5207411287834852,0.6324225324077304
2003-05-10,-0.1475035402356721,0.021260578766564696,-0.1457560049588706,-1.1027001385729276,-1.0525961496116283,-0.9156800440385641,-0.1875402310252699,-0.28206119817181735,-0.5612675673731702,0.7078203625694637,0.3357432129631076,0.07366809337575972,-1.0861782801481712,-0.34415582437448156,0.40902579947925827,-0.753486992223262,0.17088035389331188,0.6324225324077304,-0.2549470978023715
2003-05-11,0.41802391405466055,-0.25603535939653366,0.0404878165662078,-0.9746115868426257,-1.0620530308506446,1.3016077847925656,1.3934758611067704,0.24974776416920105,-0.663041454017416,0.7714249242065092,0.6384554626619647,-0.38986485275198257,1.6418676659160605,0.001497008969392267,-0.23256272491106011,-0.8483003038632363,-1.1045520608175292,-0.2549470978023715,-0.3822844886440306
2003-05-12,-0.6132955781301321,-0.5960122709677677,0.11087561849451663,-0.8329647870451145,-1.0871007375986563,0.8235558850117499,-0.18361218962310366,-0.05912393888331286,-0.5810347316032148,0.6149874626307784,1.0615839404810503,-0.41106324212688644,0.4172218972950226,0.5934345057203312,0.632842485482892,-0.7912358204714862,-0.2089166035510178,-0.3822844886440306,-0.24142348939055627
2003-05-13,-0.07604689743264205,-0.9894281971074742,-1.1381473912541695,-0.6748609733756856,-1.0515800717857597,-0.15903763579585253,-0.6416312949580864,-0.048698472458446274,-0.32056105079349706,0.29657112541954955,1.386377311589503,0.8532480265993836,0.3300376701019157,-0.3745099675323056,0.2092157111244545,-0.7914865312760805,0.42293666429289567,-0.24142348939055627,0.4877637724538536
2003-05-14,1.3618907251165913,-1.293936007552801,-0.7569478090619133,-0.48945330490133304,-0.9783710664898944,-0.7956617208153063,-0.1205221101430231,0.04979800319191381,-0.1177112727344085,-0.4408295247483922,1.273337462035204,0.6011017993495388,0.2909112410120274,-0.054083992243507684,0.6951032760466431,-0.604834011546382,1.9948685317993209,0.4877637724538536,0.9372068058567063
2003-05-15,-0.22513258646117035,-1.497558623899817,0.2049651482752806,-1.1891999825922692,-1.3560963053131472,-0.30614827641900505,0.2797643577740002,-0.3047894644098825,-0.21298133824077753,0.03477750052132796,-0.2583665897921686,0.12747843397387457,0.3349841813737769,0.5767396398419793,-0.4281025929603125,-0.4232095913589042,0.9888173058274813,0.9372068058567063,0.45019639467196343
2003-05-16,-0.5570157165091665,-1.3965246939345806,0.3658434362889021,-1.128425144424597,-1.2262833362563852,0.34144092740647486,0.15389644961746748,0.013320352627689316,-0.5767751912014425,-0.5633019051215195,0.40644815079100655,-0.3313992626707792,0.8730376934132383,0.3682724616944949,0.4171687345668115,-0.2655821531360961,-1.1549863950089563,0.45019639467196343,-0.03725480743421109
2003-05-17,0.7126940190299521,-0.7763003731845581,1.4818120683793774,-1.0464344139383472,-1.0405893062497082,-0.2328558403813776,-0.48503513983809404,0.5401611390907789,-0.6469773917570162,-0.9282242278153,0.2831414882593176,-0.1850902707622846,0.45657976804880596,-0.416571580688113,0.22595242058707593,-0.04551379069034335,-0.8981548351501412,-0.03725480743421109,-0.5047922667516996
2003-05-18,-0.4897914786143585,0.09929472321333267,0.9316409697328809,-0.8604527210772026,-0.7738907930721703,-0.2753971022452267,0.0923308992361434,-0.9649410807954643,-0.767326483058457,-1.1134522390176678,0.6355879691594308,0.16245886231004644,0.07966512776074457,-0.5896966571536597,0.24309094106757978,0.0313385405556536,-0.5964341971637643,-0.5047922667516996,-0.7069018582084746
2003-05-19,1.0580752024560736,0.7785631118465565,-0.5298655014340109,-0.645156560380902,-0.562688072189867,-0.06555774508357352,0.10055741637903258,1.3325491101183642,-0.4077283169369605,-0.8049950610108912,1.6394832223037088,-0.046836091354506414,-0.6962476537437574,0.8269161494693955,1.3770588121563023,0.3631311259840055,-0.456030813352063,-0.7069018582084746,-0.5279891020918485
2003-05-20,-1.6536448185461008,1.163160467785614,-1.5231447555092255,-0.32127951755563283,-0.4166460960001469,-0.0920948504871198,0.27765624107487463,-1.6503840456221803,0.10401122349420751,-1.0361978860951928,1.8569892674760253,-0.4556472536641558,-0.24816845719291802,-0.4628265157088106,0.3685818565176601,0.6651663254660113,0.6342903672939134,-0.5279891020918485,-0.2556130249855866
2003-05-21,1.4398715157846569,1.3394946069300309,0.39228373046575704,-0.010792783401257638,-0.18216590221710596,-0.0529649479392536,-0.3745728846010045,1.6810594791524889,0.5207843223199375,-1.6732878133984865,0.20560074055639474,-0.9599007897058175,0.8364241807245224,1.2277199992643228,-0.5431218033028476,0.6394374227040001,0.31326598695486296,-0.2556130249855866,-0.920255872917533
2003-05-22,-0.9273346856313565,1.349292313912495,2.2434138320819206,0.297314122571336,0.020715642031771946,0.23468298539409935,-0.46431410993822464,-1.339660673195809,0.654813354568801,-1.8478223108180274,-0.8972017463464517,-0.9107650443212506,2.1475378757165853,1.3276855424710003,-0.7530739627581721,0.4485155758082809,-0.6876182393323004,-0.920255872917533,0.4731616135045967
2003-05-23,0.7725900883964015,1.066714678169478,0.8884962861659965,0.5849084344207038,0.20726332189731858,0.39467385932293964,0.7140683171028859,0.7812491876115949,-0.054515944535740095,-0.11516759015322409,-0.6013961634824339,-0.4493844284600232,0.6799838779363114,-0.005876819090424823,0.016381460716545868,0.2890114926081674,2.045444665513472,0.4731616135045967,-0.48898792093706106
2003-05-24,0.4145345599750204,0.5243612948397162,-0.28375717067994266,0.8075856345798673,0.3697863760669501,0.1694628239511391,0.4045780469704409,-0.19920814702229028,-0.9058026948265875,0.7737929364396539,0.43153110625923213,-0.8146152313561661,-0.39063824098762906,0.5892300428449805,-0.014545542591982282,0.29635519316343306,-0.97529369846787,-0.48898792093706106,0.5070406490739406
2003-05-25,-1.0719668489098302,-0.13984598023634476,-0.6260870933345787,0.9794188864991558,0.5190820303064951,-0.6859150002654977,-0.06324301731413158,-0.2446049603155322,-1.158341064949963,2.352087816857082,-0.04101079786367517,0.03524637850703905,-1.5773320697103774,0.6116687485796328,1.0338322727144875,0.30327652690363305,1.679478048119576,0.5070406490739406,1.0090614181725974
2003-05-26,1.099206236890105,-0.6757245943108541,-1.2593171667553138,1.0943140666552669,0.7318371509261252,-0.7569805498212344,-1.2758530630245288,0.334485719065236,-1.1517165902894546,1.4459993627922312,0.6089829806371403,0.7280908953779065,-1.2245906179511532,-0.6173141972178474,1.1734184127499,0.6040969176405466,0.9149611053127178,1.0090614181725974,-0.0335987917139317
2003-05-27,-0.11963988207866696,-1.0240893350592999,-0.23240302374881752,1.1879670961620463,0.867893163885611,0.3969696939508103,-1.399581976288748,0.06349115464030113,-1.4024375020299533,0.48430796536071213,1.1710057226040298,-0.2500330779981799,-1.4264545440389933,-0.3276035355563545,-0.8231284986199026,0.3257529207175284,-1.174058150378322,-0.0335987917139317,-0.11448364710645519
2003-05-28,-0.6251824928976785,-1.053110905891474,-0.6014588070774977,1.3162144481694809,0.9637462280165445,0.9332477367720178,1.9112540265873554,-0.7059255547099388,-1.0907924159401206,-0.2690587440712745,0.7642545387966388,-0.39793623209414386,-0.6294959749528132,-1.5412957948530275,-1.484255303799085,0.11592464342141165,-0.15598236062768944,-0.11448364710645519,-0.5473349628306752
2003-05-29,0.3068833287334667,-0.5663507903353706,-0.14710536174596228,1.468200262272395,1.0744564838134716,0.2595284947402897,0.9070326242052912,1.0622356841743759,-0.7051947951556057,-0.5322749748004659,0.3282082604688573,-0.79958229225832,-0.47394356585837616,-1.2949092658875163,-0.6790854835396074,-0.07399672449258864,-1.3725926478571944,-0.5473349628306752,-0.6862485996923577
2003-05-30,0.3643552473541305,-0.028780788189445974,1.4935373176673947,1.5149388919123536,1.1675783367992147,-0.6447471369334973,-1.374382755137888,-0.8693381977320174,-0.596402614457961,0.38713995348081615,-0.6130759098874311,-0.01618674052378893,-0.6882610944811173,-1.0356370559321768,-0.24115185622790616,-0.13957418895549012,-0.13698077373051562,-0.6862485996923577,-0.4775778738544105
2003-05-31,-1.1705229136212196,0.2710550670235491,0.1580875256339988,1.5692011081275408,1.2514148857149203,-0.3169569214015118,-0.012559658948903589,0.3295532787277065,-0.47869169965865144,0.27691110508906097,0.6388620387754994,0.972880509827304,-0.43614930502355076,-0.049374301244276435,0.3052506216813529,-0.13676621129057723,0.32054800323857596,-0.4775778738544105,-0.7951032314637464
2003-06-01,1.7776061008288098,0.31480937830463035,-0.7274591176841904,1.5924569559535926,1.2744660062448558,-0.4196853687623258,-0.18311235550133778,0.1660228986683316,-0.40800522915394616,-0.4935302833741074,1.031430491828574,-0.9924527471474222,0.012121605859851132,0.279820732096452,-0.021112177711762613,-0.26790878398094775,-0.31902418981277364,-0.7951032314637464,-0.5243949486459545
2003-06-02,-0.4106228394292159,0.1132407883849313,0.5002818841327403,1.6062262729924277,1.3579620113376523,-0.4546493932484089,-1.1633091414937407,-0.4468343731225865,-0.06037445850522057,-1.2625676766527183,0.5956444881824277,-2.254935373476093,-0.21178007839973664,0.39650111984701136,0.27429584991289685,-0.27998855109529625,1.0734600902553968,-0.5243949486459545,0.19486532321967548
2003-06-03,-1.2918447374472646,-0.3890304091759514,0.12253854227733874,1.5422915616186907,1.2683541143416195,0.6006051387570283,0.2814715127092565,0.38295894773610556,0.33818849050857686,-0.6949440132256883,0.6816923052755622,0.12046902617192679,1.6086524032207132,-0.4951767839455728,0.06136505229298636,-0.1852702196565121,1.022720161078353,0.19486532321967548,-0.02422331951328389
2003-06-04,0.6463278916427937,-1.1026385167424348,-0.7977311724973992,1.4910794097406705,1.1751796090068793,1.5115187760704207,1.7979210516584592,-0.06575593874943611,0.3588052522427039,0.30100819690373964,1.1070341090176037,0.7963433079026758,0.74889051680968,-0.5937856733418139,0.7168264433529639,-0.01273782052373628,-0.2695427218349996,-0.02422331951328389,1.322677431718692
2003-06-05,1.943843882838001,-1.9257736772060272,-0.6038757761222987,1.4080877548501551,1.0573222239038003,0.3813562946503621,0.21406205964165814,-0.10620979111310143,0.1663877144241642,-0.6150899220008642,0.83221542791814,0.6481106297653805,0.1443787985185451,0.17388035139666674,1.1407195248927564,0.1011404635178933,1.4801851526357401,1.322677431718692,1.1585253801015236
2003-06-06,-2.1107037093787446,-2.1179489083168512,0.2536745561868225,1.2858050906594556,1.0842050884603913,-1.94598255201748,-2.263607944754962,-0.052627580247521094,-0.09455175387963763,-0.2830051457588726,-0.5455215897984571,0.8499297279409381,-0.44804904822869407,-0.28596078913276757,-0.010019983050984676,0.10310986991630573,0.7044556601034769,1.1585253801015236,0.3486511121764725
2003-06-07,-0.6350518188702945,-1.6255428318589566,-0.23253891873637442,1.110144762361865,0.9263036254646935,-1.517706276805795,-0.3469586903689035,0.7366784462103111,-0.2739625451866531,0.16300952367391894,0.4318115996799905,0.09218688563502626,-0.4506092134436464,-1.3022762605352658,-0.05453467217328839,-0.0015949884921521854,-1.3642660627561547,0.3486511121764725,1.0016506826535965
2003-06-08,1.6209901632251775,-0.9204232332967001,-0.4061163188576053,0.9148326482891932,0.7699067634797168,0.2703117615729895,2.4482240245889715,-1.5889761513663188,-0.36807435258395255,-0.20534363822643947,0.1654997321504753,-0.2661250791199915,-1.0287504767421065,-1.1952576123841885,-0.31422345905521215,-0.3663437940646245,1.2876372734537145,1.0016506826535965,-0.06652838089660179
2003-06-09,-0.5070255231521179,-0.10068757403595736,0.9955087691364016,0.6839304887011582,0.595652309081514,2.1139104110895013,-0.4054520112463372,1.831944903742506,-0.4115009040028751,-1.0759131926410928,-0.5360558729466651,-1.549601144761356,0.1653506225186414,0.07451053282948444,-0.7372434856796231,-0.30598381520026946,-1.1115259147201797,-0.06652838089660179,-0.2917769660658773
2003-06-10,-0.7652585989795113,0.7117240469818256,1.3112943931527827,0.4979475661693467,0.3715724507958803,1.1337857264197209,-1.3962944494512795,-1.5388493523942004,-0.6431740132302187,-0.7970974848281303,-0.695206221592703,-1.5198119503329488,0.23219500011599414,0.24603769596537142,-0.6518465334318014,-0.12174497287546471,-0.5589226963531638,-0.2917769660658773,-0.28031287970822677
2003-06-11,0.35699876714994355,1.47252790126415,2.1276866166430892,0.27184820155994327,0.2801655576669387,-0.4611357100429912,1.324508215177814,0.835949192775453,-1.0249345047108112,-1.1184986064790212,0.38344369036523823,0.42155550630508526,1.6599335156459654,-0.21007491835685058,-0.5956789054131011,-0.04675579919720072,0.11552213564666983,-0.28031287970822677,0.5214645773631563
2003-06-12,0.8604955608578173,1.923212604463281,0.4786029275987854,0.02011169396755029,0.13052194975636663,-2.0518296031507792,0.12549933948131997,0.07617938155428387,-0.3810965867632874,-1.1980883806774665,0.01426747710301102,2.7089099181857073,1.5013095045331168,-0.019907146214288806,1.496266468496522,0.26289160402549366,1.4440861538899616,0.5214645773631563,0.45009607024896553
2003-06-13,-1.523845884636054,1.8368176171754185,-1.3539320849387375,-0.19020940911685752,-0.043873432718238875,-1.251130297728879,-1.177428815753122,-1.0011857567106885,0.40804231615972775,0.3779972789281611,1.4885868879442674,1.9183030277443731,1.5570380995622994,-1.2287280323063323,0.9775870447600505,0.3963119665056496,-0.19923810371424447,0.45009607024896553,0.8919957153832228
2003-06-14,1.3271420019462083,1.5451988349871013,-1.1259644643238482,-0.4140494131775655,-0.18229166079691655,1.1799422012655045,-0.051046590036037585,1.7333368094768953,0.02426175117624392,0.5044627435002157,2.636465688433272,1.0507123440762305,1.6849563873534055,-1.8557769002808522,1.45057549901303,0.6965406499371001,0.8507012456542099,0.8919957153832228,0.8135951487564612
2003-06-15,-0.9606013952639354,1.0282120150637908,-0.5123731369124304,-0.6170484297349018,-0.30441019631351196,1.7110016646565012,1.594699223798559,-2.048994851461963,-0.08929283839849439,-0.8538137381585933,1.3227445400256506,-0.2916535418455791,0.35152846925285813,1.5038898829305523,-1.514162222909708,0.41993875032897987,-0.6584735931452042,0.8135951487564612,0.37942024160663906
2003-06-16,0.11183136856645054,0.3459458192709076,-0.473935673176505,0.735110211028491,0.9884824324323984,0.7730501296143728,0.46703849240620193,1.7681555188712461,0.4888008817218922,0.34573892984257604,0.2110993921089791,0.7409093873106803,0.770851934034238,0.23093971200781285,0.5385787916738095,0.4828572879930748,-1.468239317851247,0.37942024160663906,-0.27892368274788787
2003-06-17,0.9734145048989731,-0.327931487116346,0.06161697387447471,0.647183483324299,1.0417633402010205,-0.7081081655471206,-1.367828416887205,-1.078420383454397,0.7534965191115963,0.9066153712382631,0.5419219514779575,2.2168707181172285,1.115250020207001,-0.45070483968890596,-0.024958974035217442,0.37316799701620845,-1.2628863407941955,-0.27892368274788787,1.2654741489335044
2003-06-18,-1.2894516783579193,-1.0009315623313502,0.3533426905946298,0.5484764940200271,1.0856857492649032,-1.2262034798952322,-1.511261694395793,0.33869271560233855,0.17043883460444112,0.7414454096946254,0.3425580440735668,2.234916285161556,2.004007353790455,0.3635888609064214,1.8599528706049593,0.4475111480897155,2.3829055245890505,1.2654741489335044,2.9305637253088714
2003-06-19,-0.15820995761592982,-1.0967406965295448,-1.462885547365539,0.3851420797462882,1.166455694942861,-0.07171145285248647,1.2396847149169874,0.2189616160642922,0.2651676058176112,1.5526587267626055,1.7887417555131986,2.0454653722584157,1.4433376409573382,0.17295187512548157,1.0121121333191727,0.6496825784235042,3.2510221332689566,2.9305637253088714,1.9446311644090062
2003-06-20,1.206284068504753,-0.9733627612790241,-0.1746687196714795,0.24327033938205406,1.1521693689389865,0.962951766214519,1.625708068878734,-0.31429934127824094,1.2602801809955146,1.6343549739514096,1.8191629879564477,0.6232739828845902,0.1765778431682419,-0.3351241195197733,0.28874184739131864,0.7707565665886125,-2.8858738311755676,1.9446311644090062,2.280270865270849
2003-06-21,-0.4145641812166085,-0.8237285664367281,1.010351557394377,0.05222443135639185,1.1576943828841426,0.9618600704158831,-0.7259808941647815,-0.09958811885253836,0.3459770590041505,0.06757456557598411,-0.28073028110347675,-1.9622788723458815,0.3202198780210871,-0.1741472954311795,-0.3064311152527222,0.6315161543161966,1.1791334031397056,2.280270865270849,1.2346560563533988
2003-06-22,-0.5203429299507693,-0.6425947399779529,0.005290260266176071,-0.12853683601321264,1.0744408164167896,-0.5863660270545434,-0.6216424433792888,0.3946522754613035,0.08861730812754852,0.8550884727601925,-1.0516336336968453,-1.9993786990258777,0.5981772872393751,-0.906995011671967,-0.66367503419791,0.6683777030331879,-2.4175519502105876,1.2346560563533988,0.41326007954817234
2003-06-23,-0.055737595244816474,-0.3625027556438285,-0.7641881867720213,-0.30722576202791135,0.9677663769278735,-1.004095239413786,-0.7515155803822047,-0.5160408172616378,0.1133425883536019,1.1397771004404456,1.3157830941545638,0.9301179098749153,-0.29978121174210276,-1.213551433828992,1.1002557491425837,0.9720781192704879,-0.34083836964103825,0.41326007954817234,1.0871482628057876
2003-06-24,1.6278707499014486,-0.0991851065840168,0.015066488451515987,-0.5201236332206458,0.8129455727405686,0.0855885755560855,0.5463292880836167,0.47018575958027237,0.1870237160886603,0.3644452464501316,0.7880082682915618,-0.11467159474202224,-0.2548408860760852,-0.45508098233224126,0.3965730304333054,1.1842133118985338,1.0541859584073277,1.0871482628057876,0.46601634960252875
2003-06-25,-0.9497846109905336,0.1597701702636053,0.7277210872926119,-0.6619129545865714,0.6609809846968911,0.7841082402891225,1.7788512164651646,-0.26841639169568365,0.17183692642447262,-0.169346316331451,0.6337845301801731,-0.9105386615361305,0.8908335269252456,1.3112676645627692,-0.4617652529696265,0.8773860608944559,-1.0738745420405333,0.46601634960252875,-0.16491840181053613
2003-06-26,-1.1804493378345198,0.34589149293191607,0.17169108630619348,-0.7867247265630044,0.48786318850446203,0.4758763079231212,-1.655340428166975,0.10596457220537644,-0.09781891009766285,0.22192993932183022,-0.8377861859319755,-1.5992707205118903,0.9736231217002537,-0.5501814569021298,-0.7101951885711021,0.37637986100748977,-0.7382087464397251,-0.16491840181053613,-0.36709086710244326
2003-06-27,2.502231872087962,0.46716463521840257,0.20154950140291464,-0.9581335206015978,0.30549925091424474,-0.7398678900530936,-1.2940760673907596,-0.16794632687731878,-0.5447956698390698,1.0462273948287666,-0.5683852488556607,-0.6099416899001461,0.4967454245115841,-1.4893659511977304,-0.4659597388007935,0.04239927445235991,-0.15757482295925845,-0.36709086710244326,0.08265829497331227
2003-06-28,-1.2010454945698077,0.6023122993262614,1.4724523825987785,-1.0421832725359332,0.10509001455236149,-1.0160166617400166,1.1926302000213265,0.40905658093408254,0.06954005915612652,-0.05493961988615586,-0.6853489467857141,1.0814613620562237,-0.37217520369545637,0.7002526333405713,-0.9163832760773174,0.06941458468025968,0.973400255332179,0.08265829497331227,-0.34607879461894814
2003-06-29,0.1270486914491919,0.756746707036576,0.473317316810339,-1.1140691934157998,-0.04230942330665914,0.3306904735388342,1.053047757626417,-0.71187644332574,-0.029826521839466495,0.14482562207426591,-0.13629052838631525,0.2677891943672244,0.6296649558657439,-0.23589989176943232,-0.4769790588219835,-0.07357042612813156,-0.8455007284446417,-0.34607879461894814,-0.6029710562362116
2003-06-30,0.8773080776953055,0.9253240700026588,-0.7591952028834221,-1.1171152625109912,-0.21318615779909195,1.8634362819704289,-0.6485546727116847,0.9595296751340113,-0.5722681284205103,-0.985615192377567,1.1333901545475475,-0.4524436267960153,1.2448678654069094,-1.3159881190817364,-0.12636792693461962,-0.08395407853614469,-0.5651439515985187,-0.6029710562362116,-0.5912120799620328
2003-07-01,-1.5030360717918578,1.040680821485032,-1.2942540632188069,-1.1453325541517858,-0.4571540265479428,0.598166538802631,-0.7216398883662084,-0.7382722174018015,-0.3332883671401026,-0.99348453972838,0.9964940680066683,-1.253425989419864,0.22158919435484745,-0.1796317711894086,-0.6282208790707571,-0.3185583122058585,0.22693710593377833,-0.5912120799620328,-0.12172536089282607
2003-07-02,1.4559539305781972,1.0264721464512456,-1.4312020342975793,-1.2646675731651347,-0.823014685264819,-2.0563270323178213,0.3158046024925661,0.04707754528976939,0.4907507893595086,-0.7642020975276171,0.4018811107696283,-1.0093257570766763,0.5199862285571354,-0.17813331132290816,1.0936750940522857,-0.2783631235544427,1.1212273893451918,-0.12172536089282607,-0.17460716795273348
2003-07-03,-0.4810478314731677,0.827901004369931,0.44946539963011234,-1.2522348620702928,-1.115993706424472,-1.4065660389096195,0.083797818239377,0.35423794010640614,1.0908613305284258,0.018879147288537467,-0.9090397080185278,0.30526184662578476,2.5677514403458623,-1.0019394960845374,-0.13046296132140836,-0.3164802689850073,-0.11087837334162247,-0.17460716795273348,-0.3962596329837567
2003-07-04,-0.9945352371240366,0.43901236842968894,1.177286581559112,-1.3284244559192497,-1.3065141908714153,0.03681757169544533,0.09653140151598069,-0.4194549593407843,0.6402407104345011,0.8535766589399555,-0.6249436240346801,1.0439592764978338,2.612778221547513,-0.1114292218470137,-0.6468513669708137,-0.31706664288371117,-0.340027456048089,-0.3962596329837567,0.42937300324092936
2003-07-05,0.9921183915928328,-0.042986999030571335,0.456498310859694,-1.2440624526208788,-1.5522745623448295,1.9886706494526762,-0.9186703684154056,0.2088495380926743,-0.04354520197876809,0.5367026326909169,0.4636974912805731,0.04114661254962628,2.356135795087321,0.8339602453474425,1.4212625998946884,-0.004275882366241148,1.4147108702051725,0.42937300324092936,0.1446912234948599
2003-07-06,-0.05563713041660365,-0.6067757446326141,0.4576116604065024,-1.1309941342333825,-1.6891267723076682,1.1859074438640795,0.1748766464318217,0.025657031728725077,-0.2873307488314277,-0.10536183976859452,0.9125401857121807,-1.6933265282342136,-0.3819702486021577,0.8475028013894925,-0.05598829814080953,-0.2188765044016972,-0.32508822045607816,0.1446912234948599,-0.23490594925643798
2003-07-07,-1.4535384159347007,-0.9418062758645567,0.1994375613615141,-0.9878392435844032,-1.7697855584880613,-0.3105203369180434,1.1943087473014409,-0.07505332456495173,-0.22608666553254175,-0.9301098428011454,1.06465172513268,-0.02904463957439116,-0.15566743698039384,0.21678392116658168,-0.74094813601789,-0.3637768354063183,-0.7294142012695894,-0.23490594925643798,-0.386201483593056
2003-07-08,1.640268639145786,-1.0136250438872934,-0.6336780966992139,-0.8787339606421147,-1.7709093442161474,-1.5597481525857029,-0.160786970434741,-0.12612935526136315,-0.5831855987104668,-2.001387692640596,1.3126544544045653,0.018764285744411285,0.3606253624922661,-2.4025807819809915,-0.20364644187533767,-0.33466606280756434,-0.15316516351049103,-0.386201483593056,-0.34575464600195044
2003-07-09,-1.3375825596785924,-0.9039091687467917,-0.9402445298258367,-0.6672926407818804,-1.7585229411703909,-1.3597307057782635,-1.1589367411540807,0.3568413937521094,-0.19887726099175504,0.24538993571995096,1.1811097401285189,0.9399160599887335,0.10354141981268081,-1.70193541436596,0.17697755630928214,-0.11221348964397448,0.1786240949011221,-0.34575464600195044,-0.35865025029166997
2003-07-10,0.3355761357683962,-0.7101544592458636,-0.7870907515364882,-0.4909250589982312,-1.7108605994504873,-0.028219229689766312,0.3829915745476343,-0.4395412425895449,0.6363942906773911,2.390768414225875,0.2630246962340601,1.045068753456493,-0.4648255566272678,0.23152074946941736,0.7620940566354626,0.059310249085249775,-0.03948956562619983,-0.35865025029166997,-0.06098616001135786
2003-07-11,-0.19271988121675657,-0.5191211520270383,-0.22143754413316466,-0.2667423019492211,-1.6204556598415887,1.4318503360378056,0.340568149384702,0.2884742304992699,0.2519399566398982,-0.32601639891547257,1.096628376334737,1.1513996187449633,-0.3075991132019364,0.4466461643191056,0.14715874520950378,0.22963673444411928,1.1445815327844218,-0.06098616001135786,-0.27129319233501253
2003-07-12,1.0893395858203294,-0.3662153573799522,-0.34838992152905773,-0.10088883833840807,-1.4977069833480374,1.7242601376235371,-0.6028113453129085,0.0446804493264958,-0.23550031593726978,-0.8016809814642998,0.9445535873018388,-0.2764683143732212,0.5600199558356143,-1.14755767918073,-0.013115991243222044,0.28673205666725654,-0.69554299863861,-0.27129319233501253,0.28994962514152006
2003-07-13,-1.41232230482037,-0.28130582207152793,-0.4686619324874533,0.07520115304100088,-1.5373964846303247,-0.46980040025714964,1.031983182472319,-0.39824297697886724,-0.6929901807882246,0.46663555932870604,-0.12529597245632662,0.05275036850447892,0.33945609240245705,-0.6620962883425285,0.02252730104945717,0.32296431497878664,2.540261694088212,0.28994962514152006,0.2566879591825474
2003-07-14,1.0243158928925384,-0.2046217558672235,0.37328289075287374,0.318686518742989,-1.348063896108104,-1.4617471593014948,0.45082155783149624,0.5978992729072324,-0.8739125764759986,2.5689090952214078,-0.42549120622165687,-0.003218329309457849,-0.8907104903545096,1.4941719450849678,0.3347849223911525,0.4189253867298969,-0.1728807210471053,0.2566879591825474,0.3658329051187604
2003-07-15,0.6137497973844435,-0.23391139815432652,2.1758903193347274,0.46120979486131003,-1.2653746180069916,-0.5863544713683762,-1.2983900280348002,-0.5416726783606082,-1.7890034226191316,0.05519173854583249,-1.2622851427900303,-0.6828356798019048,-1.497706956711679,2.583543958977564,-0.14211914817211282,0.23610441004199043,0.21218246044027173,0.3658329051187604,-0.08141364808212843
2003-07-16,-1.2150985812862642,-0.19434584698903767,2.126936950720665,0.7055128059110861,-0.9712336092823878,0.5893695608917254,-0.6461406414774339,0.38427902347867515,-1.0974336092164871,-1.1652006218078481,-0.9092867653802593,-1.1665747971539,-1.159597014440438,2.402179385618135,-0.3468482274220013,0.16856956547742996,-0.8349659473489648,-0.08141364808212843,-0.29770093876597864
2003-07-17,0.49004387408496025,-0.052589482114890146,-0.8484784116263975,0.9385560581811248,-0.6699870998030809,0.850941828940702,1.0574774576703863,-0.2041935820168938,-0.03314465622700231,-0.29234649717668537,0.3092878232913314,0.3176249806903273,0.679968876143001,0.32578933332016197,0.2579564627647825,0.30018351845342595,-0.5121082273321769,-0.29770093876597864,-0.09715723381661864
2003-07-18,0.8013311985403532,0.14559946105310953,-1.3430032250083703,0.4268227443754743,-0.5827684630253424,0.1946498165379729,0.5163136373281243,0.05829309601606093,0.7701862081386533,0.14374667080755346,1.2647444421848115,-0.9924675709255043,1.365142814788655,-0.6276589411421132,1.6983148908016625,0.23566365531789168,0.837110055636764,-0.09715723381661864,0.5337100232450929
2003-07-19,-0.49746143147831606,0.3322770545819187,1.091105739937733,0.3780696686580659,-0.654390082636689,-0.1519172149812191,-0.7160172937461068,0.23072536774699764,0.5417213943386119,-0.8847427076919822,-2.0036238758666163,-1.5667330592583542,0.5322871255142414,1.6231147822949816,-0.9035931798613708,0.09082737263655132,0.7719665604087541,0.5337100232450929,-0.03725300115184828
2003-07-20,-0.1989313782925835,1.090045524429159,0.8869245015274329,0.48958486695285963,-0.5764727234452339,-1.1867028139182119,-0.07988454945903536,-0.5008832128503505,-0.9223943849556187,-0.9514331670197043,-1.6381684703812383,-1.1039618559740836,-0.11515355741892083,1.3101671579076066,-1.161018412474431,-0.0027399403602152003,-1.2577666976546247,-0.03725300115184828,-0.3119149360786615
2003-07-21,-0.22821855151085155,1.174898491718475,0.6365043489270816,0.6399243973680598,-0.49358159126151585,-0.8670343898098243,0.9035907833390899,0.6558987086432894,-1.4150595014367022,-1.0892869031302648,-1.599487870895928,-0.41975538674559565,-0.0996875353310604,-0.31452202886532077,-1.2575216073748179,-0.1261790688081936,-0.8735224075428374,-0.3119149360786615,-0.23615516702643916
2003-07-22,0.7560205579512551,1.087983920978568,1.3948590275153365,0.7087613230999347,-0.38467836933155614,0.3615179774784592,0.28432172978535275,-0.6621851747160941,-0.9546623820823802,-1.606001645184801,-1.2929252523223718,-0.3945310891938892,-0.31644798447789635,0.035654291813803564,-0.6594291207519285,-0.22824604874602078,0.4267422458263172,-0.23615516702643916,-0.34921559812954545
2003-07-23,-0.4900500342480608,0.8449735491924741,0.08490227827506855,0.7527723284689348,-0.27255717765451465,1.424045806509234,-0.8550984022424264,0.4863674105900491,-0.9826655424474595,0.34420340773038544,-0.4589048452274863,1.0082854592223507,0.39476861807716807,0.11203241122639435,0.18428148775154246,-0.3078913221992303,-0.09653654139557939,-0.34921559812954545,-0.0680112751397273
2003-07-24,0.21426276538820882,0.5164283569322133,-0.8696565335134729,0.7755676346329902,-0.15272772109326513,0.5813216831919907,-0.2784644286303887,-0.047735017993659055,-1.3196714639495388,-0.2691914289485588,1.373148670539357,1.6477321782906482,-0.986189401604461,1.2677484937754706,0.9647172605890517,-0.22049979566007485,0.4620135796203766,-0.0680112751397273,0.005581184024723075
2003-07-25,-0.056882937252344896,0.1806296750062199,-0.6762208507127339,0.7865031626043656,-0.025026200368655854,-0.8786710191308064,0.482497864850966,-0.4246416889734108,-1.2518289306143595,-0.7575977501104358,1.9798083288457926,1.731457281884351,-1.494023549686013,1.3045925127291353,-0.02220989333027503,-0.22070562890581497,0.19710101283976722,0.005581184024723075,0.03378529627817391
2003-07-26,-0.6083776707925842,0.17778889062651793,-0.6643640589700383,0.8881307334911612,0.11217620691862722,-0.8584375137142792,-0.2047690845856369,0.5436818697060837,-0.8568519263509128,0.8897266194391921,1.0306711883077315,1.8440524651727495,-0.5454512366133006,0.13190361442152057,1.2198156275218972,-0.07723068592932515,0.056118207040117496,0.03378529627817391,0.265170194281114
2003-07-27,1.0521603707142522,0.35151434400415843,-1.485905573820265,0.8989699159317949,0.2569187268212187,-0.19898304164513386,0.09547185099452689,-0.4074466375148817,-0.971339370189632,-0.811993682926209,1.6749337345069524,0.5079691490200066,0.40268334062503064,0.6304627146358606,0.7144757114502533,-0.016715354212351735,0.7017126102488903,0.265170194281114,-0.0004774900817512601
2003-07-28,-0.403373050620148,0.5653291226692058,-1.444624364110193,0.8950470877839243,0.40677200048864676,0.23564532837547247,0.5948772757025944,0.12611449673007782,0.4596126958350301,-0.4787748581933044,1.5033029228027441,-0.4460386614089835,-1.531613436626146,0.6461531385349245,1.3225535399573498,0.15453276450240586,-0.41830018630023524,-0.0004774900817512601,-0.14646661267483327
2003-07-29,-0.014178577934235147,0.5971675571220372,0.5859182395057206,0.8702725868034802,0.5092689659606957,0.5559089780946224,-0.401084251943687,0.19701573845176176,0.9033090495163323,0.009648790092631835,-0.9932416111441533,-0.6379028287638074,-1.30591998367555,0.8479300734771457,-0.38292786945064117,0.15995227033545711,-0.44653252392018017,-0.14646661267483327,-0.3343140288948597
2003-07-30,-1.3652699811268558,0.45261432766094095,1.341083948400652,0.8284514857165334,0.649228567526723,0.7690331498213554,0.6636630462758286,-0.5031460180926963,-0.2672402636471913,0.16873144355383982,-1.3267571103079254,-0.6758590617563622,1.9036202993326075,0.06210573363120324,-0.5822506338932169,0.021184555303853627,-0.1048781380126362,-0.3343140288948597,-0.44383998527805346
2003-07-31,1.8636785997210639,0.2213730763743589,1.0372546840633734,0.812220487148943,0.7642657225438183,0.1507528709390985,0.050896139726862404,0.7720412819087674,-2.0413894722213555,-0.5120152813240433,-0.02827200976933395,0.5269600114922774,2.3067600912603234,-1.5261201508495246,0.11154826899796447,-0.21538040558154392,-0.19122650379045744,-0.44383998527805346,0.3095908293222216
2003-08-01,-0.5279611049085154,-0.45131902360940124,0.16626115630723984,0.7426453033399557,0.7236864061840869,-1.0649109099889649,-1.4594409463770655,-0.9984023584097663,-1.305037600711356,-1.643066269878393,1.0035230262662356,0.6007902588194448,0.7695241417137108,-0.9060483547721024,0.4763265270937456,0.03946897911605435,1.6469570035394918,0.3095908293222216,1.108593880198834
2003-08-02,-0.5795840749535608,-1.457285485894569,0.018587991364517366,0.6093478832674388,0.8130756676918088,-0.9236588737151382,-0.3245678294220172,1.0867999827548025,0.6675098474646465,0.014623763921096595,1.9867034045658771,1.5006475223678948,-1.024751278751541,1.4326247586637422,3.041298760718275,0.6474464164385789,1.8861344485164209,1.108593880198834,0.8861361610229429
2003-08-03,-0.25835353910141046,-2.355155907717579,-1.1743433684854698,0.43159780894234534,0.9599488063824667,-0.01226103000367954,1.5045530664116211,-0.8889454548414437,0.8186526878955347,0.22633900834500995,1.9458580674829677,1.1473317786725614,-0.8784098950877629,0.17566703397010897,1.4815860302690904,1.0067735196241894,-0.08527072740629534,0.8861361610229429,0.5515075709431511
2003-08-04,0.6690499159250005,-2.4095310253983993,-1.998058137373815,0.2837537434280761,0.9914534791636731,1.1076462165795338,1.3483834620890058,0.4785189741238775,0.031257550977604985,-0.0434201150860607,2.1968389897704643,1.1396938396385115,0.9340274879154111,-1.3045666923677406,1.973033395816928,1.2746233761110073,-1.405255403618213,0.5515075709431511,0.1634985340684185
2003-08-05,0.9134815660622752,-1.9085968102413977,0.5737039254328079,0.1487713942076673,1.0188025852991949,0.885637796062105,-1.5488388324714397,0.2678413360118328,-0.023381325283995606,-0.5431893267408198,0.5498076037598948,1.0021135260009773,0.38284164048196584,-1.6366262133582108,-0.597198805416389,1.1512652567032038,-0.5907935844055132,0.1634985340684185,0.020516628491959323
2003-08-06,-1.7601696157852071,-1.4285216621888004,1.942226587475214,0.04488119125673134,1.0258887249001658,0.29325320975863617,-1.6665243475281446,-0.9182526980079369,0.11057253537024567,-0.45236821991781334,-1.0058399257017416,-0.4386894766855084,0.0174192327585147,0.16197652530608092,0.2022319995714968,1.0913134010712233,-0.29139298954338116,0.020516628491959323,-0.31786560983036377
2003-08-07,1.5461755958588883,-0.9351162590023728,1.5720461096280856,-0.12434103471710109,1.0465600818950211,-1.0198541720497367,1.5387969095841953,0.860606347859583,0.0030957670427753303,-0.25009334213284884,0.2853711430775426,-0.6601981665715261,0.33357295732101083,-0.6738789066758682,-0.6960265135361857,0.8976081130329203,-0.6482900790251143,-0.31786560983036377,-0.44146678606435935
2003-08-08,-0.6721602743762874,-0.4343922360273323,0.11537891324580031,-0.2989447951201763,1.0559120801355082,-1.224722584163448,0.20435072071907376,-0.45366807989693003,-0.1808677970302592,-0.38419055011121017,0.8522103726605424,0.672755386168232,-0.537480989888218,-1.529618644001026,-1.056243334603697,0.5884374132553638,-0.33595815518027117,-0.44146678606435935,0.008934565612787635
2003-08-09,0.5590564997686114,0.22332363187462873,-1.726043437761873,-0.4349480510821982,1.2576047702997506,-0.23087190483996925,-1.4030390003241047,-0.09695162018338643,0.11355439401142732,-0.11130607828489772,1.307791291413584,0.4720226413955321,-1.1807336468713157,-1.5006614773692064,0.4980063158928643,0.5990858406707121,0.6438630926703368,0.008934565612787635,-0.37114191132941055
2003-08-10,-0.2712756760822218,0.8717810123884111,-1.9388141542194182,-0.6003819065935655,1.2295071621346731,0.865925162332197,0.5348782608885132,0.4764804566777426,-0.4029872096057783,1.1429589330444678,1.332406911046323,0.29553475069951596,-0.7569326894425886,-1.4983368962726178,-0.20037532618843426,0.404512769859661,-0.5180674368274069,-0.37114191132941055,-0.3440241407360511
2003-08-11,-0.6208068668369169,1.1185369853597666,0.045682922023871114,-0.6391604724149176,1.2581833360550154,1.103145791736234,1.2198314782992048,-0.6030414015647306,-1.886506022330735,-0.1573309248363136,-0.6183063013805333,0.08368368052550029,-0.7184639035838181,-1.127379576427334,-0.8178264800563038,0.41369107046116216,0.047592285577220256,-0.3440241407360511,-0.5561635062462381
2003-08-12,1.5226894945105125,1.13880259676524,0.3712180077734652,-0.7729832782887249,1.1038024989178818,0.35596528111729575,0.04164810586985226,0.45140641532213854,-0.8599302734805818,-0.5295180809308387,0.1290534659082987,0.1359115457800204,-1.2579999776673614,-0.06589607814746515,-0.2884789525677379,0.4422640464126335,-0.49902763441191467,-0.5561635062462381,-0.22436023141706557
2003-08-13,-0.31654779768775576,1.0233857979847103,0.33396222663419284,-0.8501854878192093,0.8864359245226153,-0.5401976733216352,-0.4804442351767817,0.1473903505363387,1.0785197737564984,-0.4777352900974051,0.821948362166024,-0.825933389579637,0.8400606486520836,-0.17303893199791756,-0.6993275567756185,0.3195734554896052,0.8960071822530181,-0.22436023141706557,-0.3234215163217445
2003-08-14,-0.9267464302139012,0.9983712804981376,0.8862692529688584,-1.0065757903392327,0.7675378266219014,-1.3065106041741987,-0.5389627591911487,-0.5482809232305251,0.41912426415966453,-0.649166809592455,-0.09442102474453463,-0.11959531971716955,1.5085794861672068,-0.24745678844595545,-0.43599921875037184,0.18788086778190285,-0.3452291000233891,-0.3234215163217445,0.6312272155078119
2003-08-15,0.420379975210357,1.03133912972067,0.6993198697469845,-1.05141062231585,0.5490829762023564,-0.7827163241257501,-0.5321286261244628,0.5042239427370945,-0.2924935886095778,-1.0584843812361817,0.11489898545009179,0.4628095903789197,1.000628726527377,0.11313692092721134,1.1480203247492629,0.11936987657896256,2.74622186240363,0.6312272155078119,-0.22242509283923995
2003-08-16,0.856894649255835,1.036905954022535,-1.2958025551545083,-1.0629820287343896,0.3458026118810859,0.9385054067557684,0.7390893194886937,-0.34128373176115545,0.4163633924462437,0.7009540616044014,0.2683365459166805,-1.3760726738355866,-0.24036016515064665,0.5325619045036866,-0.5507174832454823,-0.12001519125866361,-2.002189934123837,-0.22242509283923995,-0.6384543849325179
2003-08-17,-0.9008029981491692,0.8658547827829142,-1.7255257763494571,-1.0291093782094842,0.14367409474588447,1.4769911146314636,0.6192309072234842,0.18538353780816824,0.7119966328337013,1.2632033070887254,0.5628240091562269,0.25869775956588387,-0.24573421441247023,-0.19559563835002522,-1.359104528517817,-0.6102767409469443,-1.0275466944809137,-0.6384543849325179,-0.2824040985542108
2003-08-18,-0.3487435505453744,0.42215888417806774,-0.31927439649901035,-0.9723664492317826,-0.0466742942703981,0.7305513975974451,-0.7971928581915625,-0.20021701341890102,0.3328022994611238,-0.0011429163277169936,-0.4260780399676704,-1.0896400621953348,0.543188968306993,-1.238899915389668,-0.6538700572336925,-0.6179739535232385,0.911380332631025,-0.2824040985542108,-0.2056510889863247
2003-08-19,1.2638962804799796,-0.03742958794866922,0.8433128179307191,-0.7402877221352584,0.3694917161273598,-1.2558432654365537,0.18576911187609987,0.4036195725264991,-0.569353969594724,-1.07030584238862,-1.3904685834124337,-2.774966182642607,1.0585044703100455,-0.08803747823938383,-0.24849789343058315,-0.6404968843033462,-0.004687547979539291,-0.2056510889863247,-0.5210508460958992
2003-08-20,-1.3659975770878823,-0.4058725226400484,0.4677533071371267,-0.5694733915104937,0.20262904280438765,-1.2876568072662444,0.28773511225482085,-0.6317078716715243,-0.3034373689138544,-0.5976594496661424,-1.1260282583308752,-0.6997691679730592,1.6994783702363627,0.6397651524365927,0.18817525486336992,-0.5202210103529259,-0.37648759441400365,-0.5210508460958992,0.616481615619997
2003-08-21,0.6356492267753369,-0.5515868617372167,0.08978197566744461,-0.40285133333442985,0.05819487468640732,-0.012733111990519429,-0.15882014111028692,0.6572017367022595,-0.7166547547537278,-1.3386036772787107,-0.8648964908254425,0.37524288580785026,1.5834819792963586,-0.7302412957802215,0.37022652635052955,-0.3069046253870211,1.6016183744443935,0.616481615619997,1.0564420001587402
2003-08-22,-0.05670331854637966,-0.9830750711869235,0.2705087581877193,-0.2551860784846812,-0.03345548714933464,1.0707912160162698,0.19973046832226468,-0.42539488411376974,0.016800448615342026,-1.2752954814126845,-0.09409997442188994,-0.1600445716209225,1.5006933484334006,-1.6907729302916807,0.050636304635346144,-0.3633981007897398,0.37245695862414946,1.0564420001587402,2.2424451804959498
2003-08-23,-0.20902568537181834,-1.3768114493739978,0.10806077178593453,-0.09127911556080158,-0.20477083399924606,0.9363201067591526,-0.35624549948666967,-0.011909556522955724,0.839047407951802,0.35407064602862126,-0.5618075917375427,0.35406075420756467,0.262469272205656,-0.644237857180344,1.233722818407254,-0.2154963461612341,2.6462982739077123,2.2424451804959498,1.036399608194829
2003-08-24,0.32960653430186737,-1.6062695873382973,-0.04778914536035035,0.02722748235797098,-0.41560046083596497,0.23346590026815697,-0.21157616131333903,0.2051364794174726,0.5491825557922502,0.7017507505280868,0.7220645555433133,0.9188693745619025,0.7308922739882207,0.26878872254817404,0.16842522351680703,-0.10463925472052835,-1.2026976608851578,1.036399608194829,0.30478273187973065
2003-08-25,-0.5876888507291732,-1.437868331408063,0.18814160240995376,0.21130113100427725,-0.6226679614488461,-0.282641876743056,0.9512022766887066,-0.22340988377394447,0.061143463975957144,-0.8952476051012807,0.302492156769221,-1.0855195683637835,-0.8103878356467129,-0.2743784041026659,-0.9671431967171493,-0.2169556334580249,-1.5157535183404423,0.30478273187973065,-0.06859867946007349
2003-08-26,1.009764778341906,-0.7836279031289133,1.7514654090034882,0.3935807160956257,-0.8396443312648025,-0.9765413463835029,0.4225186345260021,0.21141201379976599,-0.25473198604719804,-0.7828814727693693,-0.8356128827439879,-2.04066428834726,-0.8656373862095813,-0.40668878192253266,-1.5691742684608045,-0.29656349151693845,-0.712983727605093,-0.06859867946007349,-0.21579728962869407
2003-08-27,-0.9050952030098245,-0.038840042670646446,1.432930295450907,0.5510766807546212,-1.1442627623078374,-0.8153296622564892,-1.5010998646741165,-0.41620206242836444,-0.4921420569942977,0.883622672992328,-1.3846076267026317,-1.69278096770796,0.21657155125876504,-0.591565592194502,-0.7590999143481757,-0.37393815847854966,-0.2073094177691939,-0.21579728962869407,-0.01923105839206571
2003-08-28,0.3326430403545029,0.5884035264794989,-1.6524676208779718,0.7223637197807312,-1.3337531575079342,0.3257699471331206,-0.29028650568754927,0.9309422433395348,-1.3226130486786374,1.205093594955117,-0.28912951225603656,-0.6652549919355327,1.2499349883820499,0.9153823233035421,-0.0791217701873222,-0.6399507125368421,0.5998031941936813,-0.01923105839206571,-0.24876520756484008
2003-08-29,0.4348511376844119,1.06821292735931,-1.7317737061626128,0.875705342127663,-1.4868719864024855,1.292197083009643,1.3918850690911948,-1.3243883886459498,-1.3295798072677403,-0.3752444688332476,-0.029267247555934264,0.9154934552302222,-0.38733953738266363,0.5515866641052082,0.7230499892794215,-0.4925063497408953,-0.27121241560955783,-0.24876520756484008,-0.2547598994306645
2003-08-30,-0.5502109124092437,1.3858365811583204,-0.47266005535716754,0.9306496375611528,-1.5899228611552636,0.37508365408559197,0.46298614896710544,1.228092025929395,-0.8848326614836707,-0.19463631052002403,-0.022728083996059776,0.7609233734498245,0.5574957627431129,0.7934182791573196,1.3743825205206632,-0.10357062667646937,0.12499756785707945,-0.2547598994306645,-0.4445186718253124
2003-08-31,0.5079285135191146,1.4780218380372654,0.12675056779372723,1.0421281552904376,-1.6387590558218454,-0.5936074386095788,-0.47138035968784764,-1.0998586901506353,-0.47363223606100247,0.4022480513136166,0.49304461381424214,-0.0551125622048564,1.4741012180493231,1.5946201713881918,0.7733068437526864,0.09734290102644244,-0.22823057139063183,-0.4445186718253124,-0.4004144535225776
2003-09-01,-0.884239615492281,1.2783038475439725,-0.041033218921127025,1.12658513612765,-1.6021461616904298,-0.2546392400574641,-0.6048586958994775,0.9193483926971349,-0.6114163903512306,1.3768362341497462,1.1883852546498996,-0.7590423715389438,1.6897224542720448,2.3329314602359674,-0.5892967741907498,0.06493770865552398,-0.05336853587439397,-0.4004144535225776,-0.28560480427301954
2003-09-02,1.088145394641466,0.9272516200756961,-0.6671632877536703,1.17812051867717,-1.5214080407396926,0.2614194475735443,-0.19859768639198072,-0.6662537749278918,-0.7929163109079483,0.4321402855376964,0.17220876358291737,-0.6167456189216692,1.333979244796749,1.5399899953406933,-1.0391151588922451,-0.09709739800271015,0.1545546062269645,-0.28560480427301954,-0.4238291467725108
2003-09-03,-0.29232802608848163,0.4800603183774653,0.40675089867804354,1.2138729624947786,-1.4340903119438144,-0.5754609332481984,0.297684649226152,0.3078995210388123,-0.5634956005365687,-0.6594419917959333,-0.14054357240848137,-0.35326418249562314,0.6275069818883653,0.8079404496072791,-0.678683289094584,-0.24149797992908562,-0.3660633595256996,-0.4238291467725108,-0.659183507512953
2003-09-04,-0.574230004955124,0.014235620661736583,1.2784220369064148,1.1513797727544042,-1.4843553500728963,-1.1015991333110262,0.5640551074338409,0.03451790516983496,-0.01837706663392804,-0.3583767398898223,-0.34777992329161406,-0.3985587090041564,0.19261487043717757,-0.11535386787914452,-1.157092597885837,-0.3934800081890156,-0.31681231316165476,-0.659183507512953,-0.6806126455421111
2003-09-05,0.44943059449887324,-0.4526088629682017,0.3614563101661617,1.1656255081018665,-1.3329558397480723,0.09471776446532013,-0.4563069535997692,-0.19947343486903887,0.3729120683446765,0.2620609990386241,0.16573423755388855,0.4478737031573137,0.30092456963044895,0.7471772082434327,0.005162466820520039,-0.5328755433892024,-0.5782799980950691,-0.6806126455421111,-0.7899826151006829
2003-09-06,-0.0323828691862804,-0.8445469962026932,-0.8014371566137927,1.2531261914223415,-1.2321942907540682,2.0209494344035277,0.2675469018014681,0.39277564788352165,0.46814280938997654,1.0304925729494665,-0.3641395924238889,-1.5653467847436844,1.022912840781892,0.9895553958180451,0.40645860096199243,-0.5357755332588217,0.06414012924729426,-0.7899826151006829,-0.6732720128861812
2003-09-07,0.1977069772625391,-1.129843780459782,-1.5040335390084119,0.8976491286178473,-1.1806530763411545,1.4809888812814582,-0.7187468332576707,-0.7544974319946597,0.22850054833526098,-1.269924497394615,0.7999579042067589,-1.4217035645439589,1.2907949017277809,-0.33393885005949325,0.7444474322793647,-0.2273663343134265,0.7964620867105644,-0.6732720128861812,-0.35165228255924724
2003-09-08,-0.8793567858131404,-1.22117511475837,-0.3370708475660802,0.6843882109415009,-0.9773139678392979,-0.874043584632213,-0.7767480779292872,1.2424391539329334,0.2167661702202515,-1.4496477040559061,-1.0275776837045905,-0.38868594892337716,0.6685372096881775,-0.8974762355596588,0.39657312043020554,0.04333870412340332,0.7055274693238142,-0.35165228255924724,0.36622945774077453
2003-09-09,1.4441052181847045,-1.3168061768403385,1.497899529934793,0.4789986441967501,-0.7118044013291199,-2.007089649396454,1.9153242838294118,-1.5205234810540014,0.2752619629673556,-0.5103021352372857,0.06688398452687146,0.5265354226401758,1.0218611279675522,-1.4930560731064189,0.7346987603050661,0.32471370388689086,2.0332573764011044,0.36622945774077453,0.3395083026147234
2003-09-10,-0.20268696606352243,-1.3379494151199731,-0.23882450575179515,0.3158067877157308,-0.4102002779184734,-1.0502134822155673,0.06843779418042858,1.4358057362493397,-0.252556868980547,0.2946401853004664,-0.9960344502279787,-0.3680069058480061,0.19831456795989677,-0.6650457844677022,1.2352764342944498,0.5183535819439732,0.11180630142634006,0.3395083026147234,0.7782307367524146
2003-09-11,-0.4900066039222227,-1.2361150125086822,-1.0539659424905485,0.15077499515575585,-0.08616577165658357,1.136622181374332,-1.9003277952922457,-1.206037571131062,-0.4581688781788973,0.1731835504503002,-0.46056535455645503,-0.9451299031509464,-0.7661390798247834,0.004104370546871317,1.8936878355163589,0.6353853330835216,0.8201161213393863,0.7782307367524146,2.2106652909275404
2003-09-12,-0.4103612888439655,-0.8631087354909488,-0.2834617965933434,0.009174302931172846,0.1586567331062636,1.7720905998510508,-0.7101700679007901,0.9881199056857534,-0.2145650472334671,0.03720796016150811,0.6504359549332671,0.1550145511496156,-1.4856065987348224,-0.47332736419737514,1.7920543496942658,0.821779086286962,2.3183790474382855,2.2106652909275404,0.5486958839187037
2003-09-13,1.3725759901677315,-0.22809915294462865,-0.0728655437406501,-0.1164117713139676,0.438123376988154,0.6072762655518805,1.8717677769236967,-0.8609040292357365,0.03114055988994358,-0.9332251582259989,1.4137805918503814,1.7636433803879048,-1.6672109864763336,0.08522457283204697,-0.9552741122198672,0.5052745818381698,-1.6917953406530126,0.5486958839187037,-0.07732448934675565
2003-09-14,-1.0973182672177615,0.39542858145029597,1.0969534544733606,-0.28173927699292184,0.5697269366439812,-1.0427553991805225,0.665808835573612,0.9177536629092514,-0.08373562952097793,-0.9042265525079731,0.9002975092515226,1.0617217595728032,-1.0145420251684922,1.4210449527244466,-0.18887402597001107,0.5360226078317859,-0.6804925387172852,-0.07732448934675565,-0.340816915186925
2003-09-15,0.64737594506644,0.8591020381366733,1.4827504736641541,-0.4635959753438781,0.7432222413036673,-1.5412222917777922,-0.17465152954737356,-1.1206033114445628,0.39886548570619546,-0.2794530262278753,0.18923449052178104,0.8668101739600543,0.194645305671573,0.5412895103688345,-0.2992678036457322,0.567768791007583,-0.2089224527580529,-0.340816915186925,-0.6278892848117158
2003-09-16,-0.42347559752172503,1.1948468414275843,1.0973590094926902,-0.5425591721667241,0.8806242912947699,-0.3812415580354347,-0.21847677782886088,1.2303578817351961,1.8537677637080092,0.17019607456650235,0.9928723605082119,0.8403092662032382,0.4462436317453906,1.235320837568802,-0.4341118129700365,0.5949617737274534,-0.30235353906840556,-0.6278892848117158,-0.06030437425695441
2003-09-17,0.2996249183479281,1.4247117236101698,0.22819133181382023,-0.5897044362327134,0.9823952060973853,0.7650973717027639,-0.6160925360806815,-0.8607194016286235,1.6194087373618962,0.6714213142177836,1.0018187738254252,0.27953376732956814,0.7771887079314961,2.6893577576552636,0.536634401869099,0.8584241805875055,0.745694701703135,-0.06030437425695441,-0.1456564613513407
2003-09-18,-0.061747432025015446,1.5230746980479848,-0.5110621633654086,-0.6635987316056188,1.0576472835663464,0.933932368726254,-0.2045369297471397,0.21216603385890723,0.6770231039294072,0.3101324176231934,1.1138798481116736,0.20374925984822334,0.5814835757422757,1.2930171545308975,-0.36492355942408883,0.8702436538797959,-0.21744748872308212,-0.1456564613513407,0.6348756067647183
2003-09-19,0.21038786147806804,1.3670523892274156,-0.5791348517932671,-0.7329215845764422,1.1114880634473014,0.12108580960664023,-0.05079591164104867,0.4353633673089404,-0.7907385031234476,-0.5977068987393055,0.890156017829678,-0.3795228844724324,-1.018696042554041,-0.2976611864898569,0.15451998685276547,0.9175840733835564,1.7458288275759177,0.6348756067647183,0.0038408116080201385
2003-09-20,-0.608897877453823,0.9266657770623725,-0.8831647917043581,1.1945476276382383,1.3587737888057785,-0.6394486143793494,1.0546188609888918,-1.1102853961477903,-1.0624931740455814,-1.3515012976308927,0.9424737227737815,0.698979146124465,-0.4778939752061101,-0.05162759687897121,0.7039462356185917,0.9323343720454144,-0.8200941196806762,0.0038408116080201385,0.5497192621529773
2003-09-21,0.2197958990636347,0.4424129879821272,-0.651719240359549,1.115595037938762,1.34979523042796,-0.6022854105392162,1.1317451530120008,1.2334605635620712,-0.7148382269868834,-0.4721231419410492,0.3659122937729949,0.01742209941243936,0.7367495698663754,0.052472401197623704,-0.12237032699502536,0.8318477592239141,0.8535872800122327,0.5497192621529773,0.22630452631701217
2003-09-22,0.6101492733586685,0.42518873936614054,-0.07440662959628722,0.9204454534900437,1.3527712011144675,0.33627995253591797,-0.2237589215994333,-0.9736100771790742,-0.0701174876245332,0.1251752951369758,1.0998820999897287,-0.5310986326777263,1.7531399130563747,-0.4542207632043179,-0.18288273338244268,0.7152573853628453,-0.483811405757496,0.22630452631701217,0.1345513395642592
2003-09-23,0.03389737212263383,0.20984559384136012,-0.09920175200460916,0.7010624137160387,1.3661691502851254,0.6987635577646258,-1.227488494611046,0.5043848713325766,0.19988094493540773,0.1570636613869925,-0.5889210141043244,-1.204029451303482,0.3837684591764768,-0.8809085913977872,-0.2825759775779377,0.48182941277861874,-0.239156338635735,0.1345513395642592,0.27349389362564
2003-09-24,-1.159750142180182,0.09511334711292978,0.45039088248452464,0.3891158285764761,1.3301312398536875,-0.2840392318065181,-1.0218931135035083,-0.2544079140084251,0.3570883174241483,0.5000924891115519,-0.14442550745059435,0.4414615811148336,0.14476356846628655,0.29828607327350215,0.8393972502604428,0.2771581278049779,0.32336193310759626,0.27349389362564,-0.3835775525165783
2003-09-25,0.9791643520464454,0.07570222523685602,1.0256539305893688,0.036718322186378514,1.2678551221747176,-0.5140838235987514,0.7637144410123374,0.40366865427837295,0.22530890612261545,0.16843686990655363,0.5048715706825883,1.2109780684399403,-0.09207427486218703,-0.4688560840447812,-0.5040512093051142,-0.25255038834792304,-1.5079444734412006,-0.3835775525165783,0.6805398318438042
2003-09-26,1.0410217239386033,0.04263698052599033,0.009347508060758382,-0.2181391187017352,1.1613569446468683,0.22971967579828093,1.837123411935581,-0.9250328960540166,-0.009371345168095343,0.3310676664039678,1.1526957718862905,0.17342933619507522,1.1343730182243665,-0.21788642820829476,1.824431004198758,0.36440934145637194,1.401261854850738,0.6805398318438042,0.053973861716966394
2003-09-27,-0.501079872934306,-0.021759990839280492,-0.9786354137497334,-0.4404704879561583,0.9918940319110139,0.7702629044589152,-0.7563816297453347,1.5280219073795858,-0.0587621465999115,1.0530820081809693,0.5625952659540925,0.28387693459658514,1.5314337435758143,-0.7229860029758008,0.18542770683978252,0.5065001152769181,-1.2071603592539746,0.053973861716966394,0.8734581043296408
2003-09-28,-1.338871894517068,-0.09680599006569976,-0.000676860435555366,-0.6030419685802917,0.7765217670088881,0.25364594989370043,-0.41246681159800835,-1.8376714278441553,-0.36651693841750344,0.7893526699472178,0.4379006318467609,0.4131893140007803,1.414924764730726,-1.1345170850769406,0.19573626583526407,0.6384397082290588,1.9376977508053803,0.8734581043296408,1.68708170717977
2003-09-29,1.6795970814837842,-0.19032785000666588,0.5411732647723062,-0.7889319842322114,0.4711326805380552,-0.914475052415079,0.4038790284400825,1.5891231622448307,-0.8770452804018214,0.14526463149775587,1.32423816575111,0.5857921348490729,-0.35896279180690466,-1.4994528913030876,0.780917380406472,0.8174422157899327,2.7557685881292615,1.68708170717977,0.5886538456736474
2003-09-30,1.2157704218585346,-0.3252779714217652,-0.8008422921925976,-0.9676372300297297,0.10550885641504416,-0.6197413820828703,-0.9494696522907539,-0.8761804398105617,-1.472184701204879,-0.5211324794575849,1.5180359175982445,1.315223789174428,0.1756334169369578,0.544744869654014,1.3143843109475197,0.9574729170986068,-2.747755288930585,0.5886538456736474,0.2020176966028265
2003-10-01,-1.1580817702287536,-0.2879943749368626,-0.38267664331341894,-1.145757245844294,-0.26253798478281104,0.12028050543184614,-0.28148564423589767,-0.1622330111461539,-1.5493039337186838,-1.1452957286188332,0.7439181577923616,1.1439456003937765,-0.3571354691807992,0.2012174931636443,1.162420245282194,1.1249936171759474,-0.4274113230031754,0.2020176966028265,0.5303633998302629
2003-10-02,-0.02512984956311843,-0.2093347882382811,1.5382936630532174,-1.3285826549390742,-0.6300827271487621,0.5919068813958895,0.5719943723643365,1.297450546366389,-0.683637402087538,-0.6719918907373124,0.9269028325316251,1.0300446650543233,-1.401710838965962,-1.1691351303048543,0.4717237276707375,1.1008356415363054,0.5501546943132347,0.5303633998302629,-0.43172712474430824
2003-10-03,-0.0217730371261292,-0.13053802358036018,1.3536214579449135,-1.5224533658722719,-0.9238198215474374,0.24813073125418864,0.7966541321396878,-2.100305831581568,-0.030075750751674794,-0.45407813604408925,0.99808768855268,0.6977827965330763,-0.7224650591448637,-0.6473982894327167,-0.06958653035828383,1.0035164947231658,-1.8472177410797748,-0.43172712474430824,0.0297214473595059
2003-10-04,1.3178624170121276,-0.14024202010337172,-0.14401825451784403,-1.7356668767694217,-1.190025395267827,0.2966880298803819,0.6634086164645312,1.743043783040223,0.20212187245300953,-0.5140050184440279,1.5658139922458387,0.7004455037738878,1.414421651751974,0.9153838341673275,-0.937031888218933,0.9509501605526554,0.6728624682223101,0.0297214473595059,0.20901289321273642
2003-10-05,-1.2193835816996996,-0.3050808073883676,-0.6127598256127464,-1.9362952126989865,-1.3866938717899342,0.3279573685614687,-0.29182368304890344,-1.0214270132264387,0.14886283415265888,-0.7778482872547376,0.9772305192404473,0.8039532937816273,1.1252433107821624,0.25289194073676086,-0.14469899955630028,0.9473318132330372,0.30890922195083437,0.20901289321273642,0.21271178961626397
2003-10-06,0.7615496366426796,-0.7023693799887099,-1.092928023323091,-2.042723884243532,-1.571077480581815,-0.5275099834799197,-1.3806172332983773,0.507896546327098,0.13611292508126033,-0.687639775826677,1.7923268742532579,1.1746544369649683,0.25794966326892643,0.5497288947951121,0.5666703539796598,1.008160147963924,0.17097167336835423,0.21271178961626397,-0.07661721924856328
2003-10-07,-0.9419383400130786,-1.3171405825685476,-0.3527199724862801,-2.1581326249106367,-1.6852058821803673,-1.0085711988726425,0.18360961892397565,-0.004605443172627944,0.2786179047749005,0.13787101601319193,2.3165932456882743,1.1408213549558506,0.2610359856069768,0.026030485586843358,0.6512037880969629,0.9348265074815524,-0.7629405158532245,-0.07661721924856328,0.1903084686429214
2003-10-08,0.7650199277139098,-1.7850643283355354,1.5881153867135323,-2.5414845414559224,-1.9015952149486122,-0.02145320622333455,0.6498029029950324,-0.6213489289337248,0.2946873523940338,-0.07805146641811332,1.4358007459932,1.1923774031816556,0.8913522391903358,1.0860054419156135,-0.5205953945503273,0.9381223775554568,1.1070216430932378,0.1903084686429214,0.3483087222895822
2003-10-09,0.6406805998104338,-1.9416879216483558,0.39130528416779914,-2.217133676437852,-2.3819777512844,0.9179481339398888,-0.5034239669022551,1.0340183956850224,0.30746630229171645,-0.1547273566996317,0.047690959240617774,0.21654364606464316,1.3895806233026304,-0.8768929100277032,0.8643649880913584,0.8259947181875043,0.1786386991874793,0.3483087222895822,0.660185164565718
2003-10-10,-1.1396364538947004,-1.9203877318996716,-1.3615168783155165,-1.840700217032986,-2.4776926039065814,0.5790980248639979,0.6472941341932825,-0.9402289970098784,0.41710727013468585,-0.4324348345839857,0.7318238548009552,0.576827930443991,-0.08748421966275459,-0.8315972275257225,1.0653359165155152,1.102404766672819,1.0895196957867912,0.660185164565718,0.7588857477679015
2003-10-11,0.2299237122808294,-1.7545459111649206,-1.4268210570612598,-1.452126352988438,-2.52586709996457,-0.1356322297776874,0.4403507051104749,0.7226728995123936,0.5201504268173296,0.06626001077017266,0.9131165044788969,0.3237524398172816,-0.6868019581953212,-0.7838977046439215,-0.09149464342693034,1.0855580713149564,0.102985604182764,0.7588857477679015,0.7414216249909661
2003-10-12,0.7604316866920399,-1.4127888635633605,-0.51721987382043,-1.167408722567886,-2.3387920906749162,-0.16390908747235242,-0.022746317860249634,-0.44481247490229836,0.3240144126590978,-0.5620049698163009,0.7730909750742972,0.047350478942941296,-0.5000971710579566,-0.7556501365801576,-0.24623896163088976,0.9517496156218903,-0.44369509691508696,0.7414216249909661,0.9725297061730231
2003-10-13,-1.1861840765196658,-0.7414871163537802,-0.17001807941397715,-0.8271449525059881,-2.251001171116797,-0.22308056032712667,-0.37094607309774175,0.08042365483986556,-0.3232409080885796,-0.40100678367611353,-1.1468310107512816,-1.14077249182542,-0.8912090518057594,0.04443897226006678,-0.7093277945344815,0.5756068237583231,0.6393491495001499,0.9725297061730231,0.7025797620012665
2003-10-14,1.1740132675372212,0.34334047379309734,1.3860038919094704,-0.5238581928004264,-2.0875770540037117,-0.6332286751152297,-1.4469643756218586,0.1605116284228595,-0.4279315529310975,-0.2297360625553354,0.10321712190317854,-0.5583823827258034,-0.27212878658432593,0.6870308187743219,0.12370672208356698,0.43540335142646724,-0.29980429409274073,0.7025797620012665,1.1244346536150616
2003-10-15,-0.7822944360392194,1.494831806837407,1.3194159412349695,-0.24183689619047313,-1.884206639544573,-0.5084482965960161,0.20248182326480027,-0.045672388283339256,-0.057876113506584635,-0.004585807938916556,-0.12563107799422177,0.69913805333678,-0.09387664176498815,1.2600687293865354,0.954499714916512,0.5208515432831581,0.6378465229915883,1.1244346536150616,2.3791094721481163
2003-10-16,0.562809380657341,2.2268971166628893,-1.715235761267141,0.1283563441938078,-1.6355782064336353,0.33483589428129384,1.8944060858951728,-0.06913434208044679,0.07346704465318667,-0.49890558007080044,0.017511474032032116,0.5308143897740702,0.8878415262751571,1.5382159622268445,1.1192122824922457,0.8038019111715721,2.5296999362757924,2.3791094721481163,1.161014955789069
2003-10-17,-0.364572339892623,2.4446570707068074,-1.4141870096644666,0.38033477838425506,-1.2805734345095285,1.3608148376814764,0.07208010043619802,0.04678013536228792,-0.0986320446911097,-0.41935661986194595,-0.2047058588485178,-1.0311677850464822,1.5343858193640887,1.073431751468445,-0.09717282346131172,0.8891255752781009,-2.378357615115742,1.161014955789069,0.7547574793289266
2003-10-18,0.44069217444006775,2.3296921035504345,1.722348649699653,0.6439581937277673,-0.9086018349911923,0.4957095650513002,-0.5420170087657256,0.3858760246575245,-0.6440645392000359,-0.3482716278520026,-0.32744802313898186,-1.9005956628149216,2.27787207066358,0.30556495363022557,0.3622574580343614,0.9255210177811881,-0.7955623554682648,0.7547574793289266,0.1722821697321328
2003-10-19,-0.5507432050886416,1.9479660150189455,1.7866359480826768,0.9131779090681278,-0.4533745632283031,-1.0459031594668684,0.20872276762200168,-1.1266324708636224,-0.9347353915815645,-0.8948289906017792,0.49405891523185175,-0.9142562677646869,2.5931558557591843,-1.7601258851798594,-0.5351060213754048,0.7950422921478874,-0.8205539747401752,0.1722821697321328,-0.015310589990206293
2003-10-20,0.3738861659197237,1.4736575585994187,0.1648019639465645,1.1885774224435595,0.02906094043131855,-1.2027369052799224,0.2321157229023379,1.707310608221844,-0.9554008564087544,-0.029592476098752884,1.7085449243219248,0.39163627656839467,1.2676573690726436,-1.9129908939498814,-0.44775226938447976,0.616869000611581,-0.402794115157819,-0.015310589990206293,-0.004074691939938909
2003-10-21,-0.4474805560185695,0.8944644874418429,-0.45846290547290025,1.4671822431842954,0.5158256037300311,0.06880300058475268,-1.6295942451601195,-1.9218047788826724,-0.6529328741612811,0.39455307639962917,2.2550114524659204,0.6475534746383104,-0.25728344087082183,-0.09501748187487906,-0.3173198057185277,0.6189539577092823,0.020924215206874038,-0.004074691939938909,0.45083129678291517
2003-10-22,0.4553388173028018,0.2787025980089207,-1.1099897628805993,-0.6015658293509396,1.1879477688994322,1.1261311936081029,-0.6338009275649105,1.2615510870442044,-0.12044280437084863,1.3229699424467531,1.4446063973414534,0.7322662259896503,-1.6285787566581262,2.3403850526243537,0.5096725354537248,0.5450093732119725,0.7701158398835841,0.45083129678291517,-0.30253210191000757
2003-10-23,0.13973924601811488,-0.2466438833579905,-0.44433759385535904,-0.5318864875055813,1.1705389044385244,0.5232380660908564,2.0880825002879813,-0.19414270151551336,0.8518598905440964,0.6994843351350081,0.2659743607224825,0.9004924114030272,-1.7842501836974454,0.43963444411718283,-1.1880487792427559,-0.02440528999940857,-1.3262276971167395,-0.30253210191000757,0.19344003515917532
2003-10-24,-0.20579532300532521,-0.28513625540591586,1.6792575038073976,-0.4188285026624359,1.339043149071065,-0.5174804514702752,0.4424212836717792,-0.5590089228873831,0.9575165046253334,-0.0014428402146559475,-0.5359853873530593,-0.8187528662858946,-0.5811839299344455,-1.0052873382876333,-1.0192898793495058,-0.23510381418851625,0.8395432898089524,0.19344003515917532,-0.41446431636087355
2003-10-25,-0.6425393972057065,-0.5722848586165319,1.35914997990008,-0.15787718141239662,1.2675767230038308,-0.6373761083762232,-0.8747936684754923,0.9938230990415841,-0.08674376968690325,-0.16600457293822451,-0.23670803012338268,-0.8377833268274194,0.09498381010430994,-0.18452778092682276,-0.6175729347263588,-0.3898379556970538,-0.7267257540828712,-0.41446431636087355,-0.05678238323388149
2003-10-26,0.528807219326308,-0.6722913465363525,0.044829524176414795,0.055936450118519936,1.3592250745044945,-0.42500883245290233,-0.49461782591451536,-0.8865252422715597,-0.7404261772484804,-0.49490744559896876,0.9068764163877823,0.0966318396173501,-0.9177358805553263,0.3805899241520187,-0.20401593227424575,-0.27439661995789305,0.44726483031197206,-0.05678238323388149,-0.6006028186927277
2003-10-27,0.02566333928897449,-0.5420402576326669,-0.10455172828196937,0.22332263181248405,1.4075404307119932,0.025420184511054614,-0.27505104197321667,0.09810108413882634,-0.39825593285114397,-0.24932233498403078,0.6792547277533054,0.9082459516097227,-1.4369699132166078,0.2491268103698138,0.07455693209662632,-0.3064564172446693,-0.43610720562964256,-0.6006028186927277,-0.04440093435667796
2003-10-28,-0.17445524584200456,-0.4051013130817292,-0.6321496814773457,0.4131863788504546,1.4582959029331004,0.7083013716460933,0.30150026863098167,0.5470140262109046,0.2766332185845056,0.5224842394097583,0.4938114567131158,0.9921338445893945,-1.084592281292703,-0.10466794956115767,1.5196513047893876,-0.20200951928092412,0.6351732312240042,-0.04440093435667796,0.2789833991358389
2003-10-29,-0.9894857023884192,-0.35370138848124294,-0.9771278055673933,0.5687686066768665,1.4852350357774249,1.187717230158099,0.5022275088271337,-0.6697740458418022,0.8023480184830459,0.13913363906337797,1.296114555059566,1.2606432239072396,-0.8451006602507988,-1.2282456326340483,0.2037862966666381,-0.46261252978151013,0.411903496621446,0.2789833991358389,1.8677221779421234
2003-10-30,1.5840380328302537,-0.39348767233920134,-1.4207813526279305,0.6992959240274614,1.4905698734923605,0.0415985559539334,0.3453051649150942,0.3837055944320859,1.0127757170984153,-0.4535067389260703,0.8051534118954293,-0.14864700029957575,-0.7868556132957482,0.5254765736328854,0.17276942161630404,-0.32780253078499794,1.8981081036524106,1.8677221779421234,0.02958190233029496
2003-10-31,-0.19832830751643218,-0.5348768582643115,-0.6426628976698217,0.8041121163324984,1.4619993179809028,-1.7270756728655008,-0.17851380528042,0.08452673127388277,0.9399995408219698,-0.5933402978154,0.7154014553828845,-0.166442755158741,-0.7909407783800768,1.069941600380942,-0.4347569994587094,-0.45031232792295084,-1.865156913377268,0.02958190233029496,0.8411818681065569
2003-11-01,-1.4186707024086807,-0.6930626940494885,1.2145511781001532,0.8935341820557533,1.3873565535431462,-1.2906399403971651,0.03864142629163882,-0.5916149894950744,0.9870800624128606,-0.048840997968467796,0.17767379552940876,0.042732887462804035,0.8118141899645092,1.3327725007270277,0.22967476351254693,-0.3370689643316054,1.4653704191874513,0.8411818681065569,0.2566367270597672
2003-11-02,2.453435237615851,-0.7424894843700243,0.8148106404407421,1.0341290643712295,1.2568210081954272,1.2960910069854457,-0.27863658231007404,1.03804192889462,0.852599975604852,0.6653396994393932,0.8356116274369584,0.6030018395344617,1.7890778358594672,1.7972707031304764,0.4966524077681332,-0.18776025045046463,-0.6644095777240647,0.2566367270597672,-0.2698374895397791
2003-11-03,-1.8634448773218855,-0.6353193682808126,-1.5514924225961542,1.109402937019387,1.0514294048602988,2.058977889304106,-0.5834953458949372,-1.2519273955890067,0.8944580448366088,1.2696777248883118,0.8237533013254843,0.051664155526075,0.6472593337255619,0.70219097319958,-0.38660375595160523,-0.21383161132526424,-0.6466794587379666,-0.2698374895397791,-0.3065817753825194
2003-11-04,0.8030128646984199,-0.38196290497125757,-0.7336486241864947,1.1545584033281264,0.7505405548732185,-0.15218749371962295,0.8345178199477609,1.2177079867622627,0.5686511905423005,0.3909629081881547,0.06519723876983942,-1.1887136517204226,-0.5214968352861847,0.014383008998162868,2.611920600270803,0.4146885164756996,-0.112726475617563,-0.3065817753825194,-0.5837235169322199
2003-11-05,0.6816101858498279,-0.0004870172707556658,0.8264329435106974,1.2364159084089357,0.3640418234125132,-1.7787361175762846,0.18601204029178756,-1.0541352199127005,-0.2694317785267194,-0.21402711011099024,-1.2861298611977898,-1.687866419470091,-0.4459442016691991,0.08969231384875305,-0.5123247512624052,0.5133890030215768,-0.14914345277473284,-0.5837235169322199,-0.8680155049537374
2003-11-06,-0.9500427598469993,0.47930679686434446,1.9457626972952042,1.2969878893380222,0.12556411851012725,-0.739431791046579,0.5294753365771013,0.975778870735929,-0.892516330092872,-0.4027897807159621,-1.7859421700361708,-0.6080831442693981,1.1235183194939762,2.0073115713031284,-0.4919604860787597,0.6718942910889396,-0.025860910805245423,-0.8680155049537374,-0.3296372432378624
2003-11-07,0.13698528056406273,1.0029942374170828,0.9262165856489988,1.3203709509732218,-0.04107535034427333,0.7625191601270701,0.2720888264465709,-0.9812453631552734,-1.1815948362374578,0.20090849820266854,-2.2763328504853724,-0.770570699311273,2.375295930838532,1.5336933934298715,-0.8551582276453829,0.7955706260696865,0.2908188664393776,-0.3296372432378624,-0.37155412699706575
2003-11-08,0.47894231751961847,1.2647091393702212,-1.6933427146270439,1.3767467590173212,-0.18031233217813253,0.946922492272941,-2.2800208839876257,0.9756203566725921,-0.8056007808930562,0.6881726149970335,-0.34812091903343084,0.9127494742689707,0.9396277917775531,-0.15082751041161122,0.20476040603392384,0.8476159837002882,-0.24156809185828085,-0.37155412699706575,0.15930658330042885
2003-11-09,-0.4734024325087223,1.1269898265618679,0.6116422587452073,1.236199200236525,-0.327026465812072,-0.30897004528361266,0.7084850206562944,-0.7182311851695526,-0.6214591848543717,0.4511648712798614,0.6940245456852208,-0.11385444505589934,-0.06660348626778784,0.9367689719469862,-0.3918657991337658,0.586460330031537,0.7270462404057716,0.15930658330042885,0.10204946875552823
2003-11-10,0.46591293157402186,0.6889345719046256,0.30515974843788757,1.1147045497933907,-0.4229342848931728,-0.14404669923790892,1.8342195832271104,-0.16828896720215714,-0.6603404640073761,-0.18779922733904564,0.39153770244241487,-0.15737339342901183,0.15305141090525068,-0.1528263610061898,-0.5603142258467481,0.1515456193944176,-0.04285362306708077,0.10204946875552823,0.808177755467173
2003-11-11,-0.3217261986672635,0.013688685649757866,-1.1808020884728727,1.0695871992888795,-0.4588231433227227,0.5506956737277913,-1.4480239902085503,1.146247380665126,-0.18938629020765835,-0.8787656093971858,0.48142151205908806,0.8467904096740756,1.3282280985600485,-0.5579700803354435,2.0541297069086957,0.6163396023668212,0.6449754840704129,0.808177755467173,1.0024883022074438
2003-11-12,-0.8517037333084162,-0.6480271180709932,0.3467309846936757,0.9910021512412417,-0.4802092345672955,-0.07425031588218729,-1.9999182605576888,-1.813647146488853,0.9125319026969139,-0.5550085284204505,0.8789105665627147,1.6626887836456057,1.4854983024291915,-0.2828204172402081,0.915095755150054,0.8164774848439127,0.9708332383422833,1.0024883022074438,1.0033126149365448
2003-11-13,1.762939139724048,-1.1812654981166146,0.08401268810815976,0.8491480885431324,-0.4805539304587891,-1.0061597007942777,1.4032392026488976,2.188449456064348,1.5819166058146927,0.6139826511223548,0.7181764302854287,0.9217829346694594,-0.2727746231258997,2.516331464619783,0.7959499791285535,1.0770837996641973,-0.27700107968594745,1.0033126149365448,1.0825587125450449
2003-11-14,-1.676095264885635,-1.5022304919340437,0.23238856576526962,0.714088220650911,-0.4718124792828681,-0.1215929815055584,2.2647310571070243,-2.043626784091579,1.8225624853917817,-0.3337086078743752,0.8322489952936517,-1.6795447750003831,-0.26323733118026077,2.621321195600634,-0.6256601835257003,0.745475816952555,0.10722963468931346,1.0825587125450449,0.16211905461664472
2003-11-15,-0.0027833100640350223,-1.5663122023965497,-0.07683104820473799,0.5658971311996279,-0.4064121234628745,0.9727135645741971,-1.1916150533837815,0.9317162088241516,0.9008631989667139,-0.9024771903490316,-1.44721207974015,-1.7500175472105637,0.4964651566266458,0.5172153255637577,-0.8263985780538483,0.48379352718607016,-1.5457383011854333,0.16211905461664472,-0.582969940446176
2003-11-16,0.6572900302257156,-1.2598393766283564,-1.5664622152548258,0.3964726806505571,-0.37162834104477915,0.5895792857630335,-1.7255791501088291,0.5197505397697342,-0.1761048060802157,-0.6137546493227084,0.08805506737371133,-0.6206949100341252,-0.5570566426384772,-0.631645261560704,-0.7055756171105751,0.3781031331922404,-0.9355603327610764,-0.582969940446176,-0.18041122985929625
2003-11-17,0.20625374882290912,-0.4708313535198702,0.21275357671116787,0.2560768939630013,-0.295828075899408,-0.5520909658079705,-0.1254695666635936,-1.204275778517352,-0.8071852129901239,-0.7502199102266993,-0.5470031764455634,-0.20724265455178736,-1.4194265474084924,0.2902541087787301,-1.4652676200265435,-0.46249770270390944,0.8645790175359304,-0.18041122985929625,-0.547168206466888
2003-11-18,-1.1536077959734365,0.34918854177552944,1.0879893579109083,0.08083631252945395,-0.27561974132089473,-0.6825913516414248,1.1368289920819192,1.3477299634844255,-0.8210021319388389,-0.37796072811152953,-0.49104183588078193,-0.0013224599389914278,-0.48371315518469354,-0.013771940322719077,-0.9595547530833297,-0.5095469670970495,-0.5439001369741113,-0.547168206466888,-0.474481102610295
2003-11-19,1.0823425555571786,1.0465931210813006,-0.12546711505824718,-0.11680040743616066,-0.20973001066173022,0.08454688199777718,1.1150065227042016,-0.9689986552429636,0.1649388466040967,0.4617672169628335,0.7292649567769353,-0.3847144921833359,-0.5864039391944305,-0.4136532164528409,-0.7031771053030461,-0.5380314950516792,0.1735118230960385,-0.474481102610295,-0.7564610417315805
2003-11-20,-0.08905653476684697,1.2508907770901772,-0.28505386250115017,-0.3650688352205267,-0.1450865554500681,0.04050806738962106,-0.6197073314007753,-0.09666196806766532,0.5846469763893759,0.707656629325965,1.0806010847203507,-0.6754438748487771,0.03946803309410692,-0.5416539984507242,-1.122098400888127,-0.515828136383668,-0.08702576467258237,-0.7564610417315805,-0.19759058591221282
2003-11-21,-0.6278763510431474,1.1882786104432912,-0.8015244095178198,-0.5493403815233405,-0.06497831356088583,0.27436137243843034,-0.6889248369033782,1.3718576650530772,1.6169792404325452,0.3609933388897077,0.045833511979733066,-0.17301704218812256,-0.4321104695582002,-0.9711565325470658,-0.22891378342940144,-0.5255801986117999,0.32874124720695297,-0.19759058591221282,-0.1610926808330543
2003-11-22,0.20033301714333285,1.0084372733384628,-0.9294481467990997,-0.7152038979783302,0.01656661864548084,0.8064751550882255,0.3613665053442494,-1.580301697359147,1.6122512868598555,0.1758357276551369,0.4154096845097696,0.5416753242878979,-0.5133889585953088,-0.16938199979822505,-0.3787541508427591,-0.48160994743562874,0.12210486147805043,-0.1610926808330543,0.2751047670163513
2003-11-23,0.3847102915165217,0.8793246449294673,-0.7930013368588209,0.3120942759632569,0.17123677226898915,-0.02839162803018071,0.12653883807917882,1.343524515039988,0.7142940288047036,0.6030700758422753,0.1896830482665362,0.43725083712281854,0.5396933959193309,0.9163499986847153,-0.07173047018353934,-0.388142235047844,0.568060292530792,0.2751047670163513,0.2692230193534967
2003-11-24,0.04351089067484068,0.7818568242578559,-0.32057260150132616,0.19426902584022657,0.18813142161267185,-1.8725623929639434,-1.3706167516436452,-1.1867354135118002,0.39917380430413824,0.7866141468679565,0.8920542614619286,0.515239449915577,0.9201959290304026,1.4718996706672738,0.8361484548109537,-0.556888453944564,0.04022207321947117,0.2692230193534967,1.1426830516389848
2003-11-25,-0.8107638850774931,0.19643324570718065,0.8463922599428977,0.04278279716308232,0.1511460774513692,-1.1907413790823271,0.38734243217510766,1.1148003168729632,0.9612835776274861,0.552556748397756,0.9617796996806199,0.4503957036992852,1.981482169768653,1.6468943551055848,-0.13375610149464828,-0.700061222940806,1.2799248762297384,1.1426830516389848,0.7694253341881334
2003-11-26,0.8513501982350825,-0.06106695225682285,1.5229168151334804,-0.07712082553055759,0.16981270935452678,1.5658357585587317,1.1083060186678677,-1.0604997971258943,1.5768777182597584,0.18677059009023977,0.8451964173198401,-0.010288931348384758,1.68745096411503,0.7426809217789984,0.4082107104414818,-0.824590286825959,-0.2725699263496968,0.7694253341881334,-0.05550314431322003
2003-11-27,-0.47886828757460204,-0.35312942840158146,0.2059573454197971,-0.21188438757064165,0.11506265222058577,2.1717001726689493,-0.1648772492971671,0.8983707125108172,0.29622638130626344,0.01885132447791768,-0.07638800234627995,-0.9680898369714046,1.1729336854258001,0.6264732945549858,-0.5928847180807795,-0.7700130233934032,-1.5272270510998809,-0.05550314431322003,-0.36406365646615224
2003-11-28,0.830754361823451,-0.5855470470977137,-0.4219296238179664,-0.34751874061263716,-0.0032561925517306588,-0.009710864516423178,-0.6715554982366474,-0.5308407158517955,-1.6175306626982824,0.5494707967843778,-1.021574048139328,-1.3455425822957439,0.3053971017439633,-0.13892361184463564,-1.034304897221932,-0.771504727082745,-0.559621207495348,-0.36406365646615224,-0.7684413037084037
2003-11-29,-0.31182699559783555,-0.7731157788353195,0.2876568908356984,-0.4577803221762683,-0.06581388986834064,-1.6972865496949279,0.19476362522714266,0.06409787834964571,-2.1472543062749097,-0.8575686835604994,-1.3284564276660404,-0.4020518347454586,-1.6371591532480112,-0.5913780666802582,-0.35488165539579825,-0.7120310912385261,-0.964505968519679,-0.7684413037084037,0.26712601200283315
2003-11-30,-0.6772760384673803,-0.9512031443219882,0.24939631336983975,-0.558459123301139,-0.13132742705386574,-1.1183565996632912,0.5157754894395675,0.1904667883366191,-0.927378753171626,-0.6041714942416418,0.9110781422761609,1.2825479447586285,-1.0219160755503185,-0.31128789017313374,0.2474525094450189,-0.5090051087258189,1.4741270712496328,0.26712601200283315,0.4568528347249229
2003-12-01,1.2765355263272227,-1.0712540650607136,0.06541580491548646,-0.6418344758296523,-0.2544458870527919,0.8567805585580794,-0.7513316305375589,-0.14643488413586125,-0.5240860882634132,-0.2731723831132288,1.718969826390189,1.3152784334270102,0.40197775122497553,0.5030482272410763,2.548426275169075,-0.028679474833658826,0.5541464326487633,0.4568528347249229,0.5006948292243104
2003-12-02,0.3657821215583196,-0.9365153657650193,0.06808081877837109,-0.7302647767337476,-0.332954562594445,0.5563251428910518,-0.7563976660753381,-0.024101186266126902,-0.5029434896722978,-0.9093191731324378,1.0121803487754808,1.157748068421355,0.5261992934887983,0.6270124030542296,1.2198514102862084,0.19372479255006322,0.081418744951363,0.5006948292243104,0.2404018746458332
2003-12-03,-1.7324190121182943,-0.2026748497836335,-1.1818296080635993,-0.8096105412016704,-0.41458630578349426,-0.5547920010242866,1.0867177754229136,0.003080350913113558,-0.1167802630683931,-0.16100191819122409,0.9697783181030818,1.7768512241848105,0.20364579938132202,-0.4875920673791824,2.7308963693424886,0.6507109285041884,-0.7879258670959851,0.2404018746458332,1.182379946346542
2003-12-04,0.7596192408494392,0.4631222379645674,-1.0295247650858013,-0.8700480766880462,-0.47627456059995393,0.19985572901674292,0.8415003556932059,0.49621459222642506,-0.5269081783312901,1.3062733870382837,1.4233871140803025,2.3491964777550183,-0.3953734855403661,-0.07669756378502791,0.24324413021638738,0.7252388818679077,2.1456939212500146,1.182379946346542,1.1534367239862668
2003-12-05,1.1530532216905163,0.8186769497919959,-1.5827530877940081,-0.9367547920181297,-0.5473406569538125,1.0424722881043222,-0.06587887803646414,-1.2743458844503326,-0.6720932619031942,1.1933414151661998,1.5944161647211228,2.222740564482411,0.59323661911806,1.3599884588364701,0.5226750436396139,0.8515035303934729,-0.5595677657508352,1.1534367239862668,0.7543791454718344
2003-12-06,-1.6240510245802922,0.9714716265530569,-1.4540463824434957,-0.97256292806169,-0.6371961833141203,-0.5171385591051645,-0.5939399934262501,1.541259850916099,0.42750896184731907,0.055102769137336576,0.9375096603269717,2.088696202578688,0.06890280888683979,0.8768694586784825,0.09303592622623232,0.8819869906652378,-2.221083993940103,0.7543791454718344,1.1858267243791414
2003-12-07,0.014525395531462076,0.9644392194180537,1.284810259947694,-1.0183127550300848,-0.6758986203779002,-1.4857635322812743,-0.9771398758181349,-1.347080477400202,2.5154162675313816,-1.390040517758505,0.007563180808936797,2.1958864683918624,-0.7529805935782762,0.49171769876090005,-0.0002370746518606395,0.8010818587326254,0.48759351307349597,1.1858267243791414,0.6825519004731261
2003-12-08,1.4767489731885686,0.5352702096555549,2.1926743521427507,-1.0160550733996687,-0.6903756716609225,-0.7734625112995264,-0.5679656259466105,0.9525353780785563,2.650383945778115,-1.8347524922277898,0.8997601043014364,1.6288445094964514,0.5231181798081798,1.2663257866734852,0.37985461509508034,0.8469244628005713,-1.107078115464068,0.6825519004731261,0.40748884833411914
2003-12-09,-1.1987150487798461,-0.3151174283544752,2.575642494005849,-0.9683561903273279,-0.6874813732224956,1.3138057893154511,1.3180123520659996,-0.3614403419987101,1.9801256609065954,-0.21662154738744427,0.8186286375069174,-0.3465775253765538,0.680982365596154,1.5155683707526155,-0.16708395339052814,0.8153559715612722,-0.7310864752787714,0.40748884833411914,0.4623069682235467
2003-12-10,1.8725675239021664,-1.100697902956035,1.7507247801751185,-0.886787443156053,-0.6699814195610003,1.4333659336716447,0.752162052773583,-0.2907280394606975,0.1849313851234951,0.44404023221209993,-0.5245837227018131,-1.6527127023578467,0.5111898573729563,1.0853914675122363,-0.6947378224817673,0.931604560799832,0.045630676086697686,0.4623069682235467,0.008559893967537327
2003-12-11,-1.8237076670826597,-1.4643287490317982,-0.7285020189994542,-0.767140432358674,-0.6543363527694985,0.012297300126501709,-0.8473126569255018,0.37423029804223323,-0.835928295302288,0.41097322119655,-0.7587548665007707,-0.8145327928685594,0.6510257744665129,0.3502052402656189,-0.7032227167064383,0.9275113384263777,-1.0889251164745486,0.008559893967537327,-0.07826338877694262
2003-12-12,0.8074176276148819,-1.4729035503354686,-2.3024071185678894,-0.6382911977867892,-0.6023477534906791,-0.8815949037503298,-0.9075128165191187,0.15903992034678777,0.3258623916614773,0.0940256442919467,1.5563333267156112,0.9745087137452895,-0.32481965100061877,0.1588325298999501,-0.6434311842100516,0.9286718424938456,-0.15066209238822056,-0.07826338877694262,-0.13837318682541772
2003-12-13,0.7171272308506061,-1.0719788834511406,-2.0491235882278303,-0.47751249329896567,-0.5394810759530593,-0.5970822456500395,0.4540822354525081,-0.7061435036334379,0.21296469895067432,0.46774733425789694,1.2310861432002416,1.8168853980774653,-0.9355962274064262,0.2474941446433574,-0.9250294402029902,0.8783871447602953,-0.22101280390317973,-0.13837318682541772,-0.20693093137080376
2003-12-14,-0.7915581881796627,-0.1368757362656666,-0.6844502443007698,-0.31974517808267405,-0.46311000591860096,0.1228829566976108,0.5748038554953347,0.8314857329044953,-0.1486385833886845,0.4425102216196766,1.004900541559958,0.8375653174604873,-1.1230709500930882,0.6235360230914251,-1.3615396511330533,0.33603174586422574,-0.2892211004829253,-0.20693093137080376,-0.18056584498681988
2003-12-15,-0.03720907024435921,0.7573634593457466,0.15738714611553098,-0.1780083868353375,-0.35551280462137347,0.6953454423634744,-1.4432075399223243,-0.5562830937055447,-0.4564124712066298,0.22264897960762545,0.4989190486639608,0.20768746743016744,-0.8613069950058007,1.1834264591175165,-1.4497233681661388,0.01466251684156141,0.1717489644027585,-0.18056584498681988,-0.1504269760939446
2003-12-16,0.30316774147024417,1.3111094620423178,-0.05715865815964443,-0.041188267588634725,-0.24662821571067095,0.047318374240844965,0.4605806876244636,0.1456371387665261,-0.5608002235508375,0.3397068884992462,1.6090676237230064,-0.5242747823663116,-0.40915733341034466,1.0193317661712975,-0.8379832334146091,-0.6495747039370492,0.03284623461614884,-0.1504269760939446,-0.6446585906216583
2003-12-17,-0.1812704478411218,1.6113882678235678,0.3183966767833972,0.047811200826059226,-0.09496441628976371,-0.2646351223490101,1.5965783498565536,0.20913037311612204,-1.5389525965701312,0.45646195876046575,-0.35950072566219543,-0.7542541895393006,-0.2028330658830063,0.6013375629840879,-1.6547403112520584,-0.9629831003127763,-0.846053740823952,-0.6446585906216583,-0.5887657914516523
2003-12-18,0.8167214916309464,1.365354733927525,0.6106856798185705,0.16860874658241157,0.0297738069398713,-0.15257632352499784,-1.170827145870212,-0.37317223700774976,-1.498863761007888,-0.6303048425352032,-1.2505397214599283,-1.3148650040488743,0.07487156602227218,-0.35528753089522785,-1.0878872794234726,-1.2229851523727675,0.19825783667110125,-0.5887657914516523,-0.7274761035572331
2003-12-19,-1.0871287628187636,0.08889677318537924,0.6875153289220656,0.38389293908252875,0.06905549466793574,0.06926590046680614,-1.4664638864276331,0.4828934926777316,-0.33282878424869133,0.023253778279137417,-1.4267557727579814,-1.2183986456575875,-1.1291855711132361,-0.31001533226789524,-1.2972829606271163,-1.4924020510545273,-0.22074996855178197,-0.7274761035572331,-0.7556037900894993
2003-12-20,0.05490783999859601,-0.979369738913578,-0.007683255167814146,0.41296305747953305,0.26741076832985766,0.2537100069539633,1.4626662267516355,-0.7939870647658047,-0.36340867209898214,-0.0570907013100877,-1.3591971958800122,-1.0778248103470098,-0.8671449257808332,0.2673385052672227,-0.30635035687915807,-1.566424620986563,-0.056602712691161586,-0.7556037900894993,-0.7867833696362415
2003-12-21,1.2985276221310842,-1.4740471385338036,-0.11106989675440956,0.5003689768290793,0.41950187484117823,0.27506135530012304,1.1673183129637108,1.2638371811428124,0.08376344034804403,-1.619194283300246,-0.6566272959942727,-1.4037669910330604,0.54345961388679,0.47103891003616805,0.37349330739099845,-1.895855208240037,0.15415667064872243,-0.7867833696362415,-0.6378354414588304
2003-12-22,-1.20166766485162,-1.5626247915872506,0.9533054931887492,0.5909117104714784,0.5674851595351216,-0.14861132015288697,-2.163036926072872,-1.6494594476526787,0.353775269727637,-0.9852776678478923,-1.016569933242479,-1.6975283777723564,0.9319514067165994,1.0632797860461947,1.0613445827055712,-1.911823148820795,0.521209347568301,-0.6378354414588304,-0.5146830078433255
2003-12-23,0.25834520048575044,-1.339944836789853,0.2752107588455349,0.6683141746259403,0.6554155509031103,-0.5735029098781433,0.5802321862951585,1.7436507204733618,-0.07385476885426329,-0.09756767185532139,-1.1994565222584113,-1.2343606908625961,0.9865100364182141,1.8220898629734956,0.6088106462004838,-1.8940148904789529,0.6156417437593888,-0.5146830078433255,-0.48780168305065336
2003-12-24,0.9359395838189657,-0.7792263535138843,-0.5321947221744828,0.743137701650004,0.7106215879480027,-0.2233530185129999,1.4616826064399624,-0.9736223923651497,-0.16714727055179263,0.1223296114004958,-1.013522518452097,-1.4311021750705561,1.2748285151406924,1.1029717782266317,-0.7619165959205972,-1.6564184690124877,0.15151395600818363,-0.48780168305065336,-0.58134608871405
2003-12-25,-0.9060163962610885,0.15883248400870736,0.25639703778642864,-0.133677791248542,0.8607043632995437,-0.07234157368022966,-0.6375431841839341,-1.606938223494386,0.01933009217677713,-0.6612211870284522,-1.5848733511597233,-1.8063289626096553,0.6775600053244933,0.16128384830039205,-0.6579767807157015,-1.4555693593888537,-0.32510206031493083,-0.58134608871405,-0.4556700977760213
2003-12-26,-0.8953744372919681,1.046551274911921,-0.4365590128091423,-0.2881288002465223,0.9320249286097373,0.9347679883253851,-0.8787898968237642,2.215842552820434,0.21815944935935755,-1.0409925016839878,-1.7361037669655517,-1.0322410700364544,-0.27867357935027637,0.7812279009552092,0.07979942489293854,-1.2323207153050306,0.22041297359023987,-0.4556700977760213,-0.7227083725492863
2003-12-27,1.2709632210211792,1.2856364117037002,-1.1782921325854245,-0.48052803156182494,0.9499329455058305,0.9173951467201652,0.11091039390331894,-2.528162778591091,0.5222056262589272,-1.4023293029568442,-0.38946728618220394,-0.9641267732075802,0.3236963560788324,0.907267884008796,-0.2277634335945935,-1.0131547537492023,-0.5920327691827608,-0.7227083725492863,-0.7466240766249442
2003-12-28,-0.3878105634996897,1.666557532995472,-0.5816181943056317,-0.677885823723919,0.9550128736327773,-0.2880295981689465,0.8815988440253854,2.73912974989506,1.3101998419339993,-1.8883571200052818,0.8386737855144922,-0.04465051604241567,0.6961117251629169,0.6305729888662147,0.9288216354464955,-0.6921965196270025,0.052093570436213495,-0.7466240766249442,-0.10264052609652491
2003-12-29,0.58239393918869,1.712104664304689,0.9925847853263512,-0.8750211294394574,0.9557207440594497,-1.428308767768633,-0.11356878391418579,-2.703196918533789,1.9685499700554934,-1.5898460852349185,1.3468482727214306,0.1280483031607381,1.584972988080048,0.8010538892217702,0.4776001403968756,-0.547542622808398,1.7090916745138915,-0.10264052609652491,-0.007761077284847213
2003-12-30,-1.0796532081836856,1.5168899064434809,0.5688295093129918,-1.0114885790214356,0.9675858181003201,-1.059103375790633,-1.0149749948827453,2.1301711021752388,1.6389257255584828,-1.3253761963926207,-0.09228063859295764,-0.007960659990782274,1.7372158982143808,-0.048551164118774255,-0.03679929520598385,-0.32147003689384607,0.29053868055085136,-0.007761077284847213,-0.4028791194029772
2003-12-31,0.42129576859345347,1.1493605473892958,-0.8819231252951221,-1.085142973069445,0.9523777774734293,1.3121343553432732,-0.2952553893686424,-1.3142902116239483,1.174388816823409,-1.678046270146005,-0.7986016151737453,-0.660216294190662,0.7720351911354181,-0.283419767363118,-0.7639400784015322,-0.14881511045020676,-0.8158659694650654,-0.4028791194029772,-0.5172491786758987
2004-01-01,0.44283976334159325,0.7435978574795262,-1.3152346086255493,-1.046686565994606,0.8638996964570284,0.9835563134533548,1.0790340145750155,0.8264407425190888,0.4157994421048179,-1.7132549657622957,-1.2289019346528998,-1.622201431880611,0.303191467627254,-0.4814020728281228,-0.1333188338640961,0.16184560994650826,-0.07061861510190962,-0.43228784037219564,-0.22403435711436218
2004-01-02,-0.17474491720471427,0.3258383597890527,0.1325537865931373,-0.8891364865825008,0.7758380548392271,-0.9709325531966412,0.46778516758710004,-0.8303428401023005,-0.9005704796040762,-1.1856529508056757,-2.025350949558412,-2.13130902469263,0.06543678121517242,-0.8532293094795569,-0.7754688451430733,0.15581962436125668,0.2180810132774353,-0.22403435711436218,-0.13642649284588193
2004-01-03,-0.2918997846066823,-0.045432888025702035,0.5136771244588961,-0.8337190852805979,0.7179364934553348,0.12873343646457075,-0.1654926313471762,0.8073558158858783,-1.1243385978905018,-0.6608619544868068,-2.096012358522591,-1.106027457618479,-0.997780145828513,-1.25246333080346,-0.015586727310149505,0.11475696992303693,0.3819098432455734,-0.13642649284588193,-0.054024749560873005
2004-01-04,0.3890355462818854,-0.03254096715068735,0.6902223980994513,-0.7637149352691355,0.6461926628853581,1.3568640811707924,-0.7364104478437002,-0.17821309543438457,-0.7940383593736465,-0.4592990975847321,-1.377599706065521,-0.7687921783713175,-1.0606788355321264,-1.4335903768592506,-0.8927331628435491,-0.1993163200261365,0.28390685666785603,-0.054024749560873005,-0.1303702152705571
2004-01-05,-0.6038356696019285,0.05078042316256234,1.418840171323594,-0.6396139216737139,0.6166722306119259,-0.8285355170675698,-0.7649604880916645,-0.3539822263423438,-0.7926422837034398,-0.09387494422473033,-0.6928685977830733,-0.5023511108008414,-1.2545681587856559,-1.5006351669169822,-0.6094672907902,-0.46545882559557633,-0.24155731059292007,-0.1303702152705571,-0.28296460164441695
2004-01-06,1.1331921182825981,0.13148855098794038,0.20881517920930853,-0.540579699496246,0.4961542588891742,-2.115026144621399,1.2638467298948817,0.8333492167147478,-0.6185267884804966,-0.5827913474171075,-0.2010395461970914,-0.17164822904889546,-0.7599581266788692,-1.1382221947680553,-0.04006068790424808,-0.30506263214289636,-0.36460681939829775,-0.28296460164441695,-0.11816455035260326
2004-01-07,-0.9595510189906054,0.09489791650698211,-1.009276420053695,-0.44591496436839684,0.35143027947974653,0.46450856965924664,0.8190730799298653,-1.1299992239054206,-0.18532631153544185,-1.2858513236540798,1.286214646731764,0.06316313330449452,-0.5642680110084298,-1.3808542931183216,-0.18380950441309457,-0.1997095975921746,0.536168645255834,-0.11816455035260326,0.17787259699552682
2004-01-08,-0.5665850735694591,-0.1392957461950288,-0.31392460809272754,-0.3004417676656098,0.2388769031433237,2.0469525400134194,-1.7979725621370228,0.8278280384062521,0.16663908348333334,-0.7887212429933759,0.856931860897854,-0.18081547572497234,-0.31840028519957303,-0.9254743025195544,1.0363780004364775,-0.008729412557854982,0.6671259231630121,0.17787259699552682,1.4883965450123626
2004-01-09,1.8826988199181722,-0.5126906520324291,-0.28488065056306927,-0.17135359051128563,0.09531739264083314,0.5487202351533716,-0.1880757103485233,-0.3805241841117043,0.21643734571155113,0.07468106724433692,0.22225333965838134,-0.13910911882824026,-1.969428886102193,-0.82992586111677,2.49016500176933,0.42009927714424367,2.9247710572669057,1.4883965450123626,1.932909981690318
2004-01-10,-0.8368119663520661,-0.9450115784128059,-0.37835803007621505,0.02207671662966162,-0.007838836037075175,-1.2422938167656923,0.8377091973460513,0.08892469891779226,0.22040147176880556,0.3558669253649294,-0.11189288409557495,-0.29726501584021825,-1.4591389348096764,-0.8027473908963745,1.0663596672376119,0.39809558573681325,2.4602601301930327,1.932909981690318,1.0337234854342037
2004-01-11,-0.7174676525824158,-1.3365100004819133,1.0309922703860328,0.19241401685173443,-0.11809925911920335,-1.0381732954439937,1.172576569093386,0.01205114256850533,0.7031966276832151,-0.8758530215482383,0.1822674731660828,0.07229336678937248,-0.5437654605991511,-0.5828781596984114,1.974552604100277,0.5424075224983687,-2.7019230666967813,1.0337234854342037,2.044962737152414
2004-01-12,0.5809408816615298,-1.5624426986152748,0.11966937774036428,0.37602145400276055,-0.25585819701516443,0.20390807621395324,-0.8322159695385092,0.06098510268857907,1.4372388666137372,-1.8746380967734093,0.8277963389244449,-0.3668393466181823,-0.24816661046435184,-1.0105188995877836,2.5503179144940664,0.6993476586676479,2.440772393849957,2.044962737152414,1.657380126291946
2004-01-13,0.298278695820741,-1.5546560314295983,-0.9678106382490247,0.5735178061163486,-0.32029484238507944,0.6133759070465042,-1.9574108204166083,-0.08850708251837226,1.2958595854844646,-1.8116642089198993,-0.21044244553120736,-1.43106434089425,-0.37824693116792274,-0.6584358155057334,2.4697533097284174,0.9475668811280488,-1.7661441095966364,1.657380126291946,2.271076410545234
2004-01-14,-0.6503130442038427,-1.178859034920895,0.18242834898250204,0.7789636022535127,-0.3703625584467704,0.14727676057419223,1.5968763130224066,-0.006476584664761904,1.2348803148566065,-1.4624717937001424,-1.8321566902350204,-1.6731620068417001,-0.5863906794155495,-0.8305232646739281,1.395583793385528,1.0908813527135734,3.1745489484915064,2.271076410545234,1.0149609936649018
2004-01-15,-0.4829766038697578,-0.554124670210934,0.778157530628289,0.9791738992164187,-0.4081293778818972,-0.19040585345731534,0.7935792103670053,0.20489281238542192,1.86951850687576,-0.34211159766955934,-1.7858105278421472,-1.8081434464801809,-0.16696468581893353,-1.5198450229003997,-0.6328205702193215,1.1064514134464412,-3.203376580366313,1.0149609936649018,0.3625151919182069
2004-01-16,1.3663708908675627,0.14085507954999035,-0.41719028983661804,1.1604221240608612,-0.4262762740245351,0.09132572616937575,-0.49795545600265034,-0.24254516712330254,1.859329480255258,-0.22807083697383915,-1.7412816568574663,-1.8350151934884762,0.23939842167735575,-2.332706771481323,-0.7422925677040535,0.9990554628353663,-1.0448616456877313,0.3625151919182069,0.5293658874328009
2004-01-17,-0.9432680679919705,0.7398447859252616,-1.2355881267443447,1.2804422093008399,-0.4405282558958131,0.302077166803282,-0.7750000655109963,-0.0394271581702618,2.118562017719035,0.5278178719527229,-0.9873986338076338,0.2744396774185717,0.3297200109141106,-2.1916784218661154,-0.9475125510755054,0.8617301092144657,0.4783851410856121,0.5293658874328009,0.07774069498140979
2004-01-18,-0.03771742775824561,1.0967718145051955,0.003524020734792733,1.4239953750151026,-0.48244610562662765,-0.21408349528428833,0.30025019596598157,0.4981965508419194,1.3045062211413896,1.4040103700875837,-0.20627552657043413,1.129608523695482,-0.2418002227485791,-1.1431981115696188,-0.9381748955865813,0.8943740800027344,-0.5628811665995173,0.07774069498140979,-0.1296995525778395
2004-01-19,0.21016697626120942,1.095539107128914,0.5267019020870539,1.3891081710198865,-0.464735616977435,-0.5603166555743839,0.6557667842994206,-1.1182771969499188,1.073541291925113,1.493083977220003,-0.3715059331323074,1.400998041601286,-0.07283709648231321,-0.2740617570090056,-1.183300086240276,0.9326831686161812,-0.6305489772189579,-0.1296995525778395,-0.29250733013272795
2004-01-20,0.5302908051073958,0.8079300818032105,0.4118327217039974,1.280439749934246,-0.3458164327393501,-0.15577606354602955,-0.3153848385718301,1.671087942168683,1.1565895858411774,0.40425069933502666,-0.05496046997389691,1.4255120586086893,1.751950518718666,-0.050719578075604496,-0.6943136878949542,0.9169912569418481,-0.10140948089474072,-0.29250733013272795,-0.35651623214524747
2004-01-21,-1.4713295533148436,0.4204940583386632,0.9289010718574573,1.1119082689680206,-0.25783582969388263,0.5223453504750292,-0.05897752790266312,-1.799712089193435,1.6215350065790717,-0.8088795831657939,-0.48374809322861134,0.7090242112399188,0.5698377237892714,-0.865231003955169,-0.5423296964513531,0.678211008413146,-0.19597340531806307,-0.35651623214524747,-0.2854819086737385
2004-01-22,1.5818519989113686,0.07069363449041904,0.308339134573182,1.0144469099894509,-0.19413151717472413,0.43159465892252075,-0.3576773392237414,1.5187152590655857,1.4473046523324768,-0.9364775753522122,0.13863646131398857,-0.030390572713986427,0.0712861417235784,-0.26079723523589604,1.967242209409525,0.47339618906823194,0.3983601459276936,-0.2854819086737385,0.043052696837643824
2004-01-23,-0.6330271257340548,-0.2621989942647092,-1.0228988133107184,0.8886465220641769,-0.08751273460914603,-0.35035948985191856,0.0634303356686632,-0.9667855606600941,1.5187546901652038,-1.2443133478605486,0.2362301096520478,0.37969035746599605,0.6766974094024336,-0.16652181331882548,2.0323787705897804,0.5931737705406267,0.3610746991913147,0.043052696837643824,-0.012641267204482207
2004-01-24,-0.5708335120202728,-0.5919123538642187,-0.43691811839111805,0.7601182222975238,-0.013098925979557922,-0.3842753101498014,-0.5800243707941215,0.4246296122252336,1.5361367282899365,-0.5877531391945803,0.3093460972502222,0.2498651644374047,0.6221265485587116,-1.135032455253726,0.45803697202916993,0.41717302683908447,-0.14143102275246097,-0.012641267204482207,-0.16652609796422282
2004-01-25,0.9422595037298466,-0.832195253032757,-0.3853203044346335,0.6236734551299121,0.05217054695486136,0.29273754179604017,1.015671609958796,-0.19842369789327802,0.813115060692945,0.7737089986003751,-0.8193901227658182,-0.44440076053185035,0.3179159975587181,-2.096136799396123,-1.0552332927070567,0.06290527707581783,-1.066048053348865,-0.16652609796422282,-0.2728406037957826
2004-01-26,-0.6541339073617546,-0.8371170856407878,0.10403546907530617,0.26563434145241194,-0.012099691631790933,0.3530746315438603,0.7051213717296395,0.11851224837876381,-0.23953376765988715,0.8065100158656135,-1.7746836101104322,0.7549191442680123,1.0103673308906387,-1.9934365161225966,-0.6688631051695121,-0.5187176356186394,-0.3891835148074893,-0.2728406037957826,-0.3485744597346334
2004-01-27,0.24406769600237738,-0.5397623877475121,0.20366031943790625,0.06544695177927447,-0.44911163954583105,-0.18493957112630927,-1.553001242077449,-0.007502697960457942,-0.22249586847354832,0.4759511115425484,-0.6264545239954775,1.0603046265235496,0.3443572205519789,-2.048003982352518,-0.7760607047724182,-0.7306298956033995,0.0020752091163132934,-0.3485744597346334,-0.40072010672283115
2004-01-28,-0.48712714082621655,-0.17373370206815006,-0.3440974026480635,-0.014558723988447358,-0.7348006857809314,-0.49480742680784884,-0.04059734316969991,0.16440531430250124,0.591247789941969,0.2318279439224034,0.8904311381996846,1.7008767639433067,1.1199462027648714,-0.5226287491857787,-0.7910145268483991,-0.8071480289480242,-0.17015271117128364,-0.40072010672283115,-0.4441597057306827
2004-01-29,0.8065805641399613,0.17217573541520348,-0.1319500952641435,-0.11755219100975497,-0.9743955000817517,0.2438527773408342,-0.10036687017919914,-0.6481206251977321,1.1404358185405026,-0.6507117356761464,1.5610551856214452,1.5825138689643894,1.843328782798842,-0.41613891350408777,-0.14246416676443005,-0.7056397171021497,0.1479756750816367,-0.4441597057306827,-0.5016904286973037
2004-01-30,0.013580009580337487,0.43568571081910834,1.1166164115570376,-0.20279824059689922,-1.1739344035783221,0.3108492303289624,0.4669487294234075,1.0197878055563983,1.2076464838216927,1.5509675265307876,0.9862060996392709,0.9440673933129875,2.0930550097927063,-0.0400444157903227,-0.5049009361811253,-0.5393663962730536,-0.1946608514469931,-0.5016904286973037,-0.5762755171199025
2004-01-31,-0.2677190202872534,0.5935862191683362,1.1331561362043447,-0.25078447563284095,-1.3453462993299887,-0.4115508276465084,0.7295581845204263,-1.1676161964955656,0.7991865353669121,2.233096196816193,-0.6468040065237451,0.5534155205736455,2.287314450801117,-0.08197956232764354,-1.259506327499708,-0.5979553957001361,0.05988992299845881,-0.5762755171199025,-0.5321136852981146
2004-02-01,0.22150295949234572,0.5929527582258091,0.00587581828212319,-0.3455309426347514,-1.4626075751546528,-0.35542577019820476,-0.2834458717751606,1.056290784851815,0.5924619506488246,2.1447473280887253,0.44533122444027207,0.3990919772205577,1.9733452963989733,0.6467944171720251,-1.2274135508496498,-0.6736111386450705,-0.15230440341438786,-0.5321136852981146,-0.6359421096581195
2004-02-02,-0.22650738889893818,0.4763543997251484,-1.239359110996263,-0.26941770948514954,-1.6042783455437308,0.09462144780161906,-0.2029964251876555,-0.827397105419964,0.4368792177430541,0.2223630643694615,0.9211106503617448,0.4766561620610721,1.4764797664335132,0.9707412048649267,-0.8641054526991229,-0.629858632691584,-0.2540808386155092,-0.6359421096581195,-0.6401908831977717
2004-02-03,0.03637897215879322,0.13410718249396764,-0.5414776171789498,-0.3101140830607415,-1.544550834729706,0.010438872332404132,-0.5577331830886979,0.45278269092061324,0.45017555630841705,-0.7815598375035858,0.15802139601090928,1.291070650068108,1.377684488570392,0.9847186539172835,-1.00608299325619,-0.7293082811269213,0.21847094180906582,-0.6401908831977717,-0.7130727162563125
2004-02-04,0.5012172886676007,-0.5036288958147422,-0.35036171335811156,-0.35669090168879664,-1.5435953171641992,0.17247895658460963,-0.08228221413347475,-0.0010749042612492237,0.3799508844352278,-0.13394617304183198,0.41366333704671815,-0.2152632972322768,0.70623019747871,0.6425021875590875,-0.7956921676950187,-1.0258242025025508,0.09419880032737635,-0.7130727162563125,-0.6919355876090456
2004-02-05,-0.6538185444366722,-1.0497025863616363,0.0992593428087904,-0.38910146185426403,-1.5226964219906625,0.2146973968181593,0.40114865137640027,-0.3758238043262183,-0.45663041224455064,-0.10471158063710537,-0.29480546826406706,-0.2551674823512334,0.7070705096406673,-0.017075759377812028,-0.7654471728753275,-1.2493649278771293,0.138523300029285,-0.6919355876090456,-0.6911155224132658
2004-02-06,0.5451586385102969,-1.0478033456381939,0.016682049800225786,-0.4665663501019755,-1.477804302699398,-0.18309589275208143,0.2967561102756925,0.715344801546957,-0.9662442469420218,0.4742501224083982,-0.4947516911076377,-0.12885967795568962,0.15748909337776681,-1.3816562923284235,-0.9556153749419136,-1.3499223546919352,-0.3318198195172262,-0.6911155224132658,-0.6649528991672357
2004-02-07,-0.5721876672849058,-0.8869831788835154,-0.5505073133455428,-0.469247429704937,-1.4064519455947817,-0.16622439204370168,-0.12018116387691588,-1.0697897559895504,-1.5788937614175695,-0.06171473553566049,0.22825253788896752,-0.03814622010213768,0.3782430522283966,-0.6592328422234031,-0.8324460510322921,-1.36733715473033,-0.060880431417826744,-0.6649528991672357,-0.7272994543168526
2004-02-08,0.2823131542433055,-0.7028069983008646,-0.08250293225312746,-0.469423171652264,-1.3595412302024237,0.2928240908392634,-0.2618493566030219,1.2167077626237144,-0.8053867494474141,-0.750924886822689,0.5806699152329375,0.017309744851603925,0.9331748371833554,-0.16822114012584705,-1.0876814154850725,-1.3512743692646776,-0.3927251292209872,-0.7272994543168526,-0.7607887529283964
2004-02-09,0.3477636972305304,-0.42169192326527716,0.4401739593337932,-0.42416770999705483,-1.2127749373549175,-0.13749886560608773,0.26149793637915025,-1.1746374990574584,-1.0208698106258793,-1.0589146107592018,0.979854502536354,-0.6633303119821695,0.8291587231615737,-0.9332601536376928,-1.3893987478267376,-1.4291741264069455,0.1612182373890199,-0.7607887529283964,-0.9074099240358892
2004-02-10,-0.5509562026209822,-0.048473783128549754,0.797811276483624,-0.3859212669812568,-0.9553139055785792,-0.7666993874952444,-0.2618113166902726,1.1086819601937574,-1.5400732942916069,-0.08799269414448767,-0.11856946243290561,-0.9847417512235651,1.3535728654295354,-1.7314758019110028,-1.809040185102586,-1.5991321513018506,0.15367400100582995,-0.9074099240358892,-0.6689017273423544
2004-02-11,-0.1305380834205451,0.5243406477402167,0.8774478862007783,-0.3430583593579678,-0.61958043691336,-0.02477850464186043,-0.32983423870829676,-0.91933955252496,-1.467954882240354,0.5952868384650475,-0.7603335956923658,-0.23896275858024377,0.9981056819770501,-1.7094486135095623,-1.4144174014279616,-1.7908560791730377,-0.28065031840424937,-0.6689017273423544,-0.614471331621007
2004-02-12,0.35630343117317004,0.8115400811185305,0.9972329317721443,-0.2919758700915067,-0.2141290095278793,1.1472511155510459,-0.16871109036925128,0.5554284721563856,-0.7921603423258949,0.7697705632961578,0.5952755525859944,0.10434502992269552,0.41187242677644315,-0.4792182621202239,-1.0978493949230215,-1.8824750037025295,-0.22799703746018632,-0.614471331621007,-0.8034482651028616
2004-02-13,0.4721209704943355,0.670438456408385,-0.3582957978545279,-0.24333539313154626,0.31286915106690805,1.1073045303626754,0.19329178798421615,-0.416903380233314,-0.907823548731356,-0.2902592051052016,1.457946231211988,0.8243574521196511,0.588122370899689,-0.47816120344777074,-0.738355999765854,-1.8532318962378997,0.411930671950946,-0.8034482651028616,-0.6936998336817244
2004-02-14,-0.34990194132314806,0.41558691779874396,-1.631797223539443,-0.1720734603227714,0.7378082863907653,-1.019411023720318,0.7334532478412762,0.6377750619358898,-0.576887301528943,0.8183133752244275,0.9982453221675277,0.7980625759432715,1.1631547718613127,0.24649782453856112,-1.154168291972447,-1.8511905825141957,-0.38208524411961053,-0.6936998336817244,-0.8792660866081751
2004-02-15,-0.23198016467980437,0.18051214161936951,-0.5769707579414944,-0.08902772647929122,1.1166123369637344,-1.4438245906551972,-0.03349173112844971,-0.9832076670250373,-0.2915585102958695,1.195084026937383,0.6591602640367652,0.7068495861794799,1.7035521561205176,0.9196761119964154,-0.520048070408833,-1.8578968427238265,-0.032358252051960294,-0.8792660866081751,-0.8507667860479186
2004-02-16,0.24427976740900392,-0.09520104149157059,-0.40629739745834725,0.006545427266448071,1.4226433723843726,0.12303714355808754,-0.41525653515809036,0.9900186677278926,-0.19192132590885133,-0.08254422153328665,0.5883397849859078,0.24392869047154603,1.315970406005939,0.6831762333859286,-0.4324669270737569,-1.8249766549371564,0.1911495764937417,-0.8507667860479186,-0.8476702381570463
2004-02-17,0.8631468562075292,-0.34636393780454783,-1.185957044132683,0.01638231878943499,1.6394412256122273,1.3310080972356486,-0.39241158506775903,-0.7374068779190797,-0.5503179245960754,-0.8325495328855714,1.0824167047749562,-0.3027921561802243,1.7777534781057776,-0.3010899644660782,-0.8720888871230835,-1.7515823247096727,0.3329822046155213,-0.8476702381570463,-1.0420641174364378
2004-02-18,-1.1348263217261303,-0.5357002239498988,-0.15941864494281446,0.10006474411728884,1.8073330564355063,1.0129608395928291,0.1805855514013077,0.4083868467541145,-0.7951119786113306,-0.2277297347422125,0.06361029297822836,-1.0561439883101262,0.9323199247294629,-0.6210412728018374,-0.9454261826637209,-1.636892090181507,-0.16828914251771152,-1.0420641174364378,-0.9310995002447703
2004-02-19,-0.5298220591517322,-0.5824541719557962,0.9668811054000268,0.11129589755363087,1.877308892850913,-1.02193813159519,-0.028382075499939353,-0.12589540746000386,0.23611768434114816,-0.7598765942136227,-0.3344662503227933,-0.8576319133080592,-0.1988277774250732,-0.3798824622854669,-0.41850082609711353,-1.540482033015931,-0.13955562512411201,-0.9310995002447703,-0.7778628461897804
2004-02-20,2.2502046278175745,-0.43601425296434754,0.9354231840495714,0.1691745692068452,1.9384843520855464,-1.8629937831653767,0.17277743929429587,-0.055845214080097044,1.271364846693431,0.6853304451075816,0.27431508010176103,-0.19240579051857132,0.44349654640518005,-0.6984595480046025,-0.04587681833981663,-1.389910016856511,-0.2538589166774152,-0.7778628461897804,-0.6535028273684824
2004-02-21,-1.3155966922911753,-0.20559501460710652,0.24645636075058494,0.3500716097040148,1.9908513379491013,0.2637700424276196,1.205510993961874,-0.030194563277762824,1.1292240295674214,1.2701581226216707,-0.09897248394377586,0.44391500575330517,1.1541507756765903,0.39851015393049916,0.7957076438702902,-1.304860317883855,0.7670402577163978,-0.6535028273684824,-0.5848398664014405
2004-02-22,-0.05468329480593105,0.05859272367098155,-0.5836205837754397,0.4084545053243027,1.9331343892176491,2.399581277896742,-1.3847118402780358,0.42631980865858954,1.61919571594437,-0.16848951989820837,-0.6149852350738487,0.5717429266545214,1.4218334878175163,1.1013575233539616,0.6133240626346916,-1.1026343212567624,0.38475947681675743,-0.5848398664014405,-0.6695877419107193
2004-02-23,0.03971936619573729,0.25820413498637174,-0.8748246151469169,0.4429367906598405,1.8949404053685235,1.2541056390123009,-0.8728732709364407,-0.9423581540443483,1.5866037348642237,-0.4260772351285956,-0.23667870166016172,0.4904219452642211,1.477892341924951,0.81613457592371,1.390746765563796,-0.7184756208591176,-0.2026815954434577,-0.6695877419107193,0.07822506704196654
2004-02-24,1.129824976416391,0.41345867300111033,-0.23809260295437928,0.4779495683224913,1.8052631121452807,-1.9389370904061447,1.7850701819661146,1.3971638835114395,1.14648923918607,0.8846472732118259,-0.2867461486031164,0.6804229841997892,1.7021886693770145,1.7302350001242257,1.4607681974648323,-0.2960795569539821,1.882704968533659,0.07822506704196654,0.058369799094439206
2004-02-25,-1.6913881155565273,0.513315790303544,0.12727162630811387,0.48496220841579096,1.656019105355304,-1.5872626366160953,-0.19695065202461562,-1.3703687716680863,0.8521013874128228,2.47435340458469,-0.4902300606745614,0.6991557289908387,1.6374142303804289,1.7608300241828934,0.15494106367997723,-0.06751504227087293,0.000646466765064928,0.058369799094439206,0.6062618494026762
2004-02-26,0.6325058183885175,0.5713410671534059,0.5885613223997537,0.4797018116375263,1.4506356266668234,0.863866013917774,-0.9330710372263167,0.6546268636030474,0.8518834165276933,1.511199233233845,-0.17790575581184964,0.47598629204369747,2.4751071435772944,1.4821423052533291,-0.024524333166646952,0.06677609160963277,1.9811719390826752,0.6062618494026762,-0.2825340579452118
2004-02-27,0.14540866556447357,0.6129696712122069,0.14374809596413807,1.3082886465875814,-0.16761199964661994,1.7134967005633646,-0.05825727833955057,-0.023631746468527424,1.0970417518544033,-0.14486958746204304,1.1317770750166005,0.7559193098881697,2.5898690623424887,1.0746349615271107,0.14805160970455453,0.1919051452440937,-2.3177640206077252,-0.2825340579452118,-0.383224264943136
2004-02-28,-0.26524538795781927,0.6299177247544608,-0.2204124001732192,1.425694860841828,-0.6126021932797793,0.45397093700108615,0.4219736882412777,-1.0891653876982503,1.2376227831092494,-1.5636331439867497,0.8958223999769059,0.1562078175840797,0.8849391710193886,1.2064773975151848,-0.2439849410032166,0.23014329116885213,-0.5220662585583488,-0.383224264943136,-0.5741310190947754
2004-02-29,0.8743326339771651,1.561063404338853,0.3298089684777471,1.1971961915019436,-1.110378908836258,-1.9857834131316061,0.38666435876811667,1.8284905635020698,1.3426681572801442,-2.6026593931184103,-0.8671832250749961,-0.7707137792090246,-0.39272332645903074,1.225164591324348,0.0663899147669865,0.33239061440007917,-0.8382731209111512,-0.5795396043388763,-0.08668932368365291
2004-03-01,-1.5362940724992624,1.3558946540255497,0.07557112752208957,0.8888071407250032,-1.5449384406808913,-0.6486269931646543,-0.28728148438696555,-1.1695270478216293,0.733457894620451,-2.1270705886754455,-0.7418053655420609,-1.365238649626346,0.5708034646324014,0.9898167724701825,0.39869813740851756,0.5313909464292639,2.162435393609638,-0.10705759567203917,-0.2516231962972564
2004-03-02,1.2610323202247111,0.8001848071415213,0.3864496489823573,0.6298113257671897,-1.7279638868051608,0.8890177310968569,-0.3008552748930463,0.7152230902296381,-1.1595986408389514,-1.5501998579678689,-1.0643596048704829,-1.3258739332018856,1.4499849144826729,1.2824252202434,-0.1679677528602393,0.5652256337981152,-0.6139420520352402,-0.2516231962972564,0.2829816176510788
2004-03-03,-1.1221348159893765,0.06034297445547419,0.45754756691288645,0.23800110073981626,-1.9353160735783879,0.5015729206203697,-0.8658235844017561,-0.22430939907003186,-1.7112219343211974,-1.3026126946570096,-0.14553639053326675,-0.5683303122686455,1.6205462487239533,0.19658638981062201,0.36301822114619436,0.6297402786494374,2.198483958929789,0.2829816176510788,-0.3882999387642069
2004-03-04,0.7420849695703251,-0.6936485122776707,-0.40847150389676584,-0.3152040519462295,-2.0597724044455865,-0.36439015886238346,2.4304888121950814,-0.029444168669965323,-1.7133953063627703,-0.716467528007103,-0.5085590770921474,-0.7061896484955631,-1.3734462201714308,0.7211198189046482,-0.7234956169598218,0.49820481710487113,-2.3988709410800553,-0.3882999387642069,-0.4013984121532965
2004-03-05,-0.018853129082227124,-1.2370082573282455,-0.34464428606893566,-0.6997199670741558,-2.1345503706507194,-0.18753265113448334,0.23539413238109658,0.12173598416043804,-1.7376193387991639,0.02648680684009841,-0.16016777704802015,0.09692253610886893,-1.4778606147453348,-0.9148394712401932,-1.1054983128739069,0.33351351713058586,0.28755376718967984,-0.4013984121532965,-0.2854348250907746
2004-03-06,-0.2307530588425646,-1.6093664066437203,0.1978857417032843,-1.0505674771105695,-2.1607319104958016,0.09823700183863163,-2.4926627036278877,-0.06501681686046512,-1.7932390465751316,0.27731494360568604,0.15695378781749544,0.8438134827777539,-0.8680240075526797,-2.012363890597697,-0.21652578094629688,0.27200736471818765,0.5195102357275783,-0.2854348250907746,-0.12065880988711257
2004-03-07,0.5765044127573068,-1.9205695689060727,-0.6774176888023858,-1.2225363117852104,-2.082970552002861,-0.31038761624755634,0.5084467347351669,-0.12327278471253825,-1.448556941162829,-0.18295469588267338,1.1816002767704374,1.1854394425623775,-0.31912019510949974,-2.226349484998794,0.5254893182201323,0.16622056775530133,0.1455286084916942,-0.12065880988711257,-0.3177400730878485
2004-03-08,-0.4813599776907718,-2.077207986437927,-0.3789091083828642,-1.4270030927492983,-2.0644713972159017,-0.5009873600342057,-0.6469688275438761,0.3580504899379347,-1.0063980541027397,-0.21218931455686044,1.9088952593530935,0.4729542193003874,0.3186003987627298,-1.0652955523842738,1.2734627804727792,0.1353581941167493,-0.2659255804188737,-0.3177400730878485,0.19302990025677974
2004-03-09,0.31939464650053834,-1.840385134720704,0.46663241052208004,-1.5995862495331825,-2.2172036179458354,0.5099425843267446,1.1850081892052173,-0.6833455365167073,0.01895181282203988,-0.6242691442271799,1.226952599768207,0.1978025226947009,0.7045343708877881,-1.2787258052750317,-0.6555888214563301,-0.003986752792716307,1.3648375024683825,0.19302990025677974,-0.20985554781632124
2004-03-10,0.19657195754237236,-1.2180149477653464,-0.18028167656501734,-1.739228666028785,-2.142308151573245,0.9857881847173282,1.6758973530632106,1.0832645287097642,0.7676031211229923,-0.38462489426588004,-0.2241483963162664,-0.5188423791820299,0.9845494687677452,-0.7922789284308084,-0.8152714902831968,-0.15224495434581176,-0.6353800818433615,-0.20985554781632124,-0.4910042346456836
2004-03-11,-0.7848904165318065,-0.580198963623544,-0.4969617212350456,-1.8568700973448617,-2.0195307278449453,-0.03881030038740947,-1.0710170408533837,-1.3619372318751588,0.2899687066735449,-1.2776163258698963,-0.9573232506182155,-1.3223404181676421,0.9560717053237335,0.5369373196532691,-0.15608049658558076,-0.20435601030872239,-0.7142715728639641,-0.4910042346456836,-0.7900625296614877
2004-03-12,1.2325274429693427,0.045348900706315816,-0.5833729573804827,-1.9416676734029963,-1.8099328997296433,-1.3020147765056842,-1.643541010148123,1.4940110688908632,-0.2079109686398321,-0.9140264233224479,-0.8763873750465988,-1.6273814288946307,0.056496357849895276,1.4080561162293543,0.4298757675679545,-0.1326993100701309,-0.39633324659226393,-0.7900625296614877,-0.9034232466016785
2004-03-13,-1.9278213017420123,0.5851954654157986,-0.47162505445469305,-1.962447357819472,-1.5265137005831555,-0.7894757404480593,-0.25015387104417924,-1.5323505453712358,-0.9051633600477749,-1.0920337408612024,-1.2750335107947957,-1.209760490022002,-0.807977672812127,1.445847348674703,-1.5093313549076852,-0.3311343592512829,0.2282004295105535,-0.9034232466016785,-0.8586731448301969
2004-03-14,0.7048811388648178,1.0143234804402057,0.9261146013686464,-2.052893861664354,-1.162195837707505,0.8478884924941842,2.1918197328831837,1.345240448815996,-1.1719435663349898,-1.2175124591272222,-0.9689002339367684,-1.1639148396470023,-0.7173190256700492,1.336460092392439,-1.4512009096986866,-0.6803684024608029,0.05441273781328962,-0.8586731448301969,-1.0631606534833828
2004-03-15,0.5160009597218606,1.0233603705258922,1.0416914018395826,-2.080010422125288,-0.6261532218127953,1.2613778914737765,-0.11060601521528679,-0.896721472832028,-1.933344413838028,-0.22546381719518876,-0.8226416494238293,-1.5900241400982589,0.83170325333796,-0.43634321858810743,-1.326133870345032,-0.981822920045875,-0.3947127881187196,-1.0631606534833828,-1.1033136221643212
2004-03-16,-0.6963677823314216,0.79320723997711,-1.2396615119673726,-2.104667198559405,0.08686440943468839,0.3021311707989657,-1.8292217497481167,0.4512271395035437,-2.116498907413647,0.29394223645197426,-1.032720088308342,-0.628585056411737,-0.23159044687523123,-0.23209924490275582,-1.1458620826859338,-1.2021366202056705,-0.2523170121581503,-1.1033136221643212,-1.0999426841094833
2004-03-17,-0.3267382196703491,0.5957713251804244,-1.5224189469194809,-2.0275191394017393,0.5016516669201836,-0.9487264596553889,0.25970352298762484,-0.10106687653487234,-2.0755894869286973,-0.20034327603315835,0.7381975353642215,0.06258878236352282,-0.4523578137867378,-0.058409379504305185,-1.1854908569556344,-1.2684627137642501,-0.13349079992233429,-1.0999426841094833,-1.017390113855416
2004-03-18,0.722399296010157,0.46541165362835324,0.8548307233224023,-1.8664138400242916,1.0961253449167456,-1.242722538317489,0.640615645576001,-0.086359544179325,-1.4300138140426895,-0.7182796406304768,1.1382185882415745,-1.2169413751362668,-1.3737144728793285,-0.731089316127896,-0.8764118587946926,-1.182404213183424,-0.40946844094179713,-1.017390113855416,-1.1658946386277458
2004-03-19,0.09746968031837497,0.4189112482431072,1.478583874393095,-1.5080657866392309,1.57363142516169,-0.22713208260376222,-0.33961170249413,0.18621510236236868,-1.0645506986612332,-0.5986075980214292,-0.5455252413292626,-1.7716403026598557,0.7215620636346787,-0.5492713780128322,-1.3848064312001849,-1.2413858404415838,-0.42016034174398526,-1.1658946386277458,-1.2973973285966416
2004-03-20,-0.25570402175728746,0.44267640164831085,1.3413559781897342,-0.9828268845032654,1.9241914333716839,0.7845031604910827,0.23493291019872758,-0.19876149800498197,-1.1103163121060782,-1.012856091055379,-0.9466150988894423,-2.0315061711540077,0.24913891032033703,-1.1924480044932069,-1.441314083675105,-1.477864876769099,-0.4094703656643422,-1.2973973285966416,-0.9844250229935793
2004-03-21,-0.8372375356207387,0.5739104666994265,0.7625043957928552,-0.42684871179589357,2.080070668200693,1.0712490753454385,0.1823407315546792,0.04901628694533691,-1.580843803113101,-0.222485584224798,-0.4204075964747901,-2.124776149530341,-0.48497709610922884,-2.194425452737996,-1.3256187964615997,-1.7844995698654356,-0.10517843541819626,-0.9844250229935793,-1.1089567613624662
2004-03-22,0.9204757688912759,0.5662282710282369,-0.227300755486523,0.04969978541385963,2.1446235533071105,-0.056908407688083376,-0.5460990494803297,0.27670474451197585,-0.8582563608087524,-0.1471098063282345,-0.93578022822435,-1.8410476912384663,-0.35853453644624583,-1.4378242312740022,-1.0381829848910458,-1.7583668303334787,0.30097556438633744,-1.1089567613624662,-0.7806720611859232
2004-03-23,0.08633901367463351,0.5077372436575546,-0.35481600408032543,0.36588954046149563,2.1725545009728124,-0.9063387615477401,-0.08268365406355548,-0.7922104031375985,0.03623848992735215,-1.2088358634427612,-0.5571253953861688,-0.9299070735983433,0.12750882125200041,-1.149998180897368,-0.4671668222050725,-1.6458112976006334,-0.2532486775377251,-0.7806720611859232,-0.6953999674158305
2004-03-24,-0.3398391797382403,0.41879350591281006,0.2427142561204203,0.6661317886672096,2.139768290352169,-0.33424830706812025,0.30667432710159065,1.0783998068270122,0.27119113868653555,-1.9335261899465839,-0.9502259070220773,-1.6822450884291424,0.9628189585296367,-0.9271657789811231,-0.7918179357372507,-1.650850478441112,0.8527359543549013,-0.6953999674158305,-0.8123420112528638
2004-03-25,-0.5240127270696593,0.33785544750995056,-0.19128398543942768,0.9010356375696161,2.075837639478155,0.38668107841846083,0.06914154661964365,-0.8797032553331731,-0.2605662501958464,-2.1767502899897115,-1.612516336713121,-2.276402033338654,0.3573219968207368,0.009119565097044476,-0.8189125646738102,-1.7558497835471698,-0.20548403453127675,-0.8123420112528638,-0.6114363903510623
2004-03-26,0.8517411914881025,0.34104978164933264,-0.8884578365329425,1.0900498952741668,2.0167009649120162,0.25948281719351796,-0.5350116359118577,0.43881483046431474,-0.3705539382940386,-1.5074435025600312,-1.3772190426177287,-2.3712256988497784,-0.37555814055197845,1.2959021386913705,-0.2905712409945252,-1.5925864120025686,0.3558404352471693,-0.6114363903510623,-0.6054883765334212
2004-03-27,0.29328834330977127,0.3983066864998446,-0.9829268084731256,1.250607328857133,1.9120542266600156,0.05637557655323699,0.4682107561570343,0.0814889492819906,-0.23740065944214384,-1.2572323921090613,-0.19270095639329562,-1.6559324433861757,0.5916479643918283,1.0077804413210119,0.7358138752256085,-1.309795806705084,0.2129774197602721,-0.6054883765334212,-0.3519680039496379
2004-03-28,-0.6616499739158768,0.45516576025942407,-0.7936729816250635,1.3707556038434123,1.9175620910671547,0.24057289563559572,0.30230526569677624,-0.536445516876385,0.2252819162923828,-1.3267697525663247,-0.780376308152635,-0.753238665293955,1.1048798599141123,-1.4169038118382444,0.7856971911677738,-1.02276755438705,0.4278702240311384,-0.3519680039496379,-0.20664946081666824
2004-03-29,0.5542078527872042,0.4315190619799821,-0.723780115699544,1.4999514219466292,1.7529943037914673,-0.10312298673844528,-0.33201205942911555,0.3904967518139045,0.6410217015947763,-1.0535184172667391,-0.2799142847667213,0.21619872038773805,0.4878482818408041,-1.8407672358955258,-0.6434162376539643,-0.9851988972256048,0.5948876786720925,-0.20664946081666824,-0.31048322969894915
2004-03-30,-0.24132154983639736,0.11714465425498795,-0.3032572298382462,0.6823694527380256,0.6304497920391398,-0.5891248134659904,-0.21905732251109097,-0.04976033626041497,1.475827364917618,-0.5725572373240743,-0.23106893951436416,0.7028231724422503,1.0563220194984353,-0.7460529542049312,-0.8138899985040793,-0.9740731102265218,-0.17445830340748306,-0.31048322969894915,-0.7857699913637098
2004-03-31,-0.12404915994287458,-0.3226768645618963,1.0700718806645564,0.6440757106799498,0.5173191150080392,0.355646335843972,-0.10545505448612846,-0.0012521976926247599,2.2305523615956337,-0.691384709343369,-0.12882349319893546,0.7658464433258261,0.43974237467872346,0.026555807168614342,-0.9385361138604786,-1.0272797451573608,-0.8316618485781871,-0.7857699913637098,-0.7826041655620255
2004-04-01,-0.2016512010020033,-0.5401021720505457,1.395119166805755,0.6012729954709453,0.3224671012234514,1.1409210111596135,0.09631475649374986,-0.07119407447846929,1.4290461482792582,-0.3924893735292575,-1.2273429788562544,-0.37235270955631017,1.0232652453158584,0.4916690794492243,-0.9031096530848822,-1.0486261965628536,-0.47446665704336866,-0.7826041655620255,-0.7381599973847549
2004-04-02,0.6928559614661535,-1.1802941228754134,0.3601351968970869,0.534758386829326,0.11241008108376804,-0.13176656595987823,0.5657962209220305,0.43845630508567884,1.9201233544484757,-0.3285627504773355,-1.1875361091134409,-0.42542093612423104,-0.07651035187570251,1.7090585644929785,0.12501588458388696,-0.9000633768481273,0.28553156767216226,-0.7381599973847549,-0.5798688563253456
2004-04-03,-0.6144771505833988,-1.6754615316272372,-0.4186387950314646,0.45535876962390903,-0.12841046389410915,-1.2091505663805338,0.0617831628793524,-0.6451564087257423,2.1678111127951647,-0.7889883109940931,-0.08683893809249858,-0.38855811496901344,-0.39993247459110154,1.435180475872587,1.1442603713238977,-0.6233125162722644,0.4346693820204049,-0.5798688563253456,-0.1544122119303986
2004-04-04,1.1234120632019684,-2.0331993944707967,-0.39584966039094416,0.31181591972519573,-0.3595623584136986,-0.18939173577340634,-0.08288610395815846,0.7193025909105484,2.2388149142274134,-0.7339346818903117,-0.4435653947200415,0.17812956203047597,-0.0451021346077484,0.4051287572133092,0.37534595126159814,-0.38620663179131376,0.5760812430197652,-0.1544122119303986,-0.5552155404991427
2004-04-05,-0.7145269252334698,-2.1405339325368207,-0.8767146739929127,0.1396617771162687,-0.5064848805708951,1.1657973042627545,-0.5644386437520665,-0.4803808400352797,2.0409011485043043,-0.40097021333718313,-0.023464562304620587,-0.3482894434167637,0.41391303122897927,-0.010159065844870916,0.7534468394893208,-0.23826872373465327,-0.7474784486794419,-0.5552155404991427,-0.6081534300980118
2004-04-06,-0.42059561361576736,-1.8480400513543573,-0.5285995308584273,-0.0483015744406298,-0.7057726726614201,0.33993024925869114,-0.34406505362327167,-0.0267673942601253,0.783054629937716,-1.0196960494636402,-1.2269276627816696,-1.0811464345097066,0.4703586863852174,1.4009166466815701,-1.4334912473480885,-0.35063770170645514,0.05850842907576421,-0.6081534300980118,-0.514511722719841
2004-04-07,1.7379862619695616,-1.1492559766334283,-0.08128612450041604,-0.2342616494889483,-0.9243933098929451,-1.7718469399099321,1.1577005549983266,0.47735404628470524,0.11120382645325554,-0.4476914254214788,-1.4095498996781297,-0.26655254988433474,1.2619138115921822,-0.2644031108319496,-1.2796754696387591,-0.37958172545112684,0.09439346026042746,-0.514511722719841,-0.640301569961472
2004-04-08,-2.820896952804676,-0.5168240617857088,1.134040721100442,-0.330183381046949,-1.071209369308245,-0.7136841337575922,-0.26176721209824294,-0.6862592913782101,-0.014207276533597154,0.035057539673979884,-0.3463161845927544,0.5681025395079062,0.8642961020881257,-0.0038982657675905494,-1.1456724415767647,-0.49034065602196547,-0.4654747345210806,-0.640301569961472,-0.5428517074917304
2004-04-09,0.4040334791882711,-0.0180800717216352,0.7733032796218181,-0.4172783879247438,-1.1908369453463232,1.197711334810623,-0.294281192261689,0.5513588232745225,-0.08882471626205996,-0.005811147903845092,-0.12761409420083142,1.2846885443619473,0.5066675765712547,0.6736603116045997,-1.2206507207565092,-0.7888884974804176,0.5656158982456683,-0.5428517074917304,-0.9345900243510653
2004-04-10,0.7298409016479304,0.3374105056982696,-0.5016401571393718,-0.4708351711040673,-1.3755334461456088,1.3828249367387015,0.2537543650126656,-0.019603428937694633,0.5569239438284346,-0.2640378604477439,1.2369100121940864,1.2092441536532301,0.2025228540249507,0.24104429879482125,-0.3053307554352994,-0.926799866607226,-0.9106119510209055,-0.9345900243510653,-0.602675808774267
2004-04-11,-0.9537808584186924,0.554780391172627,-1.504235264055173,-0.4980496520409653,-1.3967261440605316,-0.40555495190729035,0.2943441257601189,-0.5991910459050417,1.0079400715885283,-0.14100537875856436,1.1559503242083182,0.9185174597280088,-1.230129068879026,2.013506699148977,-0.5892725388350952,-1.0386254294522737,0.9531158224192112,-0.602675808774267,-0.822879729971154
2004-04-12,1.7522992247698927,0.6722747911945275,0.09324263825940733,-0.5071261444702372,-1.3621077459033095,-1.1700189721285317,1.0918093648668674,1.0233952606870067,0.9273240661992449,0.4693404061107636,1.1671265298702393,1.1459139447372015,-0.8816070920687633,1.052682962572833,-0.20289195908173874,-0.9714325495393279,-0.7473330194290307,-0.822879729971154,-0.8362181828159958
2004-04-13,-2.454329814074541,0.5898829052070875,1.411830238083665,-0.5363551323616135,-1.2776523948474374,-0.327170156359809,-1.2426278769005632,-1.1274591499259599,-0.04319523712836808,0.0018499133636825798,0.5725560320345291,0.236352965672605,1.830418252330992,-0.28445790922523334,0.5420712777178908,-0.7697015159357183,0.17611944674297061,-0.8362181828159958,-0.9846167953505746
2004-04-14,1.6707853659230019,0.3751392983555684,1.1949561734342473,-0.6023323123998106,-1.100864528000058,0.5244816460649363,-1.3533064440744373,0.9520069751356316,-0.5018008356259754,-1.0214450290063302,-1.1949268365442849,0.08450100864903949,1.4879687006928115,-0.9228407826877782,0.2693338838111547,-0.5490537864848014,-0.4713555643139506,-0.9846167953505746,-0.4112124159140095
2004-04-15,0.43431769151310173,0.3537314323080393,-0.5735296351521952,-0.5672819672851965,-0.9550041822211053,0.3253654514032073,1.617854713149589,-0.46066287882849616,0.3191209878145275,-1.8696539628121878,0.6112299600543464,0.3131868501406493,0.9583423555237477,-0.45633123315133084,0.21741998956013417,-0.5020358107123066,0.8954855881144396,-0.4112124159140095,-0.7680995580667989
2004-04-16,-0.9646435495883318,0.4199198639110603,-1.0081298699178798,-0.5170066479572717,-0.7868280462079287,0.10755134658152733,1.3193209058690156,-0.2891784695048673,1.6130801250907774,-2.1946711747634566,1.2405189747055672,-0.5312791537889388,-0.32027140071956434,-0.20559768276563833,0.9401075978034793,-0.4643369417492579,-0.6357320959899204,-0.7680995580667989,-0.49902767093257505
2004-04-17,0.4970963239116128,0.5781622043603817,-0.15362479957118957,-0.46186421554671236,-0.6154378668835129,0.11199542845957067,-0.3540727836296922,1.108290279474422,1.6653902918997792,-1.8824917184155865,0.25392216285829955,-0.6833588939764633,-0.2261491904671271,-0.3473972225075504,-0.007414480919099978,-0.5229535485764917,0.29355773269606367,-0.49902767093257505,0.902483254595571
2004-04-18,-0.6682060942060546,0.8367584747724905,0.4777347755723903,-0.3899505749054571,-0.43843425653296875,-0.2541418742101617,-0.5286834687205072,-1.4205576281496146,0.4505214675634629,-1.9142757941876059,-1.3154635313271827,-1.0408384814076805,-0.3692923628091129,-1.3855043891509804,-0.9588324481965766,-0.7230102445547149,2.6254008040868984,0.902483254595571,1.2672254367786477
2004-04-19,1.2091424712171037,1.1719754559204596,0.29672751178609846,-0.31740968535363256,-0.2662018043038439,-0.2846126307510162,-0.7114012238300265,1.2625624131307935,-0.3134565813014803,-2.3156548659751905,-2.026722990907739,-1.3605221356379875,-0.8481698756298566,-1.6466853242234587,-0.8708607055970837,-0.6293890379093228,0.613394412296586,1.2672254367786477,1.613302092554393
2004-04-20,-0.3299007136021866,1.1120488801916868,0.9409460449903335,-0.23490723592209795,-0.10685359462721442,0.1470540827909282,0.19235772602441753,-1.0558280531772604,-0.3544032095360121,-1.7766348516005277,-2.047105328487913,-1.3025297475195503,-1.5831151028947772,-0.7798734927622062,-1.0483277609468626,-0.6184842960236708,0.5441438272219684,1.613302092554393,0.8804402434901619
2004-04-21,-0.7570311855284865,0.3593705423214241,1.0807670279124462,-0.18299973132517153,0.02824034358193215,-0.3297055732003363,-0.16218305591396864,0.6943358330258348,-0.12742197963835736,-0.3921477344593181,-1.6851147945518203,-0.7878530009717691,-1.5000349791237129,-0.9018261925103344,-0.2432748360194489,-0.5127647498458696,-1.233982044366633,0.8804402434901619,-0.3711088116220037
2004-04-22,1.0488657856528145,0.007761020382489786,-0.7284549507421448,-0.0836041283146586,0.14165931738794435,-1.0742186169389443,0.2567044712956861,0.1840439596571456,-0.104565192027625,-0.2015631116759144,0.5990304696877575,0.30479295119676547,-0.37059877245778344,-0.25878206575896756,-0.5424652703036564,-0.40390704697246405,-1.7990797189395542,-0.3711088116220037,-0.10341517117938209
2004-04-23,-0.5860012826963905,-0.15259789333950635,-2.1726149439334512,0.021511063334550797,0.23728197357299594,0.48873045589708153,0.8547311588864812,-1.0283607522741172,-0.1626764842345326,0.1117374491999297,0.7364100026049751,-0.014599898100811784,-0.37659278608415675,0.9268505604118007,1.5037217938993792,-0.11367321902928045,0.3613356521142096,-0.10341517117938209,2.030472792122849
2004-04-24,0.056674590278864186,-0.19058962580067335,-2.07140697603558,0.14839238178854222,0.24842601503311867,1.7581408550711166,-0.26318427325639787,1.3346051876771199,-0.2605271286774805,0.3522071214368219,1.4199257070899367,0.8141030064051321,0.2516543735350819,-0.26821567534521806,2.662577092899142,0.5178115050814036,2.5165832612111996,2.030472792122849,1.8202332273934683
2004-04-25,0.5065461162488574,-0.11123429064296046,-0.8865836424140253,0.2555267370203247,0.32173210965996496,0.8157091623336244,-0.6087498738623079,-1.3334529526695384,-0.0055026556877887925,-0.07569915129501646,0.23566665386315336,1.4288416095096617,0.4374366565073908,-1.4127925888318686,-0.95687434168503,0.4178308080743294,-0.4425390044660461,1.8202332273934683,0.7498167799502616
2004-04-26,-0.11511258136775651,0.16861989456133594,0.5766635324545955,0.3057859452678185,0.35668323810261393,-1.7540015765899688,-0.006524121585096787,0.9485905820944416,-0.002225296801339871,-0.4320205564932702,0.6640430111037803,0.5139828081190805,0.04153625525001593,0.5512636122394683,0.3736187451195178,0.38809570296515217,-1.7118665372648993,0.7498167799502616,1.2842852497979476
2004-04-27,-1.0639955943354278,0.5785229473331563,1.9658421533222923,0.32682332951265886,0.41580700882901944,-1.5866851204651073,-0.21362644658827273,0.14134037254271672,-0.3233936762250259,-0.21783231262117042,0.09535045065679844,0.6886895952766321,1.5086160069142958,-0.13498593582265395,-0.8758754491561357,0.20689407329762655,1.6599519985130409,1.2842852497979476,-0.08286457826095324
2004-04-28,0.7812383013703812,0.8464681103746281,1.0275189888219054,0.3767491395769419,0.4494698648352112,1.1277140161415946,-0.12747273291099484,-1.3266508673638784,0.13654744831224866,-0.14151970627000232,-0.09597533267447671,0.33011714983053053,0.8907881467896226,0.4157181563676021,0.15401758318734188,0.17471255476408418,-1.7325259721972863,-0.08286457826095324,0.8872879883414018
2004-04-29,0.49730023184003364,0.8143431862191964,-0.013299829605204616,0.38424757655611996,0.3109881761926203,1.4072052921022988,1.1296622456493153,1.7154305882599035,-0.5700332345898558,-0.9045042961427431,1.1096465254957817,-0.17604319926583398,1.2110499219893722,0.8337151891574897,-0.5157051041065235,-0.056933399475478416,1.411486339132224,0.8872879883414018,-0.09331265924373072
2004-04-30,-0.9018915870837975,0.5978644308828728,1.0498052042911918,0.375859866086808,0.27042298403812703,0.6790194211626882,-0.43318256218373213,-1.5352491128637948,-1.77802481724812,-1.1856472778309817,0.19661955823596095,-0.704922420894528,0.7503713478168827,0.7643689945824103,-1.3359988579517308,-0.23914336232410616,-1.2148784975751066,-0.09331265924373072,-0.4105473227519669
2004-05-01,0.11958659537314084,0.21649751751734195,0.9061060799638015,-0.24139112422824635,-0.5256437083636639,-0.5470029033880363,-1.3444532359108983,0.7472214075395219,-2.049115565474443,-0.5003401836046945,-0.26840191573598854,0.5094542076710997,0.719878762011448,1.1173898100338637,-0.17207746378385871,-0.13290638824857823,-0.3803279202066411,-0.4105473227519669,0.13855538282300242
2004-05-02,1.1324384069551257,-0.374751224660409,-0.13337161320451704,-0.21682058044788344,-0.7164532627727581,-0.6497107425898022,1.136459746415373,0.026337056674587304,-1.427794446595496,-0.25827137498650937,1.2318544261418303,-0.11583097198379898,0.4556637685553165,-0.5683695797981113,1.255862655286252,0.22538704082143485,0.7706817036959752,0.13855538282300242,0.1349098058668476
2004-05-03,-0.9568515307437413,-0.9394181689621182,-0.03421340589353791,-0.1939865276827953,-0.8478089841892166,0.10279797447824247,-0.6421422384604506,-0.6498793566010316,-1.1760333264278273,-0.4174491200178297,0.9357079637177875,-0.48811814160411554,-0.12709225487971887,0.9588334250312858,1.4032459696126167,0.642327695001733,0.02022729786210572,0.1349098058668476,0.18640057597995408
2004-05-04,-0.1769254009023172,-1.2622507670538183,-1.0459726361984714,-0.163658066855941,-0.9502973301129715,0.36231213678792024,-0.6598367949742975,1.0481971096566294,-0.9112774543520391,-0.4661300410774068,0.5168447315924577,-0.02891981284268457,0.2101270262906799,-0.21337355834691918,0.337365373601153,0.7868673486661297,0.09728902329000834,0.18640057597995408,-0.20532920054091006
2004-05-05,0.7664139846665978,-1.307881646253797,-1.105605773813881,-0.1654427435213259,-1.0574245891553935,0.4764266419490875,0.4540301472937402,-1.3050147812546484,-0.25927969539498863,-0.5833033384731781,0.9873379109034487,1.8437217847269145,-0.08413027848256802,-0.7621592217870429,-0.11123451079375092,0.7944734156567718,-0.4324957085782753,-0.20532920054091006,0.14037758142907575
2004-05-06,-0.33345846829813236,-1.2296249102492753,-0.8578283708571737,-0.12452555013726707,-1.1054687148286826,0.23959850918254436,-0.5958068414149954,1.2934938204885444,-0.37654692378080296,-0.9615448642286128,0.28428635201100794,0.07381158183452075,-0.12756607175483392,0.23952541402770253,0.45315488247747043,0.5441375457213612,0.42958463886531517,0.14037758142907575,1.4643415371186521
2004-05-07,-0.7375912788127069,-1.0798641214910178,0.07664882539131153,-0.09940861351363321,-1.14768714495779,-0.23977678698330554,0.9939361479310035,-1.1090269149234437,-0.44777518189469373,-1.4578983015138642,-0.16343796707115435,-0.5361233178185086,-0.08287060598800156,0.9976092037812007,-0.19690472433422962,0.0434553447463561,2.042802939379409,1.4643415371186521,0.7577664236799921
2004-05-08,0.9771334966809604,-0.8080458084268135,0.4525378049752694,-0.05939534560911237,-1.162381598217432,-0.7366723271559548,1.5885483527105055,0.9514759598732009,-0.7075301093247194,-0.8570688895201587,-0.40427588756664723,-1.5125181878640206,-0.43727641606937645,-0.08993893347833064,-0.9468065360622587,0.0496818801221917,-1.747751301777671,0.7577664236799921,1.062405620899648
2004-05-09,-0.3497670379147493,-0.37052549537319046,0.18167383550589264,-0.1047369363416991,-1.1655152712306975,-0.3162038730996646,-1.4936081709789706,-0.7501411090888169,-1.2510923382254875,-0.7098636321516681,-0.13957770819724874,-1.0984765633451694,0.9370066126195116,-0.7044606815817381,-0.1540559980715871,-0.03571259720285836,0.4567593710277152,1.062405620899648,-0.5488132255070111
2004-05-10,-0.6960406682977329,0.02264964012574303,0.2716044991501328,-0.06985745500485259,-1.13102685197425,0.3455245091093267,-0.7788673222502731,0.2738859067507396,-1.5718499872209977,-0.2766887146191858,-0.04315809123385858,0.10159450627495148,0.5840900530973586,1.7842170808559379,-0.19483655233585986,0.03903390626765861,-1.594365260426747,-0.5488132255070111,-0.6787689009699175
2004-05-11,0.7356529898269318,0.16217576481316381,0.035952670820068915,-0.03482364102473634,-1.080858859270366,1.1030260569593755,0.8139567340136299,0.4215333809474836,-1.4568619323828027,-0.09505594525626408,1.0383771520354539,0.6744033234432629,-1.046411196546709,2.1780585863994997,-0.12486074748664137,0.005837888584264208,-0.1755034901070483,-0.6787689009699175,-0.2539476285220205
2004-05-12,0.4020636023888391,0.08669665690089157,-0.825873925292417,0.017634785964521036,-1.0321110702864906,0.04233220243121077,-0.3360544785706638,-0.6129939848956978,-1.1722059248362193,-0.6883485676625379,0.6653597298280753,0.025118461306637113,-0.35197832834128084,1.9626241981380304,0.12100062537630756,0.08882666503975992,0.25360792716375624,-0.2539476285220205,0.3157447118763787
2004-05-13,-1.0020963036927735,-0.1355705525191135,-0.3304154055367843,0.05860154711051317,-0.908131923569344,-0.6953787609006413,0.17021790465609216,0.3873411888522969,-0.8390483055259953,-0.11048865323800038,0.19141995007321416,-0.4856705766781498,-0.4540328939456986,0.9646087772125297,1.8320350195297253,0.46171112726392705,0.7650611593267764,0.3157447118763787,0.41972500974263593
2004-05-14,-0.507104594293902,-0.4219851888587575,0.4712974829164218,0.10343707437133373,-0.7335988062057346,-0.4855070758050203,1.037497034963538,0.06336332130448137,-0.860331593271842,-0.0461525114169539,-0.09792253849940162,-0.9488305274341899,0.014054524891933297,-0.9675418886068502,0.39263889044848904,0.5563087171828931,0.25737571213267285,0.41972500974263593,-0.006964816692148841
2004-05-15,1.8049606367074673,-0.58517688901467,1.2739193941128046,0.20810545403308617,-0.44811983753058865,0.40866506787922957,-0.3316252184821906,-0.7108860153801133,-1.1489505103748834,-0.9205423212632773,-0.5327743822259418,-0.9984605590623187,-0.9852798392379123,-0.4118342357681989,-0.18955738282942747,0.36339598695889747,-0.5775023000113241,-0.006964816692148841,-0.07945352924882912
2004-05-16,-1.6638938649935153,-0.5073664230293392,1.1108611046552597,0.19992526165561716,-0.2225521269739896,0.7651654640703349,-1.537220090604915,1.5216809925654127,-1.0026565258050264,-0.9056796185445557,-0.5061998186984746,-0.23193697242413522,-0.47864429836428896,-0.07043410723160527,0.22567782080975846,0.21677581370093732,-0.09402956157895076,-0.07945352924882912,-0.8869277809211658
2004-05-17,0.6529759900986222,-0.05850586390607986,-1.3846419140362718,0.23032758667434503,0.03306737958000169,-0.1765498620784689,0.04517549116200574,-1.5808860347351685,-0.6687498872773351,-1.3407346591306395,1.7672376552563178,1.6783007171070279,-0.9605861008291195,-0.5505907737842543,0.91311555049679,0.255063623777354,-1.6702637618504843,-0.8869277809211658,0.8805520009643666
2004-05-18,0.20603672182980276,0.5149279935824158,-0.667941279716758,0.29754309286235514,0.3157799103893045,-0.6738544311055172,0.3739137804580733,0.8421670121512903,-0.6807190779851472,-1.992071023680276,1.0406316470289445,0.20645969837871703,-1.3464702256606222,0.2364202779609939,1.155398947906831,0.5360669952712173,1.984006901120956,0.8805520009643666,0.30434037602320957
2004-05-19,-0.3823499431794856,0.9751318325586681,0.259660502682433,0.31860975677094383,0.5082947171384755,-0.13246534924932016,0.4400958403404941,-0.3343840727733753,-0.6874454731231455,-1.7791212150933966,0.530590025858276,0.017144172265305655,-0.2569002501690585,0.2122225977944949,0.507753559436647,0.5956873443167648,-0.7850306982555051,0.30434037602320957,0.33477026130992493
2004-05-20,0.34366561749193164,1.2446769777355882,-1.506147459146189,0.34487114668330887,0.6523420742083322,0.3901696691893647,1.3825428659261492,-0.025017140162425778,-0.331587178142861,-0.8281208299905681,1.490437004385228,1.827185172743051,0.5454266499084344,1.8864349094687647,2.112229496946616,1.1083186594138195,-0.13834123979227203,0.33477026130992493,1.1387759295217794
2004-05-21,0.10714679672058446,1.3781572294077207,-1.6166204549968988,0.3244440389020883,0.7768327735692964,0.4655972770757175,-0.16813394881429458,0.27851447588298306,0.21515006358037753,-0.8692513052547284,1.873239647056983,0.9573608640819999,0.509618303628331,1.4160092399179882,1.231748556644902,1.5736250672643854,1.7317648306711926,1.1387759295217794,0.8645097104454494
2004-05-22,-0.58977226197252,1.3923056396858011,-0.5744643059147808,0.27911918417225984,0.8690747442583133,0.16436018117389276,-1.8589474049557442,-0.42061621147976014,0.7835213819363279,-1.284298521736197,0.5096107730010391,-0.4380556330296266,0.34596286933514414,2.170551186892731,-0.07516189298785264,1.5100261440052085,-0.4452536645275652,0.8645097104454494,0.35612171804383197
2004-05-23,0.3255771145430596,1.1389364569369138,0.6383784821752795,0.23748836802602438,0.9502033940316912,-0.4731827073109968,-1.0754326676025314,0.4537605471033409,0.8769651719441773,-0.1444795960613849,0.5802081920494885,0.7008529161449446,1.2237537513642982,2.2863666618492453,1.6994030218071745,1.764330250901821,-0.8774624572047386,0.35612171804383197,1.8426409331916596
2004-05-24,1.0749285224128002,0.6173563352933701,1.7265368745780822,0.1773772704715697,1.0050472787200555,-1.049469183976679,1.8392364704764035,-0.3963355041483893,1.8791214853254323,0.6217676210580296,1.1281434249937023,0.8735402182913541,2.3418570235766656,0.6937574264592444,0.057106075334800714,1.6284670122914173,1.8817606229995294,1.8426409331916596,2.624238221534082
2004-05-25,-0.9332804110589511,-0.07375571021087779,1.1057683122264805,0.11701035227716383,1.045675174757471,0.09122427791941635,1.5004465230326862,0.20576508645762606,1.7676322389754542,-0.7127150784900607,1.2441761594083267,-0.9656693337048806,1.6373825826608173,-0.4731466893643653,0.29935209236671073,1.5827795668086377,0.42313312910514395,2.624238221534082,0.8766525980821447
2004-05-26,0.5276528200843048,-0.7173200220633774,1.047885165652453,0.036467467114902924,1.1613167641716815,0.7960225599613534,-2.222297770010124,0.07879369613842793,0.691721073987202,-0.3730783564008736,-0.7469626021861642,-2.0705839245818747,0.9823215181368361,0.34598586716289936,-0.9129108895260751,1.0816451446133688,-1.9059088241638136,0.8766525980821447,1.0814180507497066
2004-05-27,-0.14101484935000322,-1.2810079090187203,0.9142730774718708,-0.02039046744231258,1.1750792632271176,0.4982435611010961,-0.7036140560092596,-0.2435281281768137,-0.5461992351700744,-0.4923138407207964,-1.2719097144840341,-1.1213814904043806,0.21611164893329518,0.5845270680236814,-0.6249907284336371,0.8945653872547178,0.174766907291963,1.0814180507497066,-0.0059281776554699515
2004-05-28,0.5608863211283859,-1.626960212708726,-1.0896694537622946,-0.05253289119022433,1.1417099526111787,-0.3227478381779129,0.3831528659154849,-0.054969960656885,-0.8214221161923088,-0.40918492228092235,0.06536339315939388,0.7329881760806212,0.05117440817822497,-0.14747936069592457,0.03321106809540649,0.8779661325158479,-1.2123045063272997,-0.0059281776554699515,0.14484403717501587
2004-05-29,-0.734333029443737,-1.33336634369844,-1.4885023188351802,-0.057212270032817994,1.1031976949916422,-0.33212020665908704,0.5639494499916344,0.8238446618397853,-0.42638272192249516,-0.42793407163187075,1.8170878108015742,0.9567116041204494,0.4419697338394608,0.11269460148310079,0.27415752139343047,0.8601579112210918,0.4956070228468982,0.14484403717501587,0.8818541740197218
2004-05-30,-0.4645761407311384,-0.6893677710040975,-1.0183893172314715,-0.0938694698586494,1.042669298617153,-0.29963320012522054,0.33508304514296494,-1.6027317341354625,-0.22140348291224618,-0.6083841386741342,2.176236020856246,0.15866534203109547,0.1301192384905158,0.08204859391552333,0.4705483206714771,0.8220932672159901,1.1393024756560524,0.8818541740197218,1.0471612697667458
2004-05-31,1.8542108802415187,-0.14853301913588146,-0.27225614818881305,-0.06747520774866597,0.9577563844126589,-0.231952584661328,-0.8573885153057289,1.905603370759967,-0.5187250665936908,-0.3513634961226165,0.1957788329538253,-2.261527723330209,0.5747829358312764,0.3315793793643859,0.7299879974625422,0.6718980299682679,0.47209367989696943,1.0471612697667458,0.3220919888484014
2004-06-01,-2.0601251251489545,0.24415434909441408,0.46326284394302963,-0.08720903819752937,0.8254299792693233,0.1531876557870709,-0.1531873943145237,-1.679620074978513,-0.9177019801223113,-0.15379545779114343,-1.02738200758982,-0.6091850415289016,0.7226184681743796,0.6178825470919211,-0.7574992500496798,0.4783573953268629,-1.4657373996469465,0.3220919888484014,0.8831024350390854
2004-06-02,0.1066333559751549,0.541059717209435,0.0810539415828512,-0.8559241641689528,-0.6168744255835809,0.6126863907071858,-0.34121433002564466,0.8850537509939633,-1.37866777946159,-0.5339762452920627,-0.1680906012873739,1.7074485255615648,0.5673719710600229,-0.19962215455695734,-0.4403030146915005,0.12069248346524485,1.4984280471499434,0.8831024350390854,0.5157610353632147
2004-06-03,1.5828857913669216,0.6829015949296965,0.23400950936191395,-0.8704880495767988,-0.7747978978369149,0.7112337888684296,0.6107520251772972,0.37745573270916516,-1.121068429889378,-1.7504372834187805,0.6621310627395507,0.5916752614839208,0.596846811596802,0.20158524609682663,-0.20525595796051574,-0.07264618353219762,-0.8119238351022974,0.5157610353632147,-0.33584965873445466
2004-06-04,-1.9008191163113612,0.24862973616031278,0.6625598080468547,-0.8234592594995779,-0.8861614425670726,-0.003516889248556944,0.895608854281672,-1.3550708529595712,-1.07026121860167,-1.7510828042759337,0.1304149664085997,-1.1334229091923718,0.2639741142779033,0.7275578210860233,-1.2883541182357803,-0.19316468962127506,-1.1561119742398052,-0.33584965873445466,-0.12224696583127377
2004-06-05,0.536933384740254,0.10171742469568866,-1.4134948170123864,-0.7492958257584263,-0.9804638840682558,-0.7512192290681816,-0.47364245671683053,1.505172145172023,-1.1991909427690195,-0.796985963617859,1.1933449546336996,-0.9572971239807748,0.851302553273458,0.21085837047063186,0.9830376430556039,-0.34588359505269967,0.40065519738752303,-0.12224696583127377,0.7025561884532566
2004-06-06,0.3421666470099846,-0.14347239300918924,-1.3252345364520406,-0.644837507771999,-1.0552241612574251,-1.0546078838909987,-0.5663099368879277,-1.0660959712805302,-1.3362124452787527,-0.4034431399757585,1.5681383033203011,-0.04167343791950194,0.030741898520737873,-0.23862907081518558,0.4073241977239587,-0.2899506174511126,1.2808527160605758,0.7025561884532566,0.9494605326912233
2004-06-07,0.23675626616089326,-0.42281101431902585,0.7550066364788003,-0.5146012611707952,-1.1016457177362162,-0.06159509817553167,-0.4059490158547827,0.13779881599729152,-0.8372416411678908,-0.7841902724474623,0.3887269303505061,0.9392221669673583,1.0077650476788125,-0.24342190168425834,1.0981873676626857,-0.13980813066747813,0.08329919856687247,0.9494605326912233,0.2443487006931356
2004-06-08,-0.8816522789362035,-0.7169512678421908,2.0022059901832034,-0.3388301763942525,-1.0822388001844319,0.8693477425493893,0.9296904037823233,0.6098880285244254,-0.6350743292819647,-0.44439970175130833,-2.0418205798369327,-1.3106851483092183,0.15259592241623415,-0.18897730517867975,-1.2582977451076012,-0.15495717929095446,-1.2425076547068583,0.2443487006931356,-0.265731540646574
2004-06-09,0.5187907788974562,-0.9220874572823087,0.31906411745473073,-0.14837584800429895,-1.0499822719717384,1.0523914025091032,0.40412096042062184,-0.25073439678322795,-1.0662933557835774,-0.3664316658357789,-1.4853830367020033,-1.554164107771445,0.5066946992970152,-0.7536532082717172,-1.0943323850795312,-0.16815303391503789,-0.6122664178728037,-0.265731540646574,0.050992791362653535
2004-06-10,0.36390799399245505,-1.093555425812583,-1.0707566016133412,0.10946273804579074,-0.9988363262440875,-0.2328922757226636,-1.8245011498385635,-0.7064331594217502,-1.7030490030068541,0.24641085740179347,0.6658449527065678,0.034505265177525446,-0.6725193495085349,0.6127521036291076,0.5914703382513937,-0.10687684794237964,1.0048904923940547,0.050992791362653535,0.0708374937611699
2004-06-11,-0.16873089394651275,-1.1230014120151808,0.17305537078035832,0.3456785385310169,-0.8220328739906164,-0.847448229014521,0.8752005497617427,1.7177363462319346,-1.3064917934478009,1.1725808892057745,1.0996965087950605,0.2035637213211351,-0.9316593708904104,0.2171016714899265,-0.6050970907618692,-0.30118848111040003,0.04046375144006973,0.0708374937611699,-0.5996501428470571
2004-06-12,-1.0274594938879955,-1.0219826295507948,1.3902485107309015,0.5532944551472241,-0.7190931081654822,-0.054473854555999436,1.8101376703049874,-2.324878501976123,-0.8412730861410778,1.5218293720937706,1.0212429249968837,0.10793689486262423,0.28982661129667653,-0.15803894121232087,-1.5831934765868048,-0.6818721446303586,-1.2405074502193858,-0.5996501428470571,-0.7417533449045282
2004-06-13,1.333839367395962,-0.674754225379467,0.24077845606008152,0.7620993463970304,-0.6306727161808815,0.36291536063949786,-0.4825178309697345,2.314979565085046,-1.0694602435807752,1.2945155268304738,0.16758521033096183,-0.9678708720205966,0.5876012126101056,-0.6913103910503744,-0.9242927587545517,-0.9889455454733428,-0.18338846147351623,-0.7417533449045282,-0.36935021328846307
2004-06-14,0.002458972455954123,-0.13886323781499804,-0.14763641299196786,0.9281801211393225,-0.481533497985202,-0.29389949610526567,-2.110351152118948,-1.787957991939921,-0.9976857368536165,-0.23655963209881445,0.14138354597813566,-0.13225399636042195,-0.614542965709985,-0.1276412642908015,-0.29750786757927955,-0.8173514813221963,0.9409554705774686,-0.36935021328846307,-0.42978617854602075
2004-06-15,-0.8867526267651602,0.5088207517375257,-0.8904314037103577,1.0625604073427306,-0.3156807443621954,-0.293701893922327,0.23216610110926506,0.8054651147922535,-0.23410641298229787,-0.6588293331115171,-0.6276199828042643,-0.5551840091867998,-2.1326102137217555,2.0880914080663064,-0.2142403028055316,-0.7379146951584482,0.07091987819575327,-0.42978617854602075,-0.4411680430146954
2004-06-16,1.1622732168814074,1.2698507683507632,-0.15924767496610193,1.0633388585487837,-0.22780506018518498,0.764958312966417,1.4081695536111967,0.21014619856075395,0.23661875297944998,-1.1272760987833794,-0.6298154476712129,-0.6836808398763774,-1.389850215282902,1.2901562261114194,-0.9544569623420578,-0.8237568090032743,0.06699847756079512,-0.4411680430146954,-0.5889169462726536
2004-06-17,-2.2010541941813506,1.7679987450421712,0.28464570807924455,1.1210902046088427,-0.03559208426603599,0.597022147560722,-0.4664869862766941,-0.872365544731821,0.12626839400174777,-1.0075578257837021,-0.5904087149193681,-0.8338300300118288,0.18258274272715028,0.04126631980485486,0.31277423466703075,-0.5685752032181652,-0.268123462415156,-0.5889169462726536,0.3339993597161085
2004-06-18,2.4993685740720313,1.7483100011386874,-0.22005479313046755,1.176018110570656,0.12407278783893488,-0.2691675747886165,0.7499760301955015,1.2581658449508664,-0.194632829889654,-0.4694995819284168,-0.9399079907126008,-0.9001222799858468,0.1318997951707045,0.30111446165784944,-0.38054582342361876,-0.7949135777345292,1.4886404381214426,0.3339993597161085,-0.10788849346566688
2004-06-19,-0.5063457530657344,1.5405271676341024,0.1383405653830959,1.1555436515907667,0.23048982263325987,-1.058248658087033,-0.08705453589026069,-1.6899767459160249,-0.7028763420054814,0.020611779678473614,-0.901542420588015,-0.4575129102794674,-0.34988305989004487,1.169093335307814,-1.1025517613790818,-1.1636340654479944,-0.47170667265463495,-0.10788849346566688,0.10557960379839011
2004-06-20,-1.9794123418062832,1.1876651291960931,-1.0522318590390765,1.1398975954705572,0.39597068820802894,-0.3504681559109454,-1.4313046162079195,1.8949668270298288,-0.883554488662446,1.2576448311244672,-0.26143511706494815,0.6504829887856506,-0.11482145710555794,1.021886059625228,-0.5291878053250745,-1.6821799196930003,0.3079547476658842,0.10557960379839011,-0.11295359718272477
2004-06-21,2.467317162242679,0.7809052331054234,-1.4936146049583496,1.1643371395208006,0.5959008053354992,0.9045373300796458,-0.4242394400727354,-1.3325674773254408,-0.5511634954472816,-0.1015586805401438,0.9930604320491212,1.2421631748040183,0.26720380947002753,0.6744419976867935,-0.1281488601954046,-1.1804260478103579,-0.3941476178262426,-0.11295359718272477,0.6213458437601987
2004-06-22,-1.993986265085643,0.3466791835062046,-0.15342596284051535,1.0573202546388207,0.7190983092566656,0.8867553327754004,1.38355996975247,0.8589679396893585,0.13511111032828074,-0.011180501662687284,1.4429932515142594,-0.15419608053859776,-0.0010644779625201665,-0.1556148923855595,0.3489335904691202,-0.9339174580183286,0.9713030420313805,0.6213458437601987,-0.3674876131606539
2004-06-23,1.030298360090786,-0.11640888939421844,1.3795865926500155,0.9092010186022091,0.822597338138763,-0.0551172883094064,1.397023429502791,-0.5249637787558478,-1.0078622408675642,-0.36917281955513026,-0.8244154326330712,-0.8204670738785562,1.1092493003663748,-0.44155793637873736,-1.5281294313594411,-1.3131999336198807,-0.8967075430476178,-0.3674876131606539,-0.6963224752335343
2004-06-24,-0.19845971751582608,-0.7048954824777228,1.8296175550710354,0.5788579873167443,0.8795938007376571,-0.9198782424709794,-1.169405219274612,0.2372803504000365,-1.3515975664275093,-0.046243355756583684,-0.5324426337338968,-0.6652669420156873,0.33380090993971856,-0.9436411405786708,-1.296659535595919,-1.5049261416767612,-0.4328810185437862,-0.6963224752335343,-0.5816885333080545
2004-06-25,0.33525330746953763,-1.034855395095108,1.639622551356745,0.4023827491411039,0.9392359074553964,-0.39633667975484016,-1.3176922181933817,-0.024738670249241243,-1.484698443834354,-1.222926422422347,-0.6416838384892765,1.0183273484173343,-0.5042039340343307,-1.2433093424403614,-0.2506789326974333,-1.3204726347110123,0.23350749092954218,-0.5816885333080545,-0.5593022105861459
2004-06-26,-0.2951089928316362,-0.9179978101200075,1.2805857661241553,0.22492933702371282,0.9780812665364766,0.6011141190184603,0.388698173845609,0.012666810437693724,-0.396746168328102,-1.0660359163542512,0.4055684772721817,1.369307027576489,-1.4425532105833148,-0.27206287032074083,-0.9988051325905086,-1.3981097838308674,-0.19835836584177358,-0.5593022105861459,-0.9975827393734207
2004-06-27,-0.13788972017130746,-0.6146806462097857,-0.24704729516433446,0.019482385609571214,0.973397099139892,0.6777945258313363,1.9041112427575049,-0.15533443617856768,-0.056133654692991176,-1.1624925262166628,1.7740425644998112,1.5322389578762161,-0.6954467802459431,-1.6119812670545375,-1.7653803353363933,-1.5483158956708374,-0.23232383725158548,-0.9975827393734207,-1.061600538858365
2004-06-28,0.0471152398601441,-0.29472008702272207,-1.2616020500077283,-0.15056209286504707,0.9626630094955595,-0.1244208672090903,0.004115519450111774,0.31134602552138374,-0.6641825902157898,-0.373976708354667,1.9043850067428574,1.1212778800273757,-0.6436063622542538,-1.8366840632851076,-0.5932249619610857,-1.4832366225815357,0.3535713549754069,-1.061600538858365,-0.9081213149477324
2004-06-29,0.3923521688963115,-0.03363532445866209,0.3066682843983028,-0.2924296182234144,0.9255803806588287,-0.9133586117008875,-2.735401297433754,-0.39051733945182227,-0.832996926059996,-0.08684945457759619,0.8372014575975529,-0.47033707944922715,-0.957573108997812,-0.3782072409720435,-0.4960919896747158,-1.3563540960074494,0.06650388295334446,-0.9081213149477324,0.1414150561065084
2004-06-30,-0.062494592588735735,0.13403090328053957,1.1577137176686443,-0.3892030130524487,0.9067975565471867,-0.30192523926040377,0.8504958145163406,0.3837187140326062,-0.7961700553679786,-0.6193616325496658,0.31090579579001976,0.47579360092593165,-1.2044101800349223,-0.12796408627078418,0.5398828657278655,-1.2750647337968442,1.8202773410291035,0.1414150561065084,-0.5454715013655055
2004-07-01,-1.1477123088842793,0.1356724750894499,0.014675790791300517,-0.5206505195799372,0.829517073967078,0.6362184731143727,2.1382507346412876,-0.28312037421054514,0.22453635910673103,-1.1774467175125225,0.5076773886106375,0.8450977020168863,-0.8228463201374941,0.02398478616211545,-0.5432360837990462,-1.260600727090966,-1.007839027595994,-0.5454715013655055,-0.7646722080457165
2004-07-02,1.306841638144069,-0.09170834284151223,-1.1500345393568112,-0.7275498344101462,0.7219033240033836,0.9561976489210819,-1.1517966105936968,0.24911762900533618,1.2489350191029533,-1.257602584915961,1.140470361102674,-1.4287077026193276,-0.46397320906007944,-0.8632103156487456,-0.1684912318458052,-1.2004948999574185,-0.5871304731267561,-0.7646722080457165,-0.5628301772640742
2004-07-03,0.04694439227322267,-0.4986753027971032,-0.8725232547171314,-0.8339442147939705,0.5830124299756134,-0.29480191159166513,-1.7071393895808153,-0.4710959666488251,1.3655821722248096,-0.9926074408982389,-0.35247837353776174,-0.45802887449376456,-0.028325341471169267,-0.9664008910396278,0.6508907031119359,-1.0543760836075329,0.6466654027946225,-0.5628301772640742,-0.6159704305361167
2004-07-04,-1.0610214573702577,-0.8550670438762623,-0.567826560301668,0.5103302643507126,1.9652118612013452,-0.6046699033012006,0.9908586793097871,1.0920282097259948,0.8917963501695727,-0.17972426997566313,-0.6337110704727825,0.940100775363185,0.36756558898427627,0.2843082270475032,-0.725648523847083,-1.0997067096336062,0.1799602061018195,-0.6159704305361167,-0.8478707278118115
2004-07-05,0.11039607702016485,-1.3167051906951746,-0.5731012529072067,0.5670204381997175,1.9612126468308329,-0.22113724852077,1.5215878178146431,-1.0388263811328426,-0.1053494231290842,0.04932759568209134,1.3849758262556116,1.3173811172027685,0.9209829182420594,-0.948932870621315,1.1928502059001302,-0.8659801506255266,-0.6111988118238356,-0.8478707278118115,-0.547318069842206
2004-07-06,0.5046021009119387,-0.9075685070617499,-0.6852475725631116,0.701972981986461,1.9464346295900672,-0.17070485586934117,-0.9019681128156292,0.7257976762658606,-0.10280408200056323,0.10832514017206249,0.7678437046863047,0.15901098619947238,-0.5558876256056418,0.042328299062472506,-0.22499359256241616,-0.683256345285233,0.03660580674916125,-0.547318069842206,-0.6007126154341353
2004-07-07,-0.19567613797530548,-0.6634236308446604,-0.3175552209322561,0.8230333322881935,1.8710148674445861,-0.36145915653490684,-1.2793985013944926,-0.30407142061061415,-0.003691642922893135,-0.9651335542292352,-0.02757634082521776,-0.8790688208899357,-0.69938125385393,1.1470843233833075,-0.036579386702525085,-0.5147280708921189,-0.5257025679256545,-0.6007126154341353,-0.63191789315154
2004-07-08,-0.31040853222985054,-0.17243063802000963,0.43180411859369894,0.9028599436159321,1.6622146650560605,0.3575334806076864,0.22875090218595392,-0.1431795063218318,0.2285865583906172,0.23855783914111145,0.6263741307504972,0.07352407651218906,1.0004108303603052,0.15478656560332774,1.8920092557522254,-0.29727089449650645,0.34728807306901804,-0.63191789315154,-0.44989345730712965
2004-07-09,-0.24000847695768837,0.3583421204780465,0.6074777873331527,0.9839259200141133,1.5081731469295616,0.7173163052574103,1.6761953996040526,0.4823849838126379,0.6832443106449095,0.09131009178094578,1.3512259587677762,0.9653548339294102,2.0718038324057453,-0.97807466674846,0.14963716488907042,0.040082806610584984,0.6188242774649179,-0.44989345730712965,-0.40004557390847156
2004-07-10,1.1607061828326286,0.8204124886232131,0.1049197412841716,0.8899248780882043,1.3131735127916089,-0.25222497444597397,-0.9141807700957386,-0.7659962692621389,-0.9062219927571532,-1.5721592791605803,0.5895551824233078,-0.08225272375561096,2.8584947266697514,-0.8803862884087353,0.33965852752707526,0.33619963449248785,0.12911221618654206,-0.40004557390847156,-0.19972934421291158
2004-07-11,-1.285977584554852,1.0263344509102261,0.11033060761209659,0.9423612233816404,1.1001431786855527,-0.7025983336639463,-1.4313451912417428,1.0641999578535863,-0.6206510303666408,-1.3751452993506363,-1.542352023728221,0.8356881588356535,1.6738366261093736,-1.6656056905093897,0.16120770074159882,0.4608835988258992,0.8754175673384034,-0.19972934421291158,-0.2663147728462352
2004-07-12,0.5890074088231616,0.9927477565347484,1.0468029882302974,0.8551081177052362,0.8723497617856227,0.11928938542155339,1.7300295559766714,-1.3957734827893604,-0.20738433145803414,-0.860597562984999,0.1599322263263065,0.4894066100153817,-0.702141724911519,-1.155146013630818,-0.4360908549466584,0.4551662578595447,-0.342995280078215,-0.2663147728462352,-0.2642962223091741
2004-07-13,0.07218500477039617,0.7020813370482853,0.47120495732639855,0.8063441889659971,0.5373780770654654,0.6845823083783018,0.915301106736309,1.577404695972317,-0.16108010189262248,1.1046215501509367,0.14041395061081974,0.7006296162402752,-0.6162955577186601,-1.0667455644082064,-0.9828238606655855,0.21840163297850598,0.05783110545731894,-0.2642962223091741,0.016811741035029564
2004-07-14,-0.3776491372212753,0.38156503109161805,0.1578873903308283,0.7592171371048275,0.24781420604595863,-0.054559743825838405,-1.3981360906534515,-1.308239618811446,-0.5744665037846208,-0.404088935927214,-0.033575103553501434,0.3896996016889618,-1.4141862930698226,0.19849944953094045,0.5396511965019192,0.34178688989361616,1.8466227088255496,0.016811741035029564,-0.18954011394509993
2004-07-15,0.7273531232814188,-0.010700714749941583,0.35515784166844705,0.5731507501707994,-0.12005582141334747,-0.6874478140079412,-0.6584168813829403,0.7818149137001583,0.05366660167808822,-0.6978199341439184,0.572562289225245,-0.16996779663740663,-0.5322022045836264,-0.7905208243393299,-1.3944000138963124,0.1971168675385916,-0.5920986884788739,-0.18954011394509993,-0.49477869525197227
2004-07-16,-0.8683052136758673,-0.2704447503367174,-0.12630771909482363,0.45088951056573306,-0.4218070451362978,-0.007888187193516178,0.7924360812844662,-0.1725224429990222,0.4566085234010715,0.078623859170332,0.8204232363313669,0.5228737327762277,0.5943837669380468,-1.6374643271011409,-0.8458048134495583,-0.05787634391703112,-0.913138007239828,-0.49477869525197227,-0.462667942972235
2004-07-17,0.7433914239337247,-0.34029661514913956,-1.2618875788766364,0.2925286318753523,-0.7070655840458657,0.5940614802239286,0.28617704341352446,-0.24542696447514983,0.33368337195379266,0.36278008489040936,1.5765976059834128,-0.022568316107451927,-0.32336991190558007,-0.8109757387321862,0.12352849100056348,0.06408228523894058,-0.366633494662906,-0.462667942972235,-0.36154263751475835
2004-07-18,-0.03523379134568464,-0.20133043817704854,-1.051968467662157,0.15853988171422456,-0.9516247493525284,0.2231806435116269,-0.0764812567941801,0.3077743012414664,0.03401997170428067,-0.01839686401813718,-0.49773473804910273,-0.9392212545843083,0.0331637922752796,0.2817163040608259,-0.5566419689239785,-0.2798840413826821,0.6496573866096583,-0.36154263751475835,-0.5687115725095198
2004-07-19,-0.22429833236656643,0.06010767302939592,0.12503347597116907,-0.3019724487548932,-1.330261350538963,-0.28721535052334174,-0.6642276407304264,-0.04672715138181305,0.5058913294524645,-0.022474063640057926,-0.6212928669084318,-1.1172985482533542,1.246562302776253,0.7871423649767475,-0.8131811718697353,-0.3614651385073966,0.08139145603374563,-0.5687115725095198,-0.2178696441526336
2004-07-20,-0.44655157377865257,0.2608305533552518,0.86697340941407,-0.5421602479028576,-1.5308381303673246,-0.4949254142099252,0.7759344066541064,-0.3190871455967899,0.34939014963097037,-0.22806711132267887,-0.38061074190655525,-0.01083632254859666,0.6347636106835477,0.7402804549645754,0.5587138018539546,-0.2679207391939475,0.5882668077069099,-0.2178696441526336,-0.4495144628140653
2004-07-21,1.1677871618769518,0.5193232275479234,1.2736226373573865,-0.6515395057598193,-1.7109595749700923,0.016322627754178615,0.4858819432415882,0.6123041538969132,0.01251429595534442,-0.8922672997430082,-0.005843170583099551,0.1894122187454021,1.0042500541142505,-0.5815717243825739,0.26486562409726544,-0.49051981488986435,-0.6208052344420649,-0.4495144628140653,-0.47962555802008644
2004-07-22,-0.9004009343800292,0.6246456106724776,0.26456962569455433,-0.8103918834256656,-1.8341875947067212,0.43144134483582114,-1.6829907998892062,-0.8198046424529287,0.66106994969427,0.8904791665197598,-0.25021030879404327,-0.44288115796958855,0.36320305531187735,-0.5776340581370979,0.43941805986595156,-0.46764310242778234,0.16369423818565293,-0.47962555802008644,0.08711444373039971
2004-07-23,0.20271893905018012,0.4935155346331955,-0.19331754191605174,-0.9502279913560141,-1.9343149267865931,0.18994500343725593,0.7167029714745571,1.0110554086956909,0.97130729614327,1.81694956016809,0.36608806366904467,-0.8947471639955101,0.5234296661011865,0.9194543258963789,0.39719346969663455,-0.4606747340608143,1.2065933645000027,0.08711444373039971,-0.38237737954361056
2004-07-24,0.5847229014573306,0.06772921915347842,-0.07275010372536303,-1.0785956155841556,-2.004344578382839,-0.14370883017374003,0.523685713992389,-1.122340303555129,1.188719026260184,1.587026463011518,0.6322678783051076,1.4865173523023458,1.1698723383133143,1.536146094616942,-0.4595147562275662,-0.5383708934639656,-0.9128786406256554,-0.38237737954361056,-0.038860271215061075
2004-07-25,-1.1462507184846382,-0.5502945646051041,-0.8526419887465498,-1.1777987317084795,-2.0419561515332942,-0.11813941601339897,-0.33989481686288997,0.9023097701146469,1.3213010599001176,-0.662345677848351,0.8342522483604464,1.5148012306562257,1.5791389137921048,-0.40003947810802615,-0.1963161838216459,-0.49985817612470307,0.8824738260463447,-0.038860271215061075,0.082319255777209
2004-07-26,1.560841080695498,-0.9207354593143557,-0.6635278449045039,-1.252326929727216,-2.0424455900876675,-0.04659184015975472,-0.1449100257649117,-0.48905825160969535,1.843775168781101,1.0187462892765038,1.1883262680708464,-0.5443282146870289,1.1560079437155337,-0.9121419634322838,0.17239863640191547,-0.30037185703785196,0.2901355419117535,0.082319255777209,0.30589878904698475
2004-07-27,-1.3993064709657508,-1.1196052076062448,0.34233044392111256,-1.3219944287939402,-2.0005385633741373,-0.23148286886324743,-0.3852920537652733,0.026759256111337407,1.4840552911687153,0.031749107213366906,0.5981325658095601,-0.21267437895128852,0.5785601965540371,0.17571112327689714,1.0539326663703266,-0.20758535301736447,0.6598131299145248,0.30589878904698475,-0.025606759276521607
2004-07-28,0.6545875105458053,-0.9522945387762429,0.0977182328532315,-1.362421588170376,-1.908732872052463,0.040340163771201844,0.34248237326231484,0.43266043658289033,1.2100942859813104,-0.8421275442117069,-0.05289280747808941,0.9717935592549277,0.12911909845283778,-0.16479565242676728,0.5778225855777459,0.037760476045739545,-0.5431793109537683,-0.025606759276521607,-0.17509735154578687
2004-07-29,-0.30446910741206407,-0.6951794275318848,-0.6050004675225157,-1.3825467251696055,-1.7706493661608655,0.4316621084408965,0.3505868936467629,-0.7642687839293906,2.041533368099543,1.3642243117480244,0.8629688255501508,-0.35238261141896343,1.130065092624271,-1.266971791605127,0.7736441528866682,0.399799492598045,-0.46276721680572486,-0.17509735154578687,-0.25101924768748607
2004-07-30,0.7974319170787341,-0.4305944292824595,-0.2631384591517873,-1.3420410284784339,-1.5854478743868556,0.15245032429917796,-0.06047822722695058,0.834529296810072,2.2984319669056816,1.8395269648964507,0.22470590261391948,-0.07528275930327175,0.04321416732197556,0.14530276722370977,0.05791475887650833,0.4068367184870856,0.05613666906268781,-0.25101924768748607,-0.1811840520227597
2004-07-31,-0.8356707892096549,-0.17667649243768563,0.14560341296747134,-1.1265852788709345,-1.5338580383292515,-0.2591886640116091,-0.6125528482815462,-0.6261737901124207,0.7732715309800582,2.0025778964150245,-0.3100311275102557,0.22378799092024448,-0.5230062747126506,0.0627278721830066,-0.47235869328537655,0.3946821768395632,0.26170919220618005,-0.1811840520227597,-0.027048911807758397
2004-08-01,0.6252744681221742,-0.015645149710701786,0.8426712913522533,-0.9855786209912321,-1.1634859680250935,-0.2756176400732276,-0.076528570573964,0.20381794600787131,-1.5071099864372686,2.0746270544560064,-0.449381478297607,-0.0914081675043175,-0.9993939939961327,0.3458964620847164,-1.0097066643964898,0.3644632584372637,0.3136029714861305,-0.027048911807758397,0.5602697768865845
2004-08-02,-0.11565386125287663,0.11490908219883735,1.000654711668222,-0.8210036000071007,-0.857939470019412,-0.09174735414939064,0.7885327651467917,0.2703813795799368,-1.6719319747968515,0.30841853271859815,0.33173054010130026,-0.6684927685459011,-1.9170238502880979,0.9668553333036094,-1.297767326853767,0.10059618649848628,1.4443575892122644,0.5602697768865845,-0.31900480026442213
2004-08-03,-0.2653119806944336,-0.060038228572343685,0.6689288729860136,-0.6414859217176397,-0.4634713794635603,0.09879892658200788,-0.31462308020499485,-0.35403709065280936,-1.1314370082741427,0.012283982139530164,-0.09410808975778664,-0.2279840864829634,-2.3167100948496597,1.1784548560200998,-0.13254377359003838,0.04413421571914442,-1.515934333012631,-0.31900480026442213,-0.3921223619609748
2004-08-04,0.3930467602052511,-0.10872323537978348,0.59776653123839,-0.46185757035104547,-0.14018384157974662,0.6810312356233867,-0.455562244547321,0.06655722398851313,-0.3837603670044051,-0.4003954185238729,0.40603602804908984,1.4529544980052411,-0.5953644125567031,-0.6287806097938486,-0.2894965457217559,-0.05737823602805391,-0.0552168072490492,-0.3921223619609748,-0.4031683050654543
2004-08-05,0.08028262505030291,-0.026418698111454482,-0.1694246562078888,-0.486889756759675,-1.669542844551691,0.13384461488219201,0.538839388780885,0.4798258103544125,0.04699563343966576,-1.5568565584742062,1.4629117094084723,1.575346084545264,0.5078161232659137,-1.2032024799001486,0.5602564737931046,-0.05072957571959145,-0.2632898630045379,-0.4031683050654543,-0.3428044018717591
2004-08-06,-0.3687015280704699,0.10733778734527429,-1.273106305409918,-0.06140760108286586,-1.3895477396507692,-1.5914136146135007,0.41530242118936483,-0.6614311623460706,1.2603911743502536,0.8018701572517642,1.6728322939105325,0.22603559770604,0.3171439942127127,-0.5294316589362555,-0.6756702082087729,-0.07588948654571274,0.3492493538239614,-0.3428044018717591,-0.23398529336302296
2004-08-07,-0.14127075726625582,0.4497777715479174,-1.1693908327197033,0.33190665972073896,-1.2799793283066263,-0.3002964742193171,0.013617927018290598,0.32483836959018225,1.5890952297953342,2.5672739886122913,1.9337685252226067,-0.047155928694562484,-0.3768063907639408,0.36531352385220073,0.17710815209585345,-0.022999359169271826,0.20384786061050247,-0.23398529336302296,0.3295215687477416
2004-08-08,0.9369823486164192,0.474246163585155,0.5505323276508709,0.7456631543706622,-1.1369462120893554,1.8658109846657112,-0.7601000501238441,0.09591100483531542,-0.1163429840517646,1.3814401022688327,-1.0884664403164923,-1.632502432705615,-0.2641130626537602,0.5908552541267643,-0.5051968077687877,-0.12353488929724879,1.0784679699068929,0.3295215687477416,-0.3603011036288206
2004-08-09,0.1945601391344578,0.689268536574146,1.498216853715411,1.206317524234714,-0.9421832364992091,1.1424760283277804,-0.7262419501052947,-0.3915281541336067,-1.0976950980936708,1.0313439223005194,-2.3424336187521573,-3.2225134593068687,-0.6720172212266774,-0.5501876068766478,-1.3640544024776662,-0.48946027165570294,-1.143532320722261,-0.3603011036288206,-0.7136510839214001
2004-08-10,-0.29690217914380895,0.9204561252152127,1.0401047046119725,1.6061770425494042,-0.6768939679843892,-1.5954522214188953,1.09379526739383,0.2989258892573883,-1.5814142403052727,-1.1717715659270702,-2.494175256367332,-1.177869189853031,-0.27680742820089677,0.48123561976374624,-1.20430766878586,-0.7951088522121865,-0.4061355958317574,-0.7136510839214001,-0.16993931343962687
2004-08-11,-0.14608418878641397,0.9223897033839926,-0.9172015242791529,2.222929501204975,-0.2618177779133251,-1.6273079411769518,0.5413678512977754,0.13409722014985326,-0.9714979822260733,1.4297776435154819,-1.8054798024132157,-0.12805328316523765,-0.8000827387994905,1.0002700261760997,0.6371125990603882,-0.9174366538927485,1.0880634375018765,-0.16993931343962687,-0.14621958257768922
2004-08-12,0.018720106480758145,0.8401572719511529,-1.394317418508112,2.5369661448346257,0.09787787721949684,1.056329287631208,0.05797165960942492,-1.0211865555922814,1.0099502963026026,2.121829644380956,-0.4725888658977159,-0.9165463407482245,1.2225671424483928,0.7695945982096237,-0.47437904101231504,-1.0164698782695722,0.011513972061548595,-0.14621958257768922,0.12085153139632164
2004-08-13,0.45091094787269864,0.6128697540778998,-0.8474963538467025,2.7614218416705576,0.4677853977007052,1.6289416007368507,0.2877945746782247,2.147879674617224,-0.08669243967342032,0.8389815644469328,-1.1151074510410555,-0.7064079283655085,0.9668219323141628,1.8128533458928047,-1.3720146649824005,-1.0749711052107034,0.6646912704496525,0.12085153139632164,-0.34087419721309026
2004-08-14,0.8526855276890559,0.3513127666148166,0.9965405370320862,2.9677630912203563,0.8492953336859184,-0.37080433183733763,-1.3625437887702785,-1.8733295967860115,-0.724604119923235,0.2212844667270644,-0.3387371894897076,-0.3781496711497989,0.600635030461853,0.9447327716923606,-1.5590701797273245,-1.1237838250446905,-1.4587594603297729,-0.34087419721309026,-0.6528699119602982
2004-08-15,-1.9256543394337797,-0.05182131326168389,1.3039530976541183,2.934035739163906,1.0953017693543194,-1.3515603398218896,-1.0072437305656778,1.31577470060464,-0.7415982429655146,0.21854460453745686,-1.753621252741377,0.36530054477101037,0.3888315829327944,0.2893080529008694,-1.1130960482880776,-1.1199930267969354,-0.7873465309308627,-0.6528699119602982,-0.32043724083779246
2004-08-16,0.6461642638669206,-0.7144455097541456,-0.7030116227151009,2.7119840884788613,1.292212210510946,-0.3661146700026462,1.8400562546858112,-0.9937478579114841,-1.3330393944215877,-0.8830850281679623,-0.3730981563736931,1.3593254613193158,0.4605952229855629,0.46154049093460814,-1.0773466232234234,-1.2722732004356871,0.8739342725188413,-0.32043724083779246,-0.786738818320121
2004-08-17,1.5950435626760813,-1.3955248987074986,-0.1883750183022767,2.4548285738156275,1.4453922963391903,0.7376882588136792,1.6746546260248283,0.9590999589591196,-0.896767808688083,0.6522461710676809,-0.29142246506380265,-1.7512771469330206,-0.4397505474317506,-0.888387382894268,-1.1905582329917597,-1.422606276413967,-1.1302672814025867,-0.786738818320121,-1.0489640057809597
2004-08-18,-0.4604045010198025,-1.6908974882829197,0.5746654934202678,2.1453843111878665,1.5647200734433924,0.9148887730484089,-1.6076839633177102,-1.276723578719407,-1.2798672550448498,0.3336592930311248,-1.0265334192191842,0.10271332672474805,0.3904193658981615,-0.6350392561300409,0.6145408368171187,-1.3968634803156,-0.7288629828622019,-1.0489640057809597,-0.9365803486435027
2004-08-19,-1.318564073232705,-1.587074600896274,0.3468775013338694,1.811882499644498,1.6108515936901868,-0.17539392794619343,-1.8860002122319859,1.7346917218136257,-1.1870811919852544,-0.3560403800190197,-0.06577809754496992,1.770980703857104,-0.17117966748139615,0.05175886802007743,-0.7348151409868892,-1.3646589984592017,-0.3415921611498213,-0.9365803486435027,-0.8570584169692329
2004-08-20,1.9593149336294113,-1.3606861088689914,1.0020233179281335,1.4771033614051703,1.6210724156157483,-0.5522799826197525,0.47578466030458866,-2.0426108012831685,-0.822083717021711,-0.13545264488764297,0.9392196228659351,1.0661276282946406,-0.8204952771882204,-0.9029855860583855,-0.7388400310754702,-1.5396030900602686,0.770537953387385,-0.8570584169692329,-0.6302275084262224
2004-08-21,-1.2157609802038687,-1.122371451030196,-0.6128581963057407,1.1105095809714496,1.6544823722980349,-0.341139942966177,1.666928997909021,1.9658155368571086,-0.8744307123127895,-0.6619515066807412,1.0057905074056532,-0.08665408867176252,-1.5337558892007088,0.5558722576263644,0.6923259764432852,-1.3997574436951006,-0.09645934871543228,-0.6302275084262224,-0.772821900772636
2004-08-22,0.45732251065879387,-0.8016026079402475,-0.9003625744209665,0.7004092309308464,1.6938111742693054,-0.009042793645308692,-0.06356015149782716,-1.2850789958197637,-0.37795291028917405,0.7925852863327331,0.4824297463488543,-0.45675432546407635,-2.252042224482804,-0.2598219844164271,0.8894594755045078,-1.040920267166865,0.1207203349665284,-0.772821900772636,-0.47471745464030146
2004-08-23,0.38582758861180744,-0.3668436796818784,1.5245138509530958,0.30305891671910573,1.6571652059785644,-0.017611768169204723,-0.1265782366148667,0.1493201884896479,-0.9853875229130901,1.5783295879891985,-0.42892110519180043,1.6895385384177224,0.2050203790319868,-1.1577065170246454,-0.5789726764178522,-0.8932767794347138,0.4515096294802897,-0.47471745464030146,-0.7823862853616115
2004-08-24,-1.3527572166318576,0.2674317607886402,0.7750121133550218,-0.1663671774244134,1.5971065862491007,0.3869653391837419,-0.35611226814372626,0.3801948794913966,-1.0957079624740416,0.24729904071715014,-0.33701002355556003,1.7758276568877587,0.3643978133443094,-0.2345066032094838,-1.251809003032342,-1.0497443506933906,-0.568522710883488,-0.7823862853616115,-0.7049305554001043
2004-08-25,1.1316533752001408,0.9596357230162502,-0.7327943198449757,-0.5983877954745882,1.5048639423292662,0.6835783451382149,-1.398083331659052,-0.33474094407972455,-0.7466006025598525,-0.14917254982522576,2.092142341789715,0.10559481483574477,-0.780365694176452,-0.4308501948185628,-0.700252046825918,-1.0891774507480845,-0.020552862711594243,-0.7049305554001043,-0.8074690735137947
2004-08-26,-0.23995468344092732,1.4727481709403591,-1.4265346797909386,-1.0229904072518081,1.3747895979961007,0.16551103501844747,0.6703575654637102,-0.08873097395415797,-0.8008374663397121,-0.5946508577161665,1.8075895309265155,0.5099174780291971,-1.6098665084838464,-0.8394041275554261,-0.3848592050445324,-0.9987291860503013,0.03621750232089475,-0.8074690735137947,-0.9587980030117563
2004-08-27,0.2578443873837905,1.6351232217567646,-1.9366527566856708,-1.5109113629143733,1.192759689342901,-0.7623261117922564,1.3001199195221669,0.6057313812767553,-1.359115304462364,-1.3969100634791294,0.8839035624182937,-0.17151538812266043,-1.5029563445311345,-0.5126775659118832,-1.0222495724936762,-1.0192358767352938,-0.28979942168004597,-0.9587980030117563,-0.8106990216617447
2004-08-28,-0.42177697129485886,1.6063044467155334,0.4960269040264916,-1.8751856933713418,0.9653128031808053,-0.7922027047063843,-0.05929814435415367,-0.7401654901573607,-0.5584721377219589,-1.3161067479496518,0.43712738873313695,-0.1423747453713831,-0.6639506006390947,-2.009169042173502,-0.42335741900413454,-0.8633878127074249,0.7521627285879118,-0.8106990216617447,-0.6067888614249642
2004-08-29,-0.726480091501005,1.4664618230002484,1.1102431381929916,-2.190127801954078,0.7005492891642151,0.23065176634084555,-0.9779349281599862,0.10743051668288509,-0.014597435493804177,-0.8941717669396267,0.19491789687261307,-0.09665320404513704,0.4739256789226136,-0.9528788765122668,0.27158011973360485,-0.7101941219993712,0.22500820609346295,-0.6067888614249642,-0.8206504666250592
2004-08-30,1.6801345504433098,1.2577621617907648,-1.1141660726210987,-2.44491908885156,0.4152058120999226,0.927026304254646,-0.31857791757087434,0.4406804240108299,0.35951220559840774,-0.6793322765647788,0.838424895326805,0.1653648404548475,1.16920343623128,0.3745087764166837,-0.12402750387778053,-0.5452747830612177,0.09839399765651015,-0.8206504666250592,-1.2089744197051522
2004-08-31,-0.8592533184701096,0.905620022514169,-0.4523654913157143,-2.629216444768881,0.12126628175707463,0.571485497255953,-0.4336247266617721,-0.7008071869799668,0.37684217117113245,-1.9898715950486572,-0.03519598905117469,-1.0195982423063719,0.77042266896085,0.6056337220795087,-0.8083033646721631,-0.7462434224076393,-0.5247014771410815,-1.2089744197051522,-0.5484401961068711
2004-09-01,-0.8962572823785322,0.41472878870984975,0.01777420459198843,-2.7765822495739654,-0.1270225665686923,-0.6283356243772644,-0.38582457924535424,0.6772325192477454,0.5080645116197825,-0.8975784356663845,-0.8246880793881066,-1.896806617738188,1.4682169153931937,0.06839737205373678,0.4109787924268473,-0.6014170019499792,0.5189235773046263,-0.5484401961068711,-0.7122584054120882
2004-09-02,1.1187320536287646,-0.06474130986698319,0.4990692605985262,-2.869723617469177,-0.36115840935951965,-0.844324362762692,2.5408124646086683,-0.29137131736807026,1.3206004285973056,0.6329602004331494,-0.8628951866271146,-1.3457273030977526,0.9324914724334298,-0.7146707926288886,-0.1688528514173474,-0.5247528416213182,-0.6287515524279484,-0.7122584054120882,-0.6593976672290953
2004-09-03,0.17910827897298673,-0.5307574033952186,1.991009942532739,-2.8335706889529924,-0.5863136799953501,-0.13808918648221558,0.32921351224129153,-0.5707962983968123,0.6510331961348769,0.6559985425407491,-2.0851594187788636,-1.6183534044462269,1.8699145201722975,0.020030209867461367,-1.5789938078208663,-0.8380546579943793,0.2488324421511699,-0.6593976672290953,-0.7985341124195738
2004-09-04,-0.9150998992485679,-0.9555953558724443,1.4115398255870393,-2.635965214507935,-0.9099084789371639,0.8973757828961295,-2.532094993040613,1.4385431376047881,-0.19081772082011011,0.10122023990525217,-1.825595416335918,0.07717996435391221,1.561989061261904,-0.7697878437401775,-1.0042881111147044,-1.0663722431723075,-0.13086854690151256,-0.7985341124195738,-0.5065536036307301
2004-09-05,0.28075638650050794,-1.2701840176590153,0.0056785028012321884,-2.473685214444548,-1.1030109750272883,0.43389782028203716,0.190819781888108,-1.589602798209393,-0.060190165293601404,1.1732362265714673,-0.580283168922058,0.8002749039723855,0.23222683609951034,-0.4840281269607779,2.425744232531248,-0.7796072488852925,-0.035894332271133984,-0.5065536036307301,-0.186839858830272
2004-09-06,0.8209782825742497,-1.3689636659584206,-0.4869435256547646,-0.1435127206296526,-0.7678516305312412,-0.7064382263538725,0.5909273531717582,0.9583921545981526,0.3316836504406849,2.205654905963833,1.46033444392463,-0.4268722512024027,-0.7665180482059917,1.6270236409889594,1.3870467942651912,-0.39550500976513014,1.2328477124581598,-0.186839858830272,-0.28020493976955896
2004-09-07,-1.4166628320257788,-1.2782752796931833,-0.15330064643651917,0.4306729325415694,-0.7642744041949773,-0.6689504741852083,-0.369898462143399,0.013316455250025045,0.027418840385638122,0.3757858778553615,2.3360330819089725,1.4304782424991949,-0.7037649673686375,1.4517541685532933,-0.062249956532745294,-0.2537712464831322,0.0446946042618044,-0.28020493976955896,-0.8564050160182254
2004-09-08,0.4465062257605434,-1.3447531284896288,-0.03429860032575289,1.0234702548203076,-0.6373999349597167,0.2842044711178349,0.8502580426783389,-1.0174422919043105,0.4749079363701675,-1.3603090355465577,1.947752673859538,2.6271542077588546,0.1333227332971362,-1.2815981500831146,-0.3182300754478671,-0.26262019695609645,-1.0718721390236117,-0.8564050160182254,-0.44965041143316975
2004-09-09,-0.3806828453957107,-1.00020887468734,-0.7799927504977126,1.4948022411093296,-0.448379388922317,0.37866134074407887,0.5411272678285802,1.6049514078874694,0.37441761930072875,-2.3685760160887686,1.8404989528068658,2.5623095190261203,0.5820831412331504,-1.528605897763449,2.513350455360907,0.39723189790385083,1.335279137683745,-0.44965041143316975,0.740744075686221
2004-09-10,0.8062866201178498,-0.5899166962567851,-2.111707900683356,1.8737317699267546,-0.2189168555611546,-0.2713822524075606,-1.3543577428144202,-1.7242276776403251,0.8975311387367984,0.5442122479341852,2.0335690150470063,2.721428706952754,0.8395939051358152,-0.789844095548768,0.9218320468298613,0.6036852875512636,2.021793871098575,0.740744075686221,0.4809139793196773
2004-09-11,-0.4224102020141889,-0.09507874733611495,-1.6974667580315175,2.1289457638867426,0.047374641019868685,-0.20371165922839585,-0.6105677724723343,1.6395066087766863,2.6761042125856527,3.07045520298696,-0.8774816226196154,0.8071867870629879,0.8885269613258306,0.9880131007636067,1.5479183119820594,0.7395399120755102,-0.8585956867344189,0.4809139793196773,1.1958514428937592
2004-09-12,-0.8129545301078908,0.4817117892399588,-0.2595193896139906,2.319694653683702,0.2534937499184436,0.5451313705011829,1.4763817056072093,-1.552748997588216,3.137860923850607,3.333784626645609,-0.9907204891412057,-0.1862530283950293,-0.13502977632361013,2.1052102109255744,2.257082025131714,1.2571034711388909,1.160770689128656,1.1958514428937592,0.8568725704842909
2004-09-13,1.8431489240833832,0.9139493477913389,1.2291970770547813,2.4689757052500108,0.5085805621980084,0.3631204135913154,0.01117096704462608,1.4897384298861938,1.8370916394577612,3.0155499712083618,-0.40320996781875856,-0.5234946480330043,1.6386612855337679,0.16040486647986438,0.5593338879648196,1.493131746301264,-0.07214854784352731,0.8568725704842909,-0.10142264686271145
2004-09-14,-1.4565293044036682,1.059091411947446,1.0579596850958166,2.441328285165115,0.6273236963406694,-0.8424759362368918,-1.131263140922341,-1.3861209671697234,0.32673186732456233,1.391713419371881,-0.44283044237165053,-0.32496890508343645,1.266467512611527,-0.32132011893593554,-0.5566913914210108,1.2893115545774285,-1.0292902428372317,-0.10142264686271145,-0.1136492636439428
2004-09-15,0.15898406406511964,1.0285464684531358,-0.40612690702127613,2.711938236917285,0.796665497319588,-0.8858464958004965,0.5127236393636012,1.1221164478092491,0.36196905791764544,0.516731061790977,1.1460164555950012,-0.05562207025369145,-0.26671422467370015,1.0273172641849941,0.794749991518332,1.3734357465879519,0.0766341669681343,-0.1136492636439428,0.8744770727982415
2004-09-16,1.503203508950192,0.914314265121619,0.17117571779289076,2.7724470276370647,0.9400128562936816,0.6165887050460198,0.6586672650467987,-0.708087228442419,1.0954999387793107,-0.4102287604000745,1.0261428501626175,0.011614341040108044,-0.3651051685867866,1.7739606963872188,0.5149474332016204,1.634123119981841,1.3486733758808882,0.8744770727982415,0.7693967991747198
2004-09-17,-1.8924303243916762,0.7243280042443787,0.9801647620591839,2.797288189898165,1.0505283370050924,1.0039973608947657,-1.4563185301225536,0.15912295398172271,1.706019059604103,-0.12667561914197678,0.29394691978784687,-1.1397174211895325,1.2139583763162622,1.217235607812358,-0.7697855460121727,1.7488459736719768,0.11135264106551056,0.7693967991747198,0.34186544973340327
2004-09-18,0.9001906979216574,0.4350375733956857,0.8431236470635181,2.7997203887587716,1.1345992431492855,-0.16863021391802333,0.2776295804263448,0.41550892088387387,2.2883630549037264,0.7834221706871971,0.17457735711578443,-0.47979024293897327,1.1520287440425014,0.5795260389376269,1.3622893875307873,1.7612329624470513,-1.3192968471278124,0.34186544973340327,-0.26682367268371354
2004-09-19,0.5850410904138054,0.03803487691444686,0.18072643918178888,2.736451430757549,1.1954208405984579,-0.5183520151840125,1.8291576484639112,-0.9433692167462856,2.1570010265328974,1.2056898307687969,0.8503503102194607,1.2599704425728984,-0.5217372538433568,1.2667318175137412,0.38261437056169084,1.7581247176015062,-1.2879452026441354,-0.26682367268371354,-0.11876388010658581
2004-09-20,-0.5566251179434282,-0.3188716487696931,-0.28939164514037324,2.356414355490352,1.194091917344508,-0.10242010192513992,-0.3779362384410996,1.5041762391884859,2.160859047245276,1.1502560667759818,1.138141272504409,1.2165694244005547,-0.27720066046817315,1.656294087644737,-0.12182126177346139,1.7685787985738528,0.24193505525369588,-0.11876388010658581,-0.41156544910474047
2004-09-21,-0.16935499068595725,-0.4536559441764429,0.14239915445540224,1.9715765761770165,1.1933334015382817,-0.24073412823483473,-1.381196574994023,-2.1286172952753817,2.0512470736693387,0.5884476243152927,1.286736837117364,1.1424739494827816,0.600295874875793,-0.19640352386697388,0.15973360087839925,1.870824016366727,-0.5160657212482137,-0.41156544910474047,0.9700260777117232
2004-09-22,0.6316181383139081,-0.3836378057224024,-0.6743630910318087,1.4472623456203393,1.2011354816291269,-0.30004609292790974,-0.719221769495479,2.3921857502000603,2.022193095133091,-1.213241455148852,-0.5385739954378289,0.32522275846310306,-0.022230795631309076,-1.0549774009403785,0.39512013376461963,1.51613521656972,2.4499388919186287,0.9700260777117232,0.9600119709750825
2004-09-23,-0.26441316212011123,-0.22723567831479888,-0.012956564898864039,0.8699149135844947,1.2167728511353575,0.952553845585211,1.5572028127037374,-2.145647739001508,1.9668828115582357,-1.2414960237811046,0.21636703458930653,-0.938244364560966,0.25390955787032876,0.9903059379436568,-0.5286535450497054,1.312882028604291,-0.3581288796576707,0.9600119709750825,-0.1950990837102359
2004-09-24,-0.44485538119116114,0.0026588185424093634,1.8309689499478512,0.2243228175518666,1.1800973010193838,1.0311761954634837,0.34303750780109016,1.5809891975742019,1.2764951811288212,-0.694573275410034,-0.8383552412504512,-2.2625185730098827,0.435617701216819,1.414881449578296,-1.048765214330776,0.7711268797000573,-1.65442400511159,-0.1950990837102359,0.30484735887406306
2004-09-25,0.956198073223177,0.17288054800407532,-0.9267825746946715,-0.36504579632281675,1.115467554413858,-0.2988259807000395,-0.9333126123126725,-1.0370634865494077,1.173515730596109,1.3385611001866289,-0.06513275159253551,-0.4939087023760491,0.7430297900227968,1.149425380416085,1.4763149844807693,0.4655682952523716,1.1554393940196355,0.30484735887406306,-0.12093123588445297
2004-09-26,0.43204896533885884,0.20601700250580568,-1.1841202457407922,-0.7959835376727914,1.0058087196631136,-1.5597347131438999,0.21293452450411304,0.7149457986528135,1.3584590159500682,1.5645864725279794,-0.4255200499454785,1.1855130888153347,-0.1724011665298094,0.8649738973078436,0.4552125309256223,0.47336287839662805,-0.6293730052711701,-0.12093123588445297,0.006117625277093329
2004-09-27,-1.6282015862427917,0.12565669252225564,0.4201193888316976,-1.1380537807099653,0.8352477822095851,-0.14885439804792724,0.23209995487575774,-0.7790270098393998,0.6473087700126827,0.33187007855363654,0.7155302560985843,1.3505370024182368,0.23945392405085306,1.097288219396757,0.2947348407906236,0.7682040063600464,0.23443075164202218,0.006117625277093329,-0.2879815430967616
2004-09-28,1.899506383161681,-0.035179146038012955,-0.05718397851821483,-1.3667958320712232,0.6448591891830516,0.7768113460664371,0.28936008010860276,1.1557369673089242,-0.34015762150112294,-0.8826223462592415,1.245280614232363,-0.8213633187816896,0.33631683441691845,0.634551498779727,0.08490616513930715,0.514325247563961,-0.6786526854869338,-0.2879815430967616,-0.29121008829009504
2004-09-29,-0.178164184640181,-0.25368710295256713,0.0272614290700776,-1.596012975590829,0.354409857985018,0.30473771770249336,-1.3012467118510032,-1.611992995171785,-0.3584772408744315,-0.8433403034204282,0.9358876766004975,-0.6505254083958166,0.662886440207039,-0.26790133755146844,-0.3718288895688488,0.2653089291847834,-0.1144605069192471,-0.29121008829009504,0.6172773161764419
2004-09-30,-0.30800638466117813,-0.48480634357335,-0.08461748119883909,-1.7896510991100512,0.013741718712091504,-0.40360511612155003,-0.5899782020919354,1.8143637103043995,-0.31392677431679367,-0.32242697293452455,0.40646880516028083,0.40004576430792843,0.9442533479793799,-0.6493998772487781,2.0093066242736595,0.8143454955078177,1.7498799057960288,0.6172773161764419,0.22664004514999594
2004-10-01,-1.050265743667817,-0.43794294272533124,-0.45061535873263464,-1.9574520252043808,-0.3196708286782475,0.03588946130363335,2.0968188776540932,-1.6823030062532893,-0.336453442200919,0.03205495941047939,1.5312032619955815,1.8723830087051432,0.4821858048271757,-1.164962526264693,0.8927831266683893,0.7294075014057303,-0.42735782448821813,0.22664004514999594,0.043173203393950706
2004-10-02,1.4062240372556003,-0.2740139563723001,-0.1525684484452937,-2.1031653825369823,-0.6463295388987703,0.4759913422009928,0.22999290513236798,0.8058131628031315,-0.6185291100426098,-1.4657556764443673,-0.5854592597090673,-0.2528072748607255,0.07068579782764621,-0.47964095819872676,0.7054987338688008,0.7376220835164705,-0.3963616753596272,0.043173203393950706,0.05858705193277693
2004-10-03,-0.4427152445063502,-0.04605312945966538,0.529584574472304,-2.2285288956594087,-0.8963297877366116,-0.1829097090879491,-1.6265276769173587,0.5416818452736845,-0.8420897299584305,-1.4331349221606118,-0.6521718105772842,-1.1883388783535478,0.008271075579275715,-0.6719922009788918,-1.3734371089443582,0.5848712512978923,0.031433264771470945,0.05858705193277693,-0.3613663874516869
2004-10-04,-1.0786296109350144,0.1792940530212038,1.6668340530168615,-2.3332749241737085,-1.1190836921074876,-0.44547637406299434,-0.12563893922189848,-1.2767000810038807,-0.8001746388047574,-1.0382948439815156,-0.48570716331187863,-0.7566573478801568,0.048405500520894006,-0.12470787769616175,0.22961855646795146,0.6091735572786555,-0.5074905372424537,-0.3613663874516869,-0.10724431920512296
2004-10-05,1.0354927243870105,0.3777875206507805,-0.25404472927467886,-2.381531411487038,-1.2736177651915235,0.24020876769367175,0.5389198100194428,1.1607663621332773,-0.8035864639518998,-0.6934606521925805,0.9935944061854529,1.8746469787466316,1.746696283814932,-0.3550549211957233,1.0823935471074655,0.7595447816651502,0.20955609367246558,-0.10724431920512296,0.11994116739370367
2004-10-06,-0.8839998654757467,0.46038254978772686,-1.4450930359227334,-2.2814148796842013,-1.4153140165870068,0.2799883493188678,0.10510673184217896,-0.9065324362207919,-0.8391559542503128,-1.1112045157124815,1.5607358020959319,1.2323150983674493,1.3134792598403235,0.4457963821129511,0.6961880662969415,0.8959529803778107,0.4333874006456033,0.11994116739370367,-0.07130975507677277
2004-10-07,0.8295362558968253,0.32180094411573706,-1.2212271407627613,-2.1335148427915573,-1.4881399588534283,-0.08759525187008295,-0.4796368766668793,0.7172943828598471,-0.5892037982912733,-1.3412226818632964,0.7026375458540037,0.2115540061183031,0.2855802806367717,2.0037803120692534,1.7392790080264389,1.2729301389812087,-0.5013174339713169,-0.07130975507677277,-0.010906478902341714
2004-10-08,-0.5875933040337952,-0.00015162519122146538,-0.6971062706949939,-0.6404678655217819,-1.0357925035047009,-0.055365750840606895,0.3770528331243781,-0.6395904600913503,-0.2716508178149298,-0.5292086021758144,1.2039659018361843,-0.01365347918693644,0.14793021381435484,-0.3175814986646804,1.207974087904516,1.3119780888668762,0.2624245753588441,-0.010906478902341714,0.9375011110756827
2004-10-09,-0.24839930934130666,-0.2951181861480464,1.2201912002469693,-0.29184580211840017,-1.2451949444187342,0.2277079485741697,0.7827254961975623,0.29958163085409356,0.24673476193459304,0.09062772223012308,1.226283582060534,-0.2541228106030044,1.3101810556809215,-1.162604270757074,0.21525455313417163,1.2832554741990612,1.5321858301755111,0.9375011110756827,0.7150177779997695
2004-10-10,0.6961382841872564,-0.575391851400903,1.5391861070298394,0.04993023503989486,-1.2058158624860509,-0.036006688796233276,-0.9021902385200813,-0.11369946596864001,0.6256297148717731,0.3363970513247406,0.043845207154250686,-0.7565779270638362,2.3738954319013517,-1.1360180607762258,-0.49120599385423186,1.0739247116015513,-0.7089527423391718,0.7150177779997695,0.354608467801293
2004-10-11,-0.6904925814818575,-0.7190726934116743,0.4343228350300356,0.3305897449062565,-1.146575488210722,-0.41237420052079177,-1.042214812635654,0.1013462202040593,0.23343292512124936,0.08116170106314022,-0.12465771995718271,0.8867728737019533,1.4109942644970184,-0.27777453438031124,0.3490881260944013,1.1458917858330608,-0.47681430361533866,0.354608467801293,0.048118863368030854
2004-10-12,0.045416896452379875,-0.8096135512901329,-0.8947073161146069,0.4933812078325067,-1.0327010721085688,-0.20282402796672028,0.43890450850886575,-0.17415757273851917,-0.10792012274271325,-0.16954569650874915,0.03900001551268731,1.2659752650949978,-1.1437992327073037,-0.07321189677298845,-0.388621175621671,1.2070217392645715,-0.6021437740929708,0.048118863368030854,0.3019223034221475
2004-10-13,1.154170594446432,-0.8090834224062102,-0.42512849278487097,0.6685887482433698,-0.9352267583084,0.014255190562843776,1.2609568046258444,0.2966450321383692,0.10218357696357568,0.20328162373710265,0.9332800098280957,0.3601009584870213,-1.9438495925578878,0.41875173299807283,-1.0771884746342555,0.6342491313235208,0.440430084107299,0.3019223034221475,-0.4024944936596091
2004-10-14,-1.338476059216631,-0.663684682004596,0.29240367753729,0.8065071441993044,-0.8006545907848353,0.39355694879327296,0.27831363594563685,-0.2848606492604941,0.3162301375401683,0.2846607729378168,0.10036572530320659,0.0631772258199925,-1.1183416630273928,0.37102175346448574,-0.8985274680563649,0.33201499427955944,-0.8340120962262487,-0.4024944936596091,-0.7444291985202132
2004-10-15,-0.14037750071732638,-0.4189039746273306,-0.42555558661387927,0.92122723269837,-0.6724797863964602,0.5536137051634706,-1.087401439512037,0.23327146526351403,-0.19606193569779962,-0.4051378553202489,-0.4848267270557031,-1.223594837236083,-1.3153861924810832,-0.87334414212854,-1.1356529869860803,0.02676827266653618,-0.5460629561572872,-0.7444291985202132,-0.9203190946624471
2004-10-16,0.7433564221214302,-0.24036831933366637,-0.05823567837349359,1.0697687102059328,-0.5161148447527192,-0.24497856135827406,0.21000074104496022,-0.2552686341772005,-0.7851238689374284,-1.1615774817966777,-0.3412125073670908,-0.5618901261731961,-1.40228184750383,-0.40956262469841787,-1.4858911359285105,-0.1419336507807616,-0.5155536467995894,-0.9203190946624471,-0.9219549888282246
2004-10-17,0.2978768213254598,-0.15828396788234414,1.3790726463772502,1.1373406287189964,-0.3474766712987287,-1.5239971111909574,-0.7193400012816202,0.3962410593273406,-1.05495402376306,-1.4621211748793006,0.17558887476800664,-0.7763140253082731,-1.8428060423969375,0.2131824421662064,-1.1642594870236993,-0.3718297900201146,-0.04906883628326991,-0.9219549888282246,-0.12134879288867688
2004-10-18,-0.836862920297096,-0.2191835940096445,0.6532344321687755,1.201310024544708,-0.2008343548963338,-0.4957580582777044,0.00868640951508872,-0.510851719808262,-1.123720130275645,-1.1249377796543625,0.8179721032130771,1.0714631299531454,-0.7951583107198303,-0.43474921445271525,-1.1150071548194411,-0.686957753878804,2.1168454668579404,-0.12134879288867688,0.004573220501074505
2004-10-19,0.2726216688052127,-0.23779344029099103,0.10964359919824548,1.270572184238243,-0.035324987386082224,1.7494556992911563,2.0130262827098613,0.3276164535691067,-0.85804172750034,-1.1439252448327821,2.3027122098948816,1.7756429910838765,-0.4639100381762135,0.4079041858922481,-0.9562553284445657,-1.0427372122232998,0.1674318598380837,0.004573220501074505,0.35254861307179186
2004-10-20,-0.06797956146803101,-0.1730680006418927,-0.3943863587272697,1.3074576857703477,0.12070938918506112,1.719195077657501,-0.6091033757443106,0.2271036771382056,-0.45784253270776437,-1.7289354242847728,1.2842439723930892,-0.6126768763609661,-0.30773076177453024,1.0414312997658957,-0.04077471666527858,-1.3834429876282985,0.6361993550809604,0.35254861307179186,0.24252768073252282
2004-10-21,0.7626455700086162,0.020079795271446925,-1.7932022732377997,1.3272792377560259,0.2628394090421005,-0.7332221010070968,-1.8312084899555796,-0.9267464044662661,-0.15885137537161761,-1.3818396581013983,0.6601422948723593,-0.5906341854383361,-0.40353620892987657,0.34314081960830417,0.6107673602353897,-1.4137104006039056,-0.1964527556579517,0.24252768073252282,1.30829024339616
2004-10-22,-0.4081480841809408,0.36977777851812743,-1.305302486270202,1.645195703508625,0.35694037909423776,-2.2882337972649447,0.48823884693994973,1.359047667569866,0.6294656462685835,-0.6526453466959251,1.625946621750566,0.9490823913542521,-0.17397926762887586,-0.6539727346650835,2.663376734858107,-1.1062533797527072,1.8696389962037394,1.30829024339616,1.6861424471832007
2004-10-23,-1.7023401526451154,0.8701165789018929,0.7399067623960774,1.6758138628505628,0.29528671302842274,-0.7668376350942011,1.1573989846010715,-0.9963430572730977,1.4303807279345535,-0.470087698459069,1.6271568525246813,1.017306145665752,0.5931555652770799,2.4053383658793006,2.2903584372013857,-0.6306748671539071,0.29942995804706046,1.6861424471832007,0.33775567294220066
2004-10-24,2.002334826812919,1.453478279480916,0.42627815264795277,1.660724243048074,0.35612048631576537,1.8522331155542073,-0.4821596018358677,0.34243022282691404,1.697156946572187,-0.36263841584471057,1.4894070245733972,-0.2236308764409986,1.3874118591514404,2.518311017422001,1.960194695400414,-0.31594297861241716,-2.5283783480515427,0.33775567294220066,1.645936249455767
2004-10-25,0.49588482934120093,2.2629001307802974,-1.0616729392256452,1.5360230452505568,0.30292379825150684,1.3837657694500867,-0.7336838313070363,0.4961036392879521,1.560515563245812,-0.9505170516622793,0.9694076487985871,-0.0911713755751174,0.5108172411462295,1.1374898413610106,-0.7287651642350068,-0.4783947804465838,1.8198086896522578,1.645936249455767,1.5110307571551163
2004-10-26,-1.4451920844573705,2.2318654499637827,-0.04472976161766177,1.288210123171585,0.3314099477526308,0.23349941501888782,0.915168631721074,-1.351737296324646,0.8886109169788947,-1.2137193587718027,-0.7583344718404383,-1.841521886187377,-0.6426902848010935,-0.3353017027007253,-0.299254910339092,-0.30982658402651714,-0.7941227220044292,1.5110307571551163,1.0621038365401891
2004-10-27,0.5966752507162647,1.6636262414761096,1.4898437548503285,0.8871361684714759,0.36930722420964257,-0.8673745777916928,0.11877986787439254,1.3873911703616335,0.6031091519938455,-1.235981743708283,-0.13785714474314464,-0.5515171635749986,0.11809739591973832,-1.7754368302190273,0.153637088298701,-0.09494984235822236,-0.4766377834741327,1.0621038365401891,0.44111914549335335
2004-10-28,0.6636063575802268,0.9076547840985709,0.5565016598167106,0.5855984820648668,0.38553166903535696,-1.2741387410671072,0.17876449276465023,-0.5751697458244902,0.4332241695027493,-1.326480943491926,-0.30138102841976,0.2297440636467069,-0.00918452699228012,-2.3430860295276106,-0.5538004632891134,0.03002648285952756,-0.7359078991709931,0.44111914549335335,0.5126228427666549
2004-10-29,-0.9573911809579984,0.17674981199987494,-1.8742159100305884,0.31911032176251614,0.3985635677140569,-0.6135487288469288,-0.893487916965143,-0.36319585489562584,-0.017483389767568965,-0.507065991274371,-0.3533266287806616,-0.24882472974441067,-0.2737806461706982,-2.0993541809291476,0.6381533114272436,0.5617285499231985,0.14884578776062504,0.5126228427666549,1.5048717515548282
2004-10-30,0.681971902248158,-0.5002447498409812,-0.6553539521154517,0.10458849783724204,0.40102884034071173,0.7961077714082316,-1.5206351940387002,1.0755593659513702,-0.18504299006179795,0.05532127611555436,-0.2333585452920354,-0.8508129204972484,-1.3759912057139683,-0.1675361923115058,0.7091581037785871,0.918262645939772,1.3091106840279192,1.5048717515548282,0.4752105972460836
2004-10-31,-0.7597939066739137,-1.1122970104239964,1.7205900565027714,-0.06846018695472052,0.40672274550289256,1.0652227034182853,1.8710940924691288,-1.4908415093324403,-0.3161336600248835,-0.2149687853140778,-0.5874501623642849,-0.3947467440486076,0.09751715009414208,0.4351702921817324,0.08988657574024773,1.0393362632805578,-1.023228582699512,0.4752105972460836,-0.11603931056731581
2004-11-01,0.608833705927411,-1.5134983761690564,0.9878930032340538,-0.20490641387862593,0.4120662131955321,0.13319704816069702,0.5981548677338921,1.6784203930917554,-1.0778506324590702,-0.3872298198027536,-0.9517458075428994,-0.9162017253071641,2.4182004388293143,0.8647620761398758,-0.5423880504605583,1.145319850067265,-1.1294621673521812,-0.11603931056731581,1.4056029737632845
2004-11-02,-0.3089591112836367,-1.501371650934622,0.4082020298882673,-0.23870656880345562,0.4270891473511305,-0.4863315782299273,-0.5590273249459997,-1.6080294701820537,-1.5056870683285257,-0.367438792569657,-1.2367017808572345,-1.4592046170268222,0.10753642733394393,0.6485453792183662,0.44925498693880317,1.272401611377894,1.3212192097600457,1.4056029737632845,1.3595445453317594
2004-11-03,0.03895609585952091,-1.2339828646455975,0.19992625643995193,-0.31107314758082766,0.4378042367737291,-0.23193854038833905,-1.4655374122545963,1.1293086487997592,-1.828958795746723,-0.16106079909881268,-0.8994688846422678,-0.999049687310752,-0.8803279537970019,0.34442792366419905,0.07105421752447232,1.232679000139932,0.38322804318828146,1.3595445453317594,-0.1148607181033289
2004-11-04,0.10473890303567511,-0.9170074481525116,-0.7685615882473354,-0.425838702600832,0.41437476811466567,-0.35940917999233757,0.04724483665881668,-0.3364484261032594,-1.5261494037612895,-0.04168134986996474,2.1316408357268957,-0.14660144098187985,-1.1733016184409837,0.15601044426932084,1.2357782591589583,1.1037321117814483,-1.3741354595068829,-0.1148607181033289,0.8500412409620401
2004-11-05,-0.2795116023812183,-0.6242435019593467,-0.6195199378424728,-0.4445791915893972,0.3365267788472911,-0.5957728500231906,2.1145808981876497,-0.4793713819326747,-1.2096578691038837,-0.2546450913438245,1.7324616329845952,0.6376329800379562,-0.28249425132500167,0.16876852454238508,-0.8259949401533035,0.4731851175994984,0.8521850192905375,0.8500412409620401,1.4757518728263865
2004-11-06,0.25268271766320327,-0.39472448557565293,0.07946614039287758,-0.4578690302039578,0.3690098123492406,0.3093284910736605,-0.974231752073306,1.0108819488191523,-0.8235754084751123,-0.05970923847006237,0.5459241622259444,0.7856962983064979,-0.32380189799812653,-0.8558352857334172,0.4288678313871693,0.24492073945177065,0.28681073859914036,1.4757518728263865,1.1254861601502846
2004-11-07,-0.4121345631614141,-0.17501646070424245,-0.739767542736785,-0.4939308888446705,0.41684975345772096,1.0314218938157804,-1.0695506297736903,-1.1697079340762635,-0.7465392306327759,0.6084756254404757,1.1443128096406179,0.9088111649720898,0.09837852485344016,-0.7450251377909711,2.5963059039475733,1.3295049927289173,0.2249843209500888,1.1254861601502846,1.373561366194549
2004-11-08,0.9170713790282234,-0.029197679032510082,-0.542177382454133,-0.47923141677938264,0.44082071947791945,0.549211554399892,-0.2687664116310624,1.131422523125688,-0.8472700713660923,0.6519469943383615,1.9831563244988326,1.525710848056411,-0.3716049565980812,0.03304998986602632,0.5704603785402725,1.4705779026497185,1.0183627174886913,1.373561366194549,-0.37050096643584474
2004-11-09,-1.1429051072078722,0.06434228794213935,0.22907747239680004,1.2187161870653667,1.4150655168004111,-0.7975255077241482,0.27468210387712716,-0.8574875960395887,-0.17401013591439546,-0.9781400651132006,1.2517464553633457,2.1317375069811213,-1.042144407069421,0.3395874256079596,0.9893667170678321,1.5303677976679146,-2.4192915708785034,-0.37050096643584474,0.3905138801908464
2004-11-10,0.5190047195764361,0.2514031437776673,0.4380743832599106,1.034452773002846,1.2991834735386083,-0.8600126673226347,0.6667668566760605,0.6385407069727069,0.5782385301041653,-2.3672669076648036,1.9845891411564582,2.0462476027843595,-0.8376787519732853,1.1410871904087818,0.6160986167299811,1.7876043031474897,1.386951029344164,0.3905138801908464,0.7932711160306968
2004-11-11,0.7589908672721141,0.855642213786342,-0.01813343352127803,0.9140637810759428,1.2930939040300204,0.08534130897631136,0.2645927597020026,-0.4805402335431998,0.8166509733211282,-1.8052163976862223,0.957368674855483,0.6276161126528487,-0.053478788806442364,1.5306068993866508,0.15221684098987182,1.7299871665814235,0.17387634618146502,0.7932711160306968,0.8945391421555627
2004-11-12,-1.1376292000441834,1.1829213924739552,-0.8760404256217652,0.751963374871432,1.2714696733473403,0.2348184211116466,-1.007516301199024,0.5074048738490193,1.1614157788190644,-1.4238780053891409,-0.04385058074219816,-0.6603862294334292,1.4131103479311762,1.4792763120050478,-0.8217405313155425,1.3140274592600858,0.7611749102642557,0.8945391421555627,0.8661462264311092
2004-11-13,0.4698335899467464,1.4524997346878077,-0.694715573506562,0.527363523448055,1.2576442137936272,0.42428075004929006,0.026457288185649967,-0.67802695797515,1.197928404205724,-1.9210912574464005,-1.4345099144246514,-1.4791780571848678,1.4717662708064987,0.17516661256087723,-0.9512820152655543,0.8608260163355766,-0.30619906845609685,0.8661462264311092,0.5809081635864839
2004-11-14,-0.15335491065039789,1.6496023104002562,-1.2955707778820351,0.30934882445881445,1.2303173017916105,0.6412340429955335,0.5714099794796351,0.8728992086716779,0.6077554849875436,-2.697300176685666,-2.8810117610690007,-0.8138052219621118,0.5055825882675743,0.5414867808773121,-1.0505249379325263,0.571059004075902,-0.656005661994087,0.5809081635864839,0.21201022828290336
2004-11-15,4.293870613986e-05,1.7095721836913453,-1.1747590820112812,0.08653566731496169,1.1947900681537764,0.2817989353530334,-0.5944786395657821,-0.7556249054438589,0.5825581174096024,-2.7180069428505123,-1.8641860926959826,-0.9123616378223227,-0.3524299605737304,0.7485437017299061,0.3792730588216951,0.5341335434308594,-0.6776755219012947,0.21201022828290336,0.4845991833102127
2004-11-16,0.40725561853342973,1.4287876745899133,2.0040376067267034,-0.14901842602933543,1.1269115034995785,-0.7501091363526746,0.2331182731813024,0.33468138782597695,0.42211463333769694,-2.1671926637628802,-0.47808949899774955,-0.7814964856024387,-0.682385681135045,-0.06437439101864359,-0.2577406463619355,0.4665419347070086,0.5225430769479904,0.4845991833102127,0.8440129606524945
2004-11-17,-0.9792770619489212,0.6729249927756886,2.5010019030457458,-0.328397236993645,1.1417564829026157,-0.9589530607244949,0.8333526184516182,-0.05557692360401165,0.38942767796759953,-1.6522864293335744,-1.2480561417479612,-0.8273371949046177,0.3468170958306603,0.4036411208342034,1.1766362889182254,0.35609173723647486,0.3442212267942362,0.8440129606524945,0.7260290763182239
2004-11-18,0.995936480295593,-0.28469883201263396,0.565717829096401,-0.5358190710605373,0.9408426341565422,-0.7103770864450331,-0.0766506628311906,-0.04763092377561825,-0.040847417418126454,-1.217359831713622,-1.028746844551506,-1.8049373840416223,1.2563185092478706,0.26980406391434203,0.17333507921079622,0.5067664082162687,-0.771315311980155,0.7260290763182239,2.419324462946504
2004-11-19,0.3038222664039382,-1.0629882889870284,-0.8813024607530922,-0.7405506207971939,0.754595572703577,0.9138679890036066,-0.3412154997447063,0.09101953724605254,-0.32746656298774457,-1.0604949283433462,-1.9916527553087826,-1.6634239819416703,0.4791564781214908,-0.5961135546119626,1.3399230964559252,0.6446556259322211,2.3811361685551806,2.419324462946504,0.05461178465557413
2004-11-20,-2.082959094792969,-1.4294313175482163,-0.4682410881787255,-1.0050332507129958,0.4776889876104661,1.8447150115328952,-1.834130436381224,-0.21220351652892294,-0.5982930556162783,-0.6760725460416345,-1.940811255904464,-0.9175667751405493,-0.7077196000184394,-0.43140366775603595,1.0049928891175812,0.33821185938220555,-2.4816608770776063,0.05461178465557413,1.2224540428038553
2004-11-21,1.1603304593571226,-1.5114292845840362,-1.3110447675796875,-1.1596114572757041,0.15958951102219826,0.1958546095553533,0.24056233699698382,0.5783874171080808,-1.499852560654288,-0.31616407941640473,-0.3968286316307083,-0.9750543239857621,-1.2313250374368203,-0.45920298620779026,-0.34384930589992174,0.17085543196504782,1.6733062732316077,1.2224540428038553,1.3359218357649776
2004-11-22,1.369141826938128,-1.5220787752139364,0.18175406994377608,-1.2772374309246202,-0.19270628245744828,-1.9373036293930554,2.407708946857367,-1.0798086471337491,-1.7351817405103525,-0.23635934107529746,-0.3273646881866903,-1.2102946852040983,-0.9386953303236267,0.11573875140097765,-0.2600836720787733,-0.058798240702795435,-0.4292925602078282,1.3359218357649776,0.8073742688540622
2004-11-23,-1.981886091240893,-1.335846611141705,2.2022093568309344,-1.4699166494779872,-0.5450931095368552,-1.2597082132514512,-0.9775080875804951,1.3320940129245746,-1.258314264129695,-0.026985521128466985,-1.5571707674500446,-0.24920689586303887,0.18340729908801506,0.8792160357810449,-1.2006130792207785,-0.28176651755171506,-0.8134574279185667,0.8073742688540622,0.45540757637288337
2004-11-24,-0.04911573887577787,-1.049771839079436,-0.20710145431989127,-1.5352213921928806,-0.7370684311560188,0.9364394362663797,-0.4517135259558084,-1.2952226790582244,-0.8670613178521714,0.8922556172808281,-1.3580928788538769,0.21618531092215787,1.2008018446721989,0.715828087657179,-0.0737218506859894,-0.3063236676208627,-0.6897015366241759,0.45540757637288337,-0.12550798406920655
2004-11-25,2.232033555634926,-0.579856997399203,-2.075536439434082,-1.5536091069523825,-0.9589408355290048,1.3732727820700135,-1.0031526060376244,1.154553605202588,-0.8521986726689915,0.1436709292342615,0.9606360785088767,0.23184355960868516,0.6843495513086909,-0.3674685418147381,-0.3362649281519465,-0.249078665885034,-0.7933673076639447,-0.12550798406920655,0.10532940386814496
2004-11-26,-1.7978031361591131,0.031071518166048844,-0.8034432448445915,-1.4892522651748192,-1.1279272681520676,-0.24505686258083362,-1.4202620467833964,-1.0181876425355634,-0.1987377640904385,-1.311474106680108,0.23665559266054367,-0.467356556756372,0.19147079115706997,0.9815736051942806,-0.47068523660275335,-0.13560043142704806,0.32249888634132473,0.10532940386814496,0.038108872583682625
2004-11-27,0.25749871498576876,0.5013143181772763,0.01728973380884166,-1.4127477620004905,-1.2572216907787956,-0.6580876940700446,1.8129729477515513,0.9254796662378105,0.44960720667266374,-0.18073562833322934,0.6012314314416205,0.14346989489953463,-0.07560863476380063,1.1243551983251745,0.33720346752578867,0.12354634183302397,-0.1182111826048478,0.038108872583682625,-0.01170336759250442
2004-11-28,0.6908298285117829,0.7407648460453587,0.43869719681919284,-1.3103013526402956,-1.4540948246007237,0.009517823090616327,1.4458678848667732,-0.8387709170076059,0.14745371177911804,1.2904224291617306,0.08815401333421446,0.3027191501179992,1.16581660411884,1.086220365482064,0.46202186193857286,0.12118838734181897,-0.10198784103349329,-0.01170336759250442,-0.17964305080533785
2004-11-29,-0.5893958656763326,0.8435532856387504,0.7843541299614109,-1.1734333932046128,-1.513094892029987,0.21656621576473245,-0.10763522958366062,0.6392417779741743,0.2853733861055581,-0.29073001670302656,-0.32981332744540603,-0.2950162274769248,1.5283480306902644,0.6675790334800602,-0.8176779893761793,0.09851632712116916,-0.3921145997980707,-0.17964305080533785,-0.32848972259155645
2004-11-30,0.7031794296488827,0.923592021249226,-0.7350814559794492,-1.0144307672653823,-1.538795740832984,0.06357511405636257,-1.379884104291684,-0.24423390307238924,0.14169306435442647,-0.3795359472025839,-0.2945064262145667,-1.0526239245057367,0.5977047660402087,-0.7704933386003288,-1.136871701009082,-0.14602973858699297,-0.29804997215004597,-0.32848972259155645,-0.29246204971061
2004-12-01,-0.9538836724334745,0.911563195138926,-0.7112183191281046,-0.8276198390783369,-1.597047294159214,-0.06222535803126042,-1.0267214542994665,-0.28389687711481626,0.09672895977875216,-0.563592247733151,-0.5848889782013179,-0.7965591564895975,-0.4398063549206017,-0.5814033005716723,-0.19364807058228015,-0.2076909902437654,0.3616659534005844,-0.29246204971061,-0.04998951645208619
2004-12-02,0.4165720731191455,0.7632894769731661,1.0360426765823345,-0.6368076599307969,-1.5806249185094179,-0.12836780875442377,0.5500779764960765,0.7838721629483802,0.302889949620817,-0.2236235447716269,-1.2930597247922504,-1.230203644041298,-0.2770973442779343,0.17449910787822254,-0.3903008890186665,-0.402673484005791,0.34742208480183256,-0.04998951645208619,-0.1293234236915995
2004-12-03,0.2070870491010117,0.2830315838594678,1.5528073809688958,-0.4289133465321079,-1.5348053761683333,-0.27059321739667674,0.7394181481114943,-1.1440969158900722,0.36324721043099206,-0.17858470481836664,-0.7161039905709418,-1.2071867700523387,-0.17095150405588222,0.7111524188209789,0.060863056226901295,-0.4799294573857438,-0.3483425165524543,-0.1293234236915995,-0.17359733645789496
2004-12-04,-0.5052022003740739,-0.12768908092371598,0.6411627249658818,-0.25154756216608,-1.4262860786961813,0.10279275999655163,0.4375037868770973,1.131041813687442,0.47545511243276184,-0.07623957520696874,-1.2107320325149475,-1.4616541620897423,0.929528173475372,1.1830783011019796,-0.28663455838712765,-0.48787474956186816,-0.16659899535682854,-0.17359733645789496,-0.12349186170431622
2004-12-05,0.19420103483274967,-0.3090522544594374,-0.07268246535560785,-0.031100299421247386,-1.2877381429013257,0.48666016752576885,0.3144112175904036,-0.5400778761800242,-0.12029356911355038,-0.6430819185020519,-1.6114075143528146,-1.8007283634276687,1.1161879571785231,0.0279103992512937,-0.23029865743592937,-0.47270268545964006,0.17702945851921514,-0.12349186170431622,-0.38283768696066117
2004-12-06,0.23578875940062283,-0.41104382723165694,-0.4266934429124992,0.16858918151791696,-1.213562123952081,0.13286908296004435,-0.8996595349204884,-0.05270145444430484,-1.055054242098423,-0.21017269734601304,-1.9124386578662835,-1.6445842893497065,-0.42219797668620607,0.5132733747777637,-0.3695720459264874,-0.37079175192334946,-0.8749789179523882,-0.38283768696066117,-0.4234090263814093
2004-12-07,-0.8495057678757193,-0.4139450856947018,-0.385352855524262,0.39421227140986437,-0.8976569137430845,-0.39714308777423807,-0.48375415225738566,0.25772140743293137,-1.373284525796435,0.13718291665374127,-1.118833788190104,-0.2545019708663161,-0.32101087795578237,0.6840454771432665,-0.36991068212069794,-0.3994524372703018,0.1030235438739396,-0.4234090263814093,-0.5509272843629192
2004-12-08,0.1563052572358068,-0.3678161392456038,-0.040531008749122334,0.6369551782634642,-0.5977136438334522,-0.6245425599888801,0.962171141438281,-0.14004788810557536,-0.8254378307450162,0.4256350801703341,0.469080201701502,0.5422369100962441,-0.11174358375182471,0.024160053474061586,-0.15151783211279093,-0.3574502161077967,-0.11904809498064302,-0.5509272843629192,-0.12126967503796299
2004-12-09,0.491761060275276,-0.13070168683700736,-0.8591199195108044,0.8431822778993617,-0.3037673906131147,0.324544073958305,0.1309826370226758,-0.23043367071466853,-0.9018558081142503,0.029709598851411244,1.6196703293485157,1.2596070981142977,0.9156426153380903,0.09023811003152347,-0.8663255809300715,-0.397953455574261,1.1756452561380117,-0.12126967503796299,-0.11232551899767987
2004-12-10,-0.15167134442201538,0.13537513253051398,-1.1840805839666102,1.028862323898446,-0.028708620263847566,0.39152140655556394,-0.20835132574181572,0.8995780548133226,-0.3828919152741905,-0.08491804020017894,0.628938831172173,0.7712232621389121,0.6647897881611345,-0.12839076029387103,-0.36195044552465816,-0.52815328170335,0.05935808129515314,-0.11232551899767987,-0.2563847930005953
2004-12-11,-0.1855348355443228,0.2754576626887063,0.7155456475256654,0.8482028637999584,0.5407609985018682,-0.4195422003896811,-0.3596433942865362,-1.2037040351228283,0.33160537048322697,0.5100641160122262,-0.3173554148012421,1.1711248160245686,-0.024642044935493466,-0.6833287904656561,-0.950758332271414,-0.6974003259906693,-0.3369171331382171,-0.2563847930005953,-0.33861575380555786
2004-12-12,-0.3587371633034652,0.33653924973087146,-0.35125769156803593,0.9824054139503984,0.7673130704358783,-1.0437027023737218,-0.1585568935333309,0.7692461947347702,0.6259279119553611,-0.42957518039241893,0.062248889153147774,1.3623013368950865,0.2583014301279286,-1.6784143956575925,1.0446841886293952,-0.5455134768734227,-0.14228786435235297,-0.33861575380555786,-0.14813536258399104
2004-12-13,-0.31030543384674064,0.3877553703558872,0.10042495546015019,1.0958098523887625,0.9781559180269379,0.2649828238601838,1.0916272550001742,-0.3662652882200071,0.8798669216344089,-0.6282151818682177,0.30699307825287936,-0.2945706559984921,0.47097834048384235,1.180179026779348,1.1584801620756993,-0.32280734412483125,0.7252116390887353,-0.14813536258399104,-0.4498959448566061
2004-12-14,2.316312254255191,0.06857341877812433,2.255130522288207,1.1781134500675234,1.1797460044604922,0.7529707787336996,0.16454589452970508,0.11817729130807447,0.37041346893579047,-1.044859561048999,-0.3634955830854628,-1.4963972740246383,1.432780974337705,1.7202476033492649,0.02868424149273625,-0.3061713279580591,-1.0428525390198748,-0.4498959448566061,-0.422439238577502
2004-12-15,-2.4931131493809664,-0.30892731922693717,1.5746957527769752,1.22157296516168,1.4458946035935565,0.07072389749466695,-1.0281201501169097,0.032806343856276336,0.26021402807057536,-1.7874253764825792,-1.873709268956859,-1.687599604465534,2.0173732724410076,0.7551064810271643,-0.7460511028640988,-0.34392416021034394,0.2913536665482298,-0.422439238577502,-0.3664918735211846
2004-12-16,0.1727574191872718,-0.6274811856699566,-0.3495549160907031,1.250111590587243,1.6197733060401056,-0.7193751864648558,-0.0013163525536024929,-0.16277359800748936,0.8111269798816867,-2.178758346174686,-1.4925123120714407,-1.8757714094331153,1.230497493382896,0.4791698670263192,-0.045876792929054104,-0.3792016476963562,0.03284623461614884,-0.3664918735211846,-0.2532884446562275
2004-12-17,1.5328403829582644,-0.9223141757358607,-1.413494220600247,1.2036089309583689,1.798486902250846,-0.6642209049898606,-0.09382279719936285,0.33171556619289333,0.8740985834543165,-1.7979280992783988,-1.242526961486731,-1.8971611293875368,-0.31251560563065167,1.3991835434354047,-1.035427294525983,-0.4714188784856773,0.2882524209988492,-0.2532884446562275,0.22892391485738708
2004-12-18,-1.1181406546101507,-1.2789276925466495,-1.3322082161041129,1.2074854371064239,1.8775422690529964,0.7087097465940313,0.49704473076787165,-0.4123670412740553,1.0226025141968516,-0.31334639447384205,-1.692441797049594,-0.5721620050620216,0.9690023627495321,0.4683469761949092,-0.0140441509424563,-0.4336324001419428,1.2729505707125908,0.22892391485738708,0.03798349467448641
2004-12-19,0.6235944753137983,-1.2587011459146533,0.4699409881467575,1.2585123641580829,1.8325982211510934,1.141115215452406,0.3455375280343243,0.2600465455001373,0.92904714756533,0.49866946369249915,-0.3073366839973812,-0.8923445173170295,1.1055550837312935,-0.24862082159171356,-0.4595361414990436,-0.4761751237980421,-0.19925682767751657,0.03798349467448641,-0.21178297298498522
2004-12-20,-0.7901954716623238,-0.8123015559701402,1.079497685527692,1.153542016516176,1.8601953491698648,0.49802495041714473,-0.3681765544749745,0.11384750753630336,0.6755569069958811,-1.5126891361492947,-0.7000970460590298,-0.7913430811748069,0.8355081540999238,-0.9645964383039989,-1.1193761117240493,-0.5973345200292765,-0.49611020833110664,-0.21178297298498522,-0.6138837059643335
2004-12-21,0.3666933818544391,-0.44859996131856383,0.38157334411931176,1.0783522283172766,1.6908673035356692,-1.7509941063651213,-1.1313621745287286,-0.5704627020714452,0.8101772300174865,-1.3155755663410658,-1.611506691882829,-1.8486560781086128,0.5184123861378375,-0.337874174578653,-0.6266572338591105,-0.7114532838095526,-0.5692480526879509,-0.6138837059643335,-0.605022316522624
2004-12-22,0.6095865040705359,-0.16235558018029406,0.5230776285676242,0.997202239525763,1.4648106548552202,-1.0693570858255363,0.8965241303728623,0.8492894348728715,-0.4089626193601411,-0.5871272994284409,-2.2298312676425027,-1.558270164867247,0.10660718549106778,0.7850748714881999,-1.0451731256529035,-0.7941009551530008,0.05214800408929293,-0.605022316522624,-0.7597380818310163
2004-12-23,-0.38913929328990765,0.061730590984391515,-1.5631847837666257,0.8861526249885627,1.1838805254512939,0.9629136943918926,1.2113385953457114,-0.823782774768814,-0.33778918110881323,-0.09104406417909655,-1.8284384628931662,-0.7859243721464039,0.2859582146112157,0.6416481785928412,-0.6441828956245302,-0.9448341099084789,0.03186255399022403,-0.7597380818310163,-0.9253373950339464
2004-12-24,-0.20848547029472697,0.26071400418329854,-2.478021586022235,0.7497770575885013,0.8991002118816102,1.0917075163906096,-1.7194115484206807,0.5651932060292519,0.2954327015069461,-0.289775618391449,-1.0152327570327015,0.19125980651671073,-0.4814421559694645,-0.8966152258186844,-1.2148997193854842,-0.8271120050404125,-0.18336573879531864,-0.9253373950339464,-0.8452493821868708
2004-12-25,-0.7143559868309852,0.47761967717062676,0.30020793060151885,0.6585493770043641,0.6167722898008673,-0.2456613189699813,0.7412287146448168,-0.08045685621275943,0.7843988479360318,-0.20224627491597927,-0.6272663747079403,0.6450222313299128,0.11147809323996673,-0.8992730019500202,-0.9171257303593684,-1.0415262318179546,-0.10019789711706532,-0.8452493821868708,-0.6799289658151214
2004-12-26,1.8070987082872632,0.6332792616376749,-0.26490352132646994,0.47583496742769993,0.38529159718340195,-0.11883426128952049,0.18212446948639238,0.11848944308990161,1.0922603219088018,-0.34342138837757324,-0.52104545545983,0.6117408846779124,0.9652466993223577,0.07017494328877917,-0.8527369907702441,-1.2366202157800927,0.2852692401007662,-0.6799289658151214,-0.8403215329248366
2004-12-27,-0.03731570110716421,0.7802165769373365,-1.4598230328018242,0.2338057715071024,0.14234503197271545,0.5211470260380511,-1.3210857850616988,-0.43420176244387304,1.4846063029026062,-1.124839738992444,-0.14283126785446928,-0.49740463982967814,1.7108946067537738,-0.8585223295602099,-0.9872820118161814,-1.312714451726781,-0.4206112130655653,-0.8403215329248366,-0.9555240923499366
2004-12-28,-0.9370443592448091,0.8386932789067708,0.7827782443828667,-0.028436708741326568,-0.07998339152597041,-0.8363433363436786,0.32394253934627854,0.8390307717597433,1.5144024639886937,-1.3891263419640805,-1.1995920152997988,-1.5479913181083826,1.0031076838614486,-1.0684164005400127,-1.0039389613211274,-1.312699810534857,-0.07029395997935076,-0.9555240923499366,-1.2281835283990505
2004-12-29,0.6449062425253422,0.836082917375924,1.8709337633159846,-0.3676917277771091,-0.2792182804134907,-1.0869046867408942,0.6484074144976647,-1.0995505244267636,1.0555923270051744,-1.2514295457465319,-2.383010654542891,-1.4062585947815107,0.5269404309697088,-0.7391312368805552,-0.6192657618237299,-1.4840069726256513,0.06587710204395679,-1.2281835283990505,-1.0588473878918696
2004-12-30,0.21640321666469414,0.7774767286151357,0.19372245798200033,-0.6806497434807364,-0.4501147097340044,0.38863432457989755,0.4694426399563441,0.7350662041959968,0.8599947176518201,-0.980714746801588,-2.176283662455671,-0.6147522559673307,1.2962373835798089,0.9512124407087404,0.08902640222740582,-1.395371699208935,0.7759858468100443,-1.0588473878918696,-0.7956473932119796
2004-12-31,0.6109391345341785,0.6610134958392094,0.42188759623990474,-0.9552041149810336,-0.6247034050617127,1.5152793822247212,-0.133969483075341,0.16661182242376474,0.1596034903575148,-1.2826155565028086,-1.389932665431519,-0.33146744298889813,1.8725635011038344,0.7072774032441597,1.2980188495619702,-1.3804168944733182,0.831962298229687,-0.7956473932119796,-0.7045814796079127
2005-01-01,-0.9285246748274675,0.4708162830572072,0.7433540938296391,-1.1090771645643767,-0.8378756425229554,0.5571097372524731,-0.7129036379431809,-0.8716787483308721,-0.29238265982216965,-1.3537653608141855,-1.3845499992100634,0.012467699490254096,1.3150624451604909,0.025230378367715862,-0.45684393061381967,-1.3646562362151982,0.503274742841113,-0.6452566913240096,0.10684167995505721
2005-01-02,0.5581599429046216,0.12136445564682678,-0.8400990343927476,-1.105443974201958,-0.9741921758009837,-1.2025090670276202,-0.5951649684458306,0.9093166595586655,0.210947574911503,-1.6197628029503255,-1.0963790262864257,0.05055746126598479,0.3890997696567059,0.5184016916624654,1.5492356507951102,-0.9937342682294895,0.7189985307375572,0.10684167995505721,-0.4940588211543996
2005-01-03,-0.756684239063517,-0.46066839406604637,0.41715244143418867,-1.1878612470857421,-1.0901548599997863,-0.6602951473155518,-0.08168940438319355,0.40082006355133076,0.10941392945306837,-1.3926901608608682,-0.6657372578889794,-0.34730793812457356,0.5444140192281309,1.285215732642702,0.37646368934180635,-0.9092097747328035,-1.7688303516670325,-0.4940588211543996,-0.054024749560873005
2005-01-04,1.1077827381871845,-0.8734524060550901,0.8950330233976372,-1.2404532108806259,-1.184987882357176,0.0831513174833349,1.3228155898891438,-1.9150109560555488,0.17403618901124113,-1.0682106103671554,-0.8838935732494309,-0.920246775089412,1.2971801501426483,1.4571109271193574,0.871282278654114,-0.6970006155557661,1.4709696934893373,-0.054024749560873005,-0.03494658411321198
2005-01-05,0.07693055920482865,-1.2975357433537742,-0.6800393287787138,-1.3227144213324074,-1.2514440816781736,-0.20131428815817118,-0.3062281286982488,2.307140250477812,0.3567742503155947,-0.7985601434530943,-1.3269552333961732,-1.307208282750262,0.6419637611950363,-0.18781176754900558,0.25727097383230274,-0.5374965003654875,0.07298328573795368,-0.03494658411321198,0.24053634640870672
2005-01-06,-0.9683284697432563,-1.5717130623418853,-0.47175469794419406,-1.340233618077035,-1.2784845670984237,-0.0443815366112481,-0.6096042856823232,-1.7411133435197188,-0.3099830248312081,-0.9703173128108556,-0.8867754970974953,-1.367061887670496,-0.19885716593340144,0.08846044662235494,-0.10857277865719768,-0.3094254136467676,0.4664930501317504,0.24053634640870672,-0.11816455035260326
2005-01-07,0.18149855427029532,-1.630413749202399,0.7981133369443819,-1.340474847851168,-1.2637860858967847,0.8313554642218393,0.964057699273093,0.23490134521425274,-0.6398633597417727,-1.2495380271908494,-1.1206566280140444,-1.1746479367970712,-0.6685961335014078,1.0694675794102069,0.7486321047699356,-0.01071569364576022,-0.8934266423217855,-0.11816455035260326,0.049948900506194896
2005-01-08,0.6193437930525874,-1.52853757831989,-0.33271567650258993,-1.2914642498162816,-1.1603305404619402,0.9264572798115828,0.2734521419854051,1.50309374257406,-1.0890464250364684,-1.5809998002061338,-0.6784424879778131,-0.7802997617506647,-1.568190199470497,0.6145398782347067,0.041576811455212755,0.10391534238828537,0.35588675239825796,0.049948900506194896,-0.30048347531682146
2005-01-09,-0.25257452579125284,-1.2943660341945424,-0.9485830483521077,-1.2589089074636697,-1.0582572496001024,-0.3949386013761231,-0.39941119540339576,-2.2543656277005213,-1.1160447925807768,-2.164817742450337,-0.2509236259761894,-0.06298275242159782,-2.1413519681957958,-0.7772567599949685,0.40147299192791225,0.29840250870382606,-0.719886573933625,-0.30048347531682146,-0.19646617674199954
2005-01-10,-0.35904736256067543,-0.9782537608815576,0.8721687651925634,-1.1796341579176128,-0.8902632066241347,-1.3801663906424724,-1.6474569679878366,2.0519373882505265,-0.5878655260640547,-2.7459142523730047,0.24305810253506277,0.8627048478462868,-1.543828718198332,-1.1852979218607227,2.1033256771437165,0.6746922293318545,0.3450814146822013,-0.19646617674199954,0.5617940552956796
2005-01-11,0.0036105215924848427,-0.5920482471257379,0.8180180627099666,-1.1085125977439916,-0.7275350952426008,-1.1713095986683386,0.4633022645512965,-1.0469916909189156,-0.2678062317787456,-1.3123514525383353,0.9015636788704586,-0.0657377244036448,0.5546349606620844,2.1593102805961335,0.4126502784092539,0.7574642729039281,2.121478338967113,0.5617940552956796,0.24769536543633147
2005-01-12,-0.07760941497051539,-0.12063186578225088,-0.8446433217285118,-0.9957392662908864,-0.007529437639344988,0.5078617930137527,1.51056182431234,-0.16976522023144947,-0.3618734920286167,-0.21245499530391534,-0.4308948488993846,0.9884176025690825,0.802574688506616,1.7101745456126056,1.0572494550083122,0.8091379866096419,-0.986866085991596,0.24769536543633147,0.5085606605313434
2005-01-13,0.4351708979175459,0.3783626917521566,-1.0610199406001224,-0.8572427078046579,-0.035988941706041076,0.7534872490873757,1.0963654305336243,0.23268016781063758,-1.2549610482721467,0.7793721787439115,-0.003797798823686277,1.6079896445633057,0.7067048199596176,0.0028500631375156476,1.2706330751983743,0.8292371438008697,0.43381823183753826,0.5085606605313434,0.6904146514170489
2005-01-14,-0.31343792009184523,0.29541987778575357,-1.259802300721531,-0.6790444311040642,-0.06361044544017995,0.5758096886369214,0.2616622338278172,0.310777838453655,-1.8756987961772669,0.13239632862858014,1.0577260370821953,1.3927944740435587,-0.22540855467737386,0.8531083815657639,0.9608349621622794,0.9888198012865912,0.9471613324842639,0.6904146514170489,0.4973025172134113
2005-01-15,-1.0282308491445313,0.8319332472872824,0.5544990234138387,-0.4587509218620967,-0.09089499399397666,-0.08421863034967966,-1.9014389209278597,-1.2948178515644357,-1.228578981014012,-1.2920196987119847,0.759474582616299,0.8827718581841416,-0.18275958912316712,0.9923235947327408,0.6430936051027409,0.9149245279337865,-0.6982864853622857,0.4973025172134113,1.7934796584996844
2005-01-16,1.1685237109820152,1.3219528360601078,1.0381312750147713,-0.2657570141107514,-0.11031572232345845,-0.8634266060185997,-0.2792327320980945,2.058861310050428,-0.26462627311535014,-1.3257170587190035,1.6131742000147287,0.9541802962081612,0.49442479822017277,0.8358008515082784,2.8054489323052962,1.1851317903704193,2.6731497231384864,1.7934796584996844,0.664682190134962
2005-01-17,0.69329316005942,1.7142192404253371,-1.4508832402524197,0.02737613885797813,-0.13480944450480112,-0.6968382760232318,1.4351960703292437,-2.1373930388381552,0.9345917114471718,-1.6502128395167575,1.1803500222316423,0.83132044788341,0.6592052252664634,-0.5819745917552472,2.988577986648928,1.5315208786726002,-1.8522215070774404,0.664682190134962,2.440040920827822
2005-01-18,-2.518431275662422,1.8979490899415625,-2.3009886917625795,0.41872242787460395,-0.18949557457713756,0.2910265155826952,0.5125628712137287,1.9949672715717426,2.183437658908156,-2.33718888451734,-0.06572941915040253,-0.48248280583272085,0.40825590139508866,-1.4118618957185667,-0.03381694577096416,1.591999872894765,3.533878371374532,2.440040920827822,2.439211252717335
2005-01-19,2.471623364258194,1.762269463047362,0.11015839407504442,0.6378893988164381,-0.2043907785888124,0.5922160522080162,-0.40562527024163286,-1.9329467512760468,1.9163284293865046,-2.2822762138303685,-1.4852221433593344,-1.8748277347978068,-0.7868878204084846,-0.9383349475234082,-0.534994713117893,1.8171480361140924,-0.039358223084706837,2.439211252717335,0.6297901814287549
2005-01-20,-0.9090545490344666,1.4215253879416239,2.1233206503019044,0.7381378228286689,-0.1448752342416946,0.4504263973095302,-0.3635552072112757,1.718499207555734,1.3288699345208428,-2.402423317652713,-1.6617028550154602,-0.9947711593838561,0.5592975482469357,-1.899685628411293,-0.557019397292909,1.7678902788422064,-2.8729324335478186,0.6297901814287549,0.8876349054542908
2005-01-21,-0.3050571798501742,0.9524217476209835,0.3133585521706617,0.8088081108751983,-0.06960248081962145,-0.0034691607912222954,-0.19916213596092644,-1.1388855533342694,1.7942278232464774,-1.7754443715971149,-1.5963159223625396,-0.056560497311660025,1.9310139342340016,-2.5013363114434406,-0.6082242827079776,1.7769559161672985,0.6257266441703161,0.8876349054542908,0.6085916098149109
2005-01-22,0.5847826380646528,0.5322879733482585,-0.682196304917516,0.9181602184408861,-0.07350785572454344,-0.09998821470106309,0.1523874569418002,0.2888909572773666,1.508729325372878,-1.1273367475419873,-1.1299394673847365,-0.31695792481885326,0.337778133312613,-1.9697871315901556,-1.049573663670044,1.6076596971795292,-1.2662204130655699,0.6085916098149109,0.09816989597811301
2005-01-23,-0.5004305689243417,0.09095247841201372,0.41099107523743916,0.984430324839882,-0.036545919093507025,-0.45173498602791357,-0.2688837880986494,0.6209853484049885,0.8504294379528116,-0.04367150729259631,-2.03322727220246,-1.0488514955573514,0.7491662158650259,-0.9310896665637193,-0.3500256409735728,1.2006487547148292,-0.44014801237132883,0.09816989597811301,0.007221739251019945
2005-01-24,-0.28262477242819567,-0.43831913348366036,0.7378387717064739,1.0300827008765927,-0.02707456777506046,-0.45567272187757935,0.3784539147338988,-1.0570027030540123,0.5368941483250982,-2.1299754735848393,-2.1090108010218054,-0.023091100195887962,0.4861201442250993,-1.9904555060019875,-1.0085035040415131,0.9998882479841091,-0.25418313453906066,0.007221739251019945,0.03088682211460937
2005-01-25,1.4847511884042297,-1.045977980468177,1.269844140949495,1.0470890387022478,-0.018811010583572145,0.4527527558959248,0.13387941582723364,0.9360941670276824,1.5215065316862675,-1.7906543668002597,-1.1365829568571673,0.14390802032391817,-0.26379723488258355,-0.8383363350073699,0.46906029824025863,0.9357245916694766,0.16413181642644695,0.03088682211460937,-0.07362915615952854
2005-01-26,-2.425726571139563,-1.5560086766359673,0.6663296712428094,1.0611004455279665,-0.0038074645871773983,0.711051980806531,-0.6776714019231351,-0.5262160111869557,2.0310263849710375,-0.05192571201452991,0.13612580858772427,-0.34938777278222205,-0.23243126185943497,0.16252188733416148,-0.11090814527258508,0.8015574571058229,-0.43175503495291845,-0.07362915615952854,0.16159118252427887
2005-01-27,1.0372675632262827,-1.710078885809589,0.013401626505225013,0.9139029193099945,-0.07978581594599414,0.08301238771265326,2.0835370430624516,-0.07425004112623985,1.211767912166273,0.39543243719025456,-1.1334456215141897,-1.6830570924915553,-0.6168317630369723,0.31455614357983247,-0.3912205303095722,0.6865795940133892,0.6740552444730246,0.16159118252427887,-0.09589812576466916
2005-01-28,0.17491476750568105,-1.5242514037771022,-1.3251833479470942,0.8765381222080653,-0.03576476104782258,-0.7092801959324979,-0.3306276343304568,0.6868800264128483,0.2834246267317022,0.2829702721350272,-1.8933707150681487,-1.3217441461443895,-0.4660499184237726,-0.1175396943690657,-0.7663382103709923,0.5455774262104802,-0.32706295554484627,-0.09589812576466916,-0.11677585216604545
2005-01-29,-0.799760615676002,-1.1926826219604703,-1.983837387844406,0.7694780191683117,0.033794594000097336,-0.28454620375719913,-2.6736381603722448,-0.9227543095981043,0.11516796922770413,-1.396278922330654,-0.6447876165199357,-0.3840629593682331,0.30640238145543497,0.8374823905509732,-0.1951292985896432,-0.0033762508030414124,0.008595755914835133,-0.11677585216604545,-0.08375415697506952
2005-01-30,-0.40985460187644523,-0.8495308585202979,-1.6279458073906912,0.6987617330049973,0.06136336477061868,0.2443252038876073,0.2361422382320102,0.6493572252509919,0.5561141892655765,-1.9133363077442131,0.45782422388360267,0.45120727864080024,-0.13460120232957995,1.4519025907604397,0.19174458078594836,-0.8246518433369172,0.03185519482338904,-0.08375415697506952,0.42891718585467586
2005-01-31,0.6152756078165498,-0.49834196352053656,0.1831292729367318,0.6471361521332728,0.11525807144706736,-0.07747245977549198,0.7472315445417124,-0.48252260056627805,1.3342578678506225,-1.0917099679075923,1.1920248518344494,0.08720400677567257,-0.0955443469966724,-0.40174153240481675,0.2749368940582864,-0.8043849506724869,1.1696134278453059,0.42891718585467586,0.666681529211917
2005-02-01,0.13492663089080498,-0.2393923688207448,1.0600507457881359,0.5295991754222525,0.1216176520287201,-0.04186677518738226,1.5493645704227403,0.6772112634594744,0.9553894379351248,-1.1329673999567835,-0.46184211938617403,-1.1765453314120753,-0.9058244278955917,-1.542359534663688,1.2665065425421342,-0.4227207730949888,0.5675822085849469,0.666681529211917,1.6112721646935197
2005-02-02,-0.6345380867908369,0.08582032796489235,-1.0360435863816095,0.47637548537017166,0.12832151884352805,0.5114822997184354,0.5510118855813841,-1.2959603738533874,0.8886757821451926,-1.788615551238557,-0.9819487297525171,-1.2020321375969827,-1.070567526584853,-1.8045050420592736,-0.3627478399299565,-0.33478423618964465,2.7018881443431395,1.6112721646935197,1.090155543014115
2005-02-03,0.3760698866273744,0.46357825616920517,-2.344937451871765,0.35928374386851514,0.17680162327680174,0.0394584563700366,-2.171679411683817,2.031734552345142,1.579419239494393,-1.7715798541453862,-0.7214819784465781,-1.5795062135435947,-0.5477393676237321,-0.7867119999373918,-0.032623691912439044,-0.22452450448824643,-2.2757519775454376,1.090155543014115,0.5179834395414725
2005-02-04,-0.3469399416117065,0.9348280764570946,-0.4643644116773354,0.22435959480921291,0.19155057929219235,-0.7356587453922624,-0.942727116520587,-2.3133337380948897,2.3900240150576786,-1.0423129871403138,-0.4315838871174137,-1.6772229468372968,0.6561147911621531,-1.1975909738331703,0.011896950580121851,-0.07825116655127098,-1.7700195784948447,0.5179834395414725,0.9001363535890231
2005-02-05,1.203835963765394,0.9028771187298444,2.3939539345774334,0.09561729662897067,0.20249604765279797,-0.0921240821269821,1.7285048917694739,1.9118811801550897,2.6232965340250325,-0.7688101642899,-1.1779249651150607,-2.3720565690465096,1.3740204505648788,-0.721921897212905,-0.058008366739439696,-0.04082722527347408,1.8473072048911836,0.9001363535890231,0.31581684613290406
2005-02-06,-1.5140882331652055,0.5963547185557859,2.076418688471796,-0.08528517335690983,0.20119348988584432,0.681643509179854,0.7478675882735937,-1.1924607877160642,2.384357650175547,-1.375022384642378,-1.4399968864395036,-2.228872977995362,1.7358441204023363,1.4873967667073638,-0.08973962353401559,0.03881951708399208,-1.30748886446249,0.31581684613290406,0.14915820042230266
2005-02-07,0.7056936676832675,0.3182230422611083,1.055533481519136,-0.18306856563446036,0.21518770939183193,-0.023038019432868664,-0.8762525630172512,0.19454072482074575,2.344619454035887,-1.5786227227876584,-1.7862618072961844,-1.6108077464251123,0.8326283808644912,2.7312786259024233,-0.12632882463140535,-0.023027852678512657,-0.23853890580362702,0.14915820042230266,1.6872765966599168
2005-02-08,-0.16443486791629053,0.034599305852791945,0.04033519932392785,-0.2756218362263619,0.19540272130787845,-0.6834602639063473,-1.8863121387491748,0.672587532559549,1.6155142897674915,-1.728700267146287,-1.1095458514817298,-1.2547334996963921,-0.42362021711369097,2.7138140519206035,-0.26407617805500894,-0.0316645494814752,3.5261064390843977,1.6872765966599168,1.8830861266503847
2005-02-09,0.5774570802987664,-0.26403091720611876,-0.6482741229977939,-0.31835807006802047,0.16888761867831706,-0.17474397614144907,0.8325088180567977,-1.0751616499324566,1.9320925291098916,-0.971931628922023,-0.9746087645130512,-0.7935901758107393,-0.2435860956003223,2.298100075147396,-0.2671595364391718,-0.0390550196576069,0.1612182373890199,1.8830861266503847,0.2331760107246266
2005-02-10,-1.5198841559942302,-0.6817282641732425,-1.9468636276996059,-0.3635132197296562,0.16507518146568745,0.7366268384666201,1.437158371015138,1.2363233472781898,1.4705871408455942,-1.5031995684955066,-0.024302058739942678,-0.698242610664393,0.5765793670510073,1.310827606355214,0.2482002777334722,0.04470976056953273,-2.996701165796214,0.2331760107246266,3.1972405499797882
2005-02-11,1.9115185242029817,-1.0617298860247788,-0.7889913879893818,-0.39736770113851366,0.11649811065663797,0.7673603179870069,-0.9308749885771737,-1.1304480583740761,1.2800836993477944,-2.371668600600136,-0.7896687653985338,-1.1037709327499723,0.5867076977877234,1.327554814401008,1.1120412997706095,0.2173233289237174,3.5977376389218128,3.1972405499797882,3.369251298617967
2005-02-12,-1.4741644809869854,-0.9897726158365588,-0.38475657215679343,-0.41771340772195387,0.09000515078848455,-0.5413481795468648,-0.7899454518386899,0.5796151640861319,1.714642970986239,-2.2088045005558374,-0.14456059235708432,-1.0160201230048294,0.10623527112169996,0.9545409426565166,1.8667818809667172,0.4539518134222791,3.2956139483887474,3.369251298617967,2.3947148883465705
2005-02-13,0.7030733052004436,-0.5617461915487502,-1.5789333689312555,-0.2824267817607256,-1.2348793837186205,-1.236311612648949,0.10685892404198488,0.08323237089475571,1.6735190696273237,-0.8140812089019138,-0.739259682663451,-1.2106057664265792,0.7177030113529574,1.9085412952102363,2.377178159286465,0.766926773926811,-3.559390571386811,2.3947148883465705,3.068402399782109
2005-02-14,-1.0135750199367108,-0.09531806912785243,0.384570165817125,-0.3118532060359225,-1.1816541774916745,0.3012666742366556,0.8037376377191705,-0.5703786000067294,0.6441906482570569,-0.38093409593387956,-0.8919095408774798,-0.4456377250473764,1.8592756352138036,-0.06534555231764884,-0.3854883417665084,0.6122759382169732,3.1218612934127727,3.068402399782109,2.081900643917259
2005-02-15,0.9153278993776037,-0.28307946744301504,2.4195155540631523,-0.3405251673872407,-1.071577470066293,1.0173195341496184,-0.40090705202274485,0.47704922680791,-0.13862625510545729,-1.197980602038427,-1.0435826323101893,-0.04266933903583785,1.0340254507372542,-0.44102743652838194,-1.0407769201747057,0.5544703421846481,-2.8386326348248274,2.081900643917259,1.113389137800998
2005-02-16,-0.6092304406542528,0.23975621030428765,1.5465238133649384,-0.3652048839783088,-0.921598121958977,0.16306312015479787,0.12588494203160389,0.18608246916497917,0.21869103850089447,-1.450948592588993,-0.8669958828123701,0.05514339040956691,-0.8500238595808695,-0.4378895466112178,-0.5758222502544426,0.5324355611102484,-2.739112622074684,1.113389137800998,1.8482980290766287
2005-02-17,-0.11857199712979587,0.7851314515544372,0.2387390270260926,-0.4091695841622404,-0.8183354538230616,-0.9468684703656783,0.5107166939000854,-0.8356105922752365,1.1794054360362614,-0.735423004668798,-0.39460715619383674,0.9941289568714486,-0.09043749864272942,-0.024268825876426453,0.18950980922323743,0.5318989988375953,1.8992618960295857,1.8482980290766287,1.4489407928272136
2005-02-18,0.482254278238823,1.3676004024367892,-0.2091891266176781,-0.41082597091095086,-0.6328867436907517,-0.8447009878150895,-1.9479820378454633,1.269347830500524,1.0330822718698744,-0.5349115321551191,0.45824590301373097,0.42460546706526003,1.3979938116062474,-1.1786348277109844,-0.2981577341009632,0.4797237346098002,-1.72273702169856,1.4489407928272136,1.0639535753677245
2005-02-19,-0.6685620100287543,1.9481602749185756,0.2528256469948257,-0.4419162762518857,-0.4623100078728079,0.6409586782810546,0.33430428986369376,-1.3981758863515283,0.8937136173379747,-0.6887164568166559,-0.42278699770295425,-0.5999107581069992,1.2262997142499794,-1.1493999207917256,-1.1164334733320367,0.3752454755715816,-0.5742341420575378,1.0639535753677245,0.40509661231254945
2005-02-20,0.7003074490105433,2.204669002873104,-0.47087864190509876,-0.42424516608791085,-0.27770009400224915,1.331170531002714,1.7585045415935199,0.9596125708967619,0.0725134517648807,-1.3402567141491477,-0.797529827301456,-0.5104457519574082,-0.06146415866976281,-0.2358523238641176,-0.8334202598579696,0.29262252619651935,-0.4798973291969696,0.40509661231254945,0.21817512208881737
2005-02-21,-0.06570103545390123,1.8638392316530983,-2.278479032438695,-0.2871093772928972,-0.12121262060639153,0.4413196738702758,-0.3930278611815527,-0.15628489086904127,-0.23781350032692208,-1.0292428020101991,-0.5572056174740965,-0.7869968182497209,-0.28325765144365533,0.718836263545531,-0.7445412484139703,0.27747444478463756,-0.8018114616258991,0.21817512208881737,0.3164248466260811
2005-02-22,-0.5037727502902406,1.4796681554867812,-1.3799091900398501,-0.20545094344956352,0.016692573793769858,-1.0842362041445974,-0.8288316260938093,-0.7185499311417828,-0.1478349049343439,-1.1660012150774846,-0.6243940427136105,-0.9092206414814998,-0.6882653345589799,-0.3583979693104361,-0.7757736889682655,0.22568297218030606,0.2159619980052206,0.3164248466260811,0.2772724687293744
2005-02-23,0.7146912109101079,1.181102082557869,-0.3083613555229544,-0.12976612214188957,0.20365891568506905,-1.4180295872722986,-0.3617997303685364,1.3014362261321402,0.7001662923837106,-1.1142840963548077,-1.072697421358459,-0.998293955707272,-0.15498609668499574,-1.6778986696172096,-0.9052819780797292,0.07739952462043664,-0.0547378730522468,0.2772724687293744,-0.08919064896267037
2005-02-24,-0.7398687643517984,0.9864139962578216,0.4142290350028342,-0.028134954687045508,0.39991657143691794,0.2458825813105273,0.07656274960600966,-1.2661402597082192,0.419598005436522,0.013886601752428167,-1.0937483446062866,-0.553110550720248,0.16407367369860276,-1.4630633408266764,-0.9562627902987711,-0.2740375787467536,-0.9264179594934371,-0.08919064896267037,-0.17633096675258692
2005-02-25,0.664443888146308,0.7694410352051652,1.141259472314057,0.06490585879372658,0.6019972121095447,1.0518217982800513,1.2808578963191062,0.6353799193874813,-0.5922280006411448,0.7561985485462335,-1.1452438342136009,0.03336959681294572,0.5123963222399331,-1.341424680894242,-1.0445530475591254,-0.8302947404975094,-0.30272070148207575,-0.17633096675258692,-0.3181502010831636
2005-02-26,-0.2210102626533709,0.5190771430585136,-0.3426787061923785,0.16842010823450668,0.814609960087497,0.6922311303016182,0.08415982479320447,0.21578439623934328,-0.14377863481390174,0.825978182317916,-1.3389443440455153,0.7223128830372765,0.26851136499322814,-1.0912459864851725,-1.1553790629038452,-1.362980895918373,-0.44429623848654404,-0.3181502010831636,-0.32508993491605975
2005-02-27,-0.4570907817045209,0.24859480357758304,-0.49050204761272365,0.2081136631584955,1.179220604596443,-0.7807954263315748,-1.1026668655947411,-0.593615008799968,0.1211642105440776,1.0321197511173288,-1.3770457504079754,0.7780440966922909,0.3619366511010041,-0.8664614961293013,-1.0845874904818327,-1.4252971800094212,0.06504885142052928,-0.32508993491605975,-0.41952619864216817
2005-02-28,1.2389837260293552,-0.07251339642515518,0.9284661442133887,0.47602685035608533,1.4621318347306393,-0.8718826442302474,-0.657856588249496,0.41197475681693546,-0.33265201421402446,2.3170352658065085,-0.8795448510069314,0.340409631456305,0.7605790804440322,0.33622007991338043,-0.41902398138838626,-1.4026160786847637,-0.5395102260706718,-0.41952619864216817,-0.31727717742275496
2005-03-01,-1.892406014590179,-0.512552526142841,0.5980749660742471,0.7293578330162857,1.514715583313099,0.7382614895150442,0.6643759889022389,0.3691116823594577,0.18775989438835183,1.8979851403509342,0.6097811578709398,0.9943542026365954,0.43704352891053294,-0.2438914607010668,-0.5852496296625616,-1.4038750827704678,0.3447459536897378,-0.34158629597828793,0.08507177130340716
2005-03-02,0.883644047085588,-1.0337478042697053,-0.3116102362871025,0.9815475800941377,1.5358905980453665,0.7957650218940207,1.3871899527242932,-0.21555291253773246,1.212559656155198,0.16643905173539392,0.5966932514162987,1.2873832048291896,-0.2701311341035561,-0.40597534654446116,-0.5587969605012634,-1.4116992587418318,1.4285130780258661,0.08507177130340716,-0.23116802860439326
2005-03-03,0.5603140608347994,-1.3908596000191835,-0.15293428657806474,1.126356460685861,1.5128198586098363,-0.06318577976065491,0.15381886611868523,-0.35670109137084477,1.2996071189248017,-0.17989221985830176,0.5975771273610258,2.263939406880018,0.040414274211996,-0.08877957126616895,0.1177570628316508,-1.2563501991033508,-1.3088515803550456,-0.23116802860439326,0.21089505389526964
2005-03-04,-2.322753315547471,-1.5569140864257507,1.3157046507385695,1.0893463068647768,1.46852618225094,-0.5876155746259081,-1.2218734339824562,1.0380342355621053,0.8059786483635162,0.9484477364196878,0.3044101257554556,1.0916571747326145,-0.005958699883402597,0.45809248838314925,0.3863760819992169,-1.0491837143367453,1.5575095477485337,0.21089505389526964,0.7750183109886571
2005-03-05,0.7215567742149667,-1.6095048308083475,0.4209370617071458,1.1013608275102142,1.4070514644940015,-0.14487402348290476,-0.6304458882347097,-1.6854989625378438,0.8137480791895076,0.5311211101298388,0.6326932278998949,1.2166617422866668,1.5940505017105364,0.4261830836407699,0.7121652471150105,-0.8671229734415514,0.5073311163244287,0.7750183109886571,0.5706863805759352
2005-03-06,0.9797231186305226,-1.6488354691135927,-1.5606806603572567,1.0072910447526942,1.3835232739750645,0.47335236380614465,0.7637471014842954,2.0318390321807347,1.3187476259069824,-0.12506625588420275,2.0534184639514286,1.172588396093293,2.323559108279074,1.193491344485734,-0.0664764104696428,-0.8263444595296665,-0.9607720752118425,0.5706863805759352,-0.10101609518142804
2005-03-07,-2.5240744001534394,-1.7270519134929392,-0.9799327763589537,1.0101492336198092,1.1796653669808967,0.23679855068272132,0.7260727193622143,-1.664670490805782,1.140077314018088,0.23862519678950697,1.7385432125767577,0.6640645490448788,2.216917614405086,0.42429580115842197,-0.3925094473053399,-0.7738377330402278,-1.0606341441842853,-0.10101609518142804,0.0372339675876845
2005-03-08,0.8883705679915743,-1.725712309136892,-0.7876406861684224,0.9085158049026204,1.0890639108794282,-0.5304637182900444,-0.4391094641072156,0.9971075892870744,0.7046704126380662,1.7094295431381368,1.2835901662891245,1.5357605128589518,0.9640058637590486,0.039081570783524644,-0.9720914329436087,-0.7969974734345602,0.24551808124155172,0.0372339675876845,-0.23536753822773426
2005-03-09,0.2827479100855719,-1.4247654149617952,-0.7748037952840456,0.84023251690732,1.1933562431587121,-0.311069822095767,0.058670304063713506,-0.395971451556963,0.5517353642585251,2.882080036511909,2.0403049393479322,1.625631451876501,0.7031030038319156,0.9253884475842674,-0.6092741700323143,-0.7612023434502917,-0.7198106789923802,-0.23536753822773426,-0.25443002686452065
2005-03-10,-0.5990076927673482,-0.8235244977255044,0.6162135821175883,0.7566832226106883,1.0686442343439286,0.23357177150152775,-0.8047557729624928,-0.1647335401201959,0.8355485068388853,2.2145164572219613,2.546747039987532,2.388110675280045,0.9898169926352384,-1.1622003391449875,-0.5531824632533424,-0.7093210993982673,0.007421174103499404,-0.25443002686452065,-0.23983233616751584
2005-03-11,0.5148580580088369,-0.19877777773076846,0.1501956974935047,0.6723343685894172,0.920271779721611,0.1181258004296006,0.172729178386171,0.608584426748559,1.8414218591277114,0.27090805192464146,2.8109040251628667,1.600832957560899,-0.08036077139856408,-1.6454815292649831,-1.2799422500158977,-0.727495986950639,-0.14078186729179443,-0.23983233616751584,-0.2812378052097823
2005-03-12,-0.3818782590770253,0.46859485382247573,-0.341492644372515,0.6023941863610017,0.6261201257408175,-0.24758638612610984,0.6601976123182576,-0.8903892758530099,1.7046566125925522,-0.32630506949444704,2.142665470103897,0.9542146125749321,0.15437811587193612,-0.9444358207412407,-1.6160256131816981,-0.7903651905000535,0.08809229749013457,-0.2812378052097823,-0.359004496716738
2005-03-13,0.42613982424646035,1.1396353471145413,1.451243205673319,0.5567448680819885,0.30050240665505945,0.1061305862070932,-1.1050109491623517,1.1281472948480888,1.5919149723622072,-0.34333874904682793,0.6067266840914909,-0.2143195409151215,0.19208024572374569,0.15964188208347643,-1.3767238551208199,-0.9503908553143485,-0.008060563091585746,-0.359004496716738,-0.7017467714338659
2005-03-14,-0.28835024403266485,1.7372851513591578,0.7503059051727595,0.44288207347040603,0.06423660459707593,0.5633789793935153,0.6166272282858833,-1.1375825764334986,0.774313308690908,0.010569619026582627,-0.3945013364696941,-0.4398509845629585,1.2278705601087925,0.7512664460585292,-1.088530879126356,-1.1434457154168498,-0.5142048397178346,-0.7017467714338659,-0.8188406771579309
2005-03-15,0.5239127280367006,1.7949936152966992,0.6897631399685813,0.278115341604439,-0.1921483195915176,-0.09566699305339593,0.18265186327447336,0.7523082924595774,-0.08695855849879189,0.13364354728317596,-0.787206337019207,-0.5116861731713979,1.4722950543090945,0.11630690743278381,-1.1285657413415922,-1.3536940972382143,-0.22761368965173853,-0.8188406771579309,-0.8691113245398582
2005-03-16,-0.6388713036049753,1.4350031264898526,-0.06954805542939443,0.12777252385920773,-0.5339506216467609,-0.744391217292197,-0.7492266087819871,-0.16975973571800634,0.12986262058444814,0.5612579133878035,0.22490242478609734,0.41222347495873934,0.612315873047215,-1.060762437224912,-2.102188945484529,-1.6549976490502185,-0.2523170121581503,-0.8691113245398582,-0.9061906823014054
2005-03-17,0.6831110571161894,1.0561395407293142,-0.4378239629451926,1.1059823805181814,2.1428620823627518,-0.20596203131398735,0.26004378609072093,-0.6539014292401145,-0.5298246348236673,1.3435303554841243,0.8648125793844259,0.6888102021681813,0.526005271203328,-0.45173378379657125,-1.3086442954826094,-1.9228009622717854,-0.19045939504069148,-0.9061906823014054,-0.919551538680663
2005-03-18,-0.0650745788726358,0.757382459017412,-0.3039752455654917,0.7643483059173896,1.7851576866128163,0.2523760173656601,-0.01441188641955712,0.562591996479896,-0.22690073430122357,0.8874214280494414,1.2442807894367085,1.4266634923313717,0.30567253897200714,-1.0349501041187295,-1.3704551110813226,-2.1247181289008648,-0.5016592291430675,-0.919551538680663,-0.9942048303934591
2005-03-19,-0.16726284508403816,0.4598642503978353,-0.2042149127059964,0.287952687427978,1.312186463072392,0.37340576752822147,0.8366396695068119,0.0010803032812679656,0.6222816803943073,-0.03827597894945067,0.9409866585628746,1.075229049620003,0.3122789423759283,-1.5490874234200718,-1.3485941474799332,-2.0933092699198217,-0.26039462990957907,-0.9942048303934591,-1.0179743348589712
2005-03-20,-0.03136202634783539,0.35966648416284464,0.18796453479117592,-0.2312439727027734,0.8820116271010467,0.15546988756022542,-0.16220063053135872,-0.9033401741709155,0.761511830430321,-0.2834634567273292,1.2731005733417697,0.9366762854139341,-0.03712688000336234,0.29913372006313027,-1.3558804471495134,-2.1892565880245685,-0.17943270853389923,-1.0179743348589712,-0.787654173514984
2005-03-21,0.09541613425943068,0.16447424845791522,-0.34732193834408437,-0.6734178232810596,0.43256823881716583,0.33116792075295415,-2.0794838726650413,1.6632367337731386,0.43257633160494174,1.1019732834238596,0.21980204451735,0.75598272240366,0.3665789761683873,1.1870247569972308,-0.7348225003435075,-2.0618219831315043,-0.11341235477404325,-0.787654173514984,-0.8055345358446564
2005-03-22,0.15502662327028702,-0.2870292273368063,-0.05871944341433759,-1.009838905638728,0.04074366023872583,0.277434813149117,-0.49267191050544307,-1.911996642361549,-0.2851119628581206,1.9095747099503313,0.8969636175682114,0.34452804134235754,0.5186269999023048,0.23188728892253396,-0.7843902282388961,-1.9798006093731955,0.35477709556526504,-0.8055345358446564,-0.6930410499760973
2005-03-23,-0.18040865019402222,-0.5762842431071595,1.4712766348406299,-1.2525433654798594,-0.22144831739873214,-0.5592007376805533,2.9977694146052802,1.5578579253746718,-1.6307992202183312,2.6712555906433346,-0.3314042933631237,1.147039914472663,-1.3457404992955344,0.0176162221109957,-1.72074596133659,-2.076927961142494,-0.39457973085702736,-0.6930410499760973,-0.8095315995877626
2005-03-24,-0.07502615734260895,-0.670614989214894,0.6133503635516889,-1.4197012783763907,-0.5252623423799956,-1.0180795324169225,0.28347701322474705,-0.32538740268271116,-2.403292249925737,2.080827992615113,0.20489125227266722,1.7569679609040105,-0.9683380364076206,-0.7560634152957989,-1.179485966756241,-1.9813738159250758,0.18450541173078364,-0.8095315995877626,-0.9313954477397441
2005-03-25,-0.05655445192260001,-0.7145561402488545,-0.4432609073194701,-1.4351993204060947,-0.8230876279294373,0.051218574103121,-2.471754027640903,-0.7710601727447066,-1.6283992685651727,0.6044721901642722,1.9223360935758165,1.4183065052637225,-1.4050044200266518,0.14228118360812175,0.7635955625605811,-1.6956199402024463,-0.19115185568344784,-0.9313954477397441,-0.8719346874318342
2005-03-26,0.5433018946525402,-0.6890493458312567,0.197936490913175,-1.5202842458781856,-1.0903550615504087,1.230387974782627,0.3118739253178184,1.273386322166289,-0.29458286285360186,0.6765835696472159,1.7465689919202037,1.3437363844281471,-1.988539855690706,0.9134674789834263,-0.9126406672906693,-1.6354005137538088,-0.09692641789725386,-0.8719346874318342,-0.678718989498128
2005-03-27,-0.6068428670531385,-0.5412360318056212,-0.1040548681809835,-1.5861178631231652,-1.3553288090529385,0.6445576957065313,0.18250131602166406,-1.5619951175902305,-0.5240971437770662,0.7697463487059827,2.3761599835208975,1.7808497262191487,-0.23098425193180283,0.1546840397208478,-0.2784339372234593,-1.4960691493648561,0.7826618797352475,-0.678718989498128,-0.7192703075746971
2005-03-28,-0.06852083715612171,-0.22623322966079024,-0.6132572232652861,-1.6524371549490418,-1.6119547769866953,-0.3391362121231254,1.662753698574314,1.2894186339057063,-0.7413353135103163,1.0351804264270315,2.799441968841637,2.134511176487479,1.3769355639085556,-0.04372167951732985,0.03727254803310931,-1.2879630383832898,-0.11256199500945697,-0.7192703075746971,-0.7536373176095095
2005-03-29,0.28160480605311217,0.5321858406188258,-1.2008282159043697,-1.6920311551402252,-1.8908992863467327,-0.35104360875126545,0.5708165032242033,-0.49193732638332693,-0.382241944341673,0.7119925121901677,2.540927210005511,1.862903405773052,0.7836372590258784,0.7630951885069324,-1.054780947999455,-1.218130247586744,-0.2170142843140215,-0.7536373176095095,-0.864837738398307
2005-03-30,-0.2555355187370008,1.5719654866616848,-0.09194902832973446,-1.8034598383739608,-2.271845206357274,-0.4964952667195229,-0.862544249911446,0.056292634144590986,-0.07858068491841254,0.2217357476062283,2.354436349192352,1.456778901507183,-0.1466320455310893,0.07414389650430712,-0.7728704290845668,-1.1989967605784446,-0.04213056951810803,-0.864837738398307,-0.8711419617115109
2005-03-31,-0.014748378440258064,1.8553926524606998,0.749767223782417,-1.8376443374668336,-2.536347670860862,-0.8689524061236227,-0.8942030157564155,0.23354909981483662,-0.011864865605582595,0.1484357401441456,2.2293638474959936,1.1996471640786792,0.019469115357810342,-0.8145919173270247,-0.8861266758326038,-1.1979501855969832,0.42149443367764716,-0.8711419617115109,-0.7866281701560941
2005-04-01,0.08054853843761174,1.7548913909586723,-0.31363072556169963,-1.8511261810060584,-2.7185077766653345,0.2639228997538596,-1.2658158562188169,-0.7154287464123628,-0.37718103557340243,0.18697740137371044,1.046385947138458,0.785756425714316,0.08929580841089638,-1.0622317123600278,-0.461084354357714,-1.1674696683096781,-0.35699412258689717,-0.7866281701560941,-0.8500511705831219
2005-04-02,0.17159769218793497,1.4839435359782271,0.007417542189333369,-1.8255740482412592,-2.84788914208593,1.506752610421185,1.3193984373850685,1.237363348181839,-0.2992518510329587,0.8986692914022814,1.0884999394959256,0.7545283587363049,-0.5578695650519855,-1.0440862100650863,-0.6192377012420583,-1.1377964794565754,0.10501466901975569,-0.8500511705831219,-0.6032508972371531
2005-04-03,-0.5821061879477867,1.072496506217314,0.9039342129020639,-1.6629038184250717,-2.8808645511043416,0.7525350148339907,1.2987303534739256,-1.0600527516100462,0.2464129325976369,0.003529573076284978,0.8750711306632931,0.18289355792107972,-1.088354580971069,0.4105798382811221,0.3927262013736934,-1.0454330609018154,0.6761596887213915,-0.6032508972371531,-0.11047558593290097
2005-04-04,0.8051732027739329,0.4736560288770552,-0.42604445542307623,-1.4902205302380778,-2.8608091059332286,-1.0267210680446983,1.2545655958851971,0.854061314884269,0.5370841397068175,-1.1606292289570497,1.159039909561806,-0.3050593211998229,-0.1787094541101706,0.614232976414391,1.5914861206474766,-0.6551011975181412,0.6732370021408405,-0.11047558593290097,-0.4200899148862768
2005-04-05,0.5689778102093087,-0.28596930593752146,-0.5713075481646628,-1.190706416363629,-2.6188832330344924,-0.9387607200011661,-0.7025918347073431,-0.3673510202578039,-0.2530424703344283,-0.537574227959328,0.17413999419418416,-1.0776602397867114,-1.2184733542189319,0.27340112754225593,-0.9193508773780736,-0.5486634869135347,-0.5739302007849453,-0.4200899148862768,-0.062288872295464336
2005-04-06,-1.5615835981793749,-1.0583192282044884,0.47045869594244666,-0.7698327463583235,-2.4208683523727084,-0.31726629566391235,-2.42985786588904,-0.31778689367333435,-1.4401786655049698,-0.10144169722759955,-0.9797852005197729,-0.5432462497768429,-1.1785457162731492,0.265805660229213,0.17611302854051925,-0.3209513435008959,0.49592175007423817,-0.062288872295464336,-0.2563334503724044
2005-04-07,0.9045887499158364,-1.4528951450058025,-0.27949164820877453,-0.3137055003482259,-2.209256667823918,-0.15092182863144227,-0.1695960593162979,0.8811550353858647,-1.6708894067229363,0.5051603893299934,0.8722154589405392,0.7778564543260625,-0.2292985549911267,0.19954161618075675,2.045042054479838,-0.2070489950911374,-0.4240896775721259,-0.2563334503724044,-0.6207943390060242
2005-04-08,-0.06840403358537098,-1.5545404548839887,-0.9601536012933518,0.13240750355470077,-1.8456487353068818,0.4570533035544753,2.312241110539103,-1.1972378493224667,-1.164007543247331,1.3181729787975498,2.1928828317529505,1.4695920423490738,0.08581893314938349,0.5506071675669449,-0.051827288987475996,-0.04305635901605384,-0.9852132317634915,-0.6207943390060242,-0.5259198474947444
2005-04-09,-0.5191440158661785,-1.3924481495749814,0.6704414207090335,0.4636224263284683,-1.4640764456796167,0.7497755231287958,1.8044591505562493,1.1593302854197256,-0.7629919161499144,1.7887932398129656,2.3683678202187632,1.0709022503155985,-0.245027155425256,-0.20520188351815982,-0.6666028620339369,-0.1373642584584781,0.5491528017538088,-0.5259198474947444,-0.25102864315763146
2005-04-10,0.5477330759525063,-1.2461278826658393,0.932908867044046,0.6917985751133054,-1.1293750525351578,0.2262597245569227,-1.6615871746876,-0.6593506952569355,-0.48763995478315547,1.2038414568365747,1.3849385550590552,0.3176250399897737,0.16289567615835504,-1.049116792330593,1.3535816434322798,0.09264242236824159,0.6215094766655435,-0.25102864315763146,-0.42044275443533813
2005-04-11,-0.968938805847233,-1.1205277997036522,0.11154655571685292,0.8877168408184127,-0.640765080127404,-0.0017078499567463874,-2.63828435210389,-0.03963500503193244,-0.2556117284772443,0.45960184470922344,0.7531615247716013,0.7061487266304664,-0.11992493220071448,0.21736482924404782,-0.3709449073864602,0.12037533629706362,-0.18601049062024969,-0.42044275443533813,0.33873498466520985
2005-04-12,1.0806250823999672,-1.0595239230268747,-0.7073348434533187,1.0415726086267036,-0.13933174952841823,-0.09402032206548153,0.42220444811506347,0.6217344343299399,0.06392151964302364,0.6849103216600634,1.103304259743233,0.6762694860659012,-0.12670059817019722,0.9459648523328955,0.11277215912946828,0.21727540035461962,1.615614060590748,0.33873498466520985,-0.12108999887709912
2005-04-13,-0.22709222618897087,-0.7729286921825838,-0.3507884046811099,1.0676250610982507,0.40020074965523816,-0.800065219216144,2.496462627024823,-0.9062433611452924,-0.14200811640187894,2.777366699628352,2.437212086765092,0.7417069058792508,0.3998149164535424,0.8911597456073638,-0.1616225386080137,0.29877514239497754,-0.7033062223296224,-0.12108999887709912,0.12260000831283359
2005-04-14,-0.4679811911748432,-0.37466446733859793,0.19964611750683064,1.1907983813920284,0.9126320170722806,-0.70903430890295,-0.05052554086863124,0.8932895156236972,-0.9724725015547908,2.6317527045188185,1.552177692791791,-0.49914009263178266,0.8147751524045148,1.3450812215117733,0.021979233648665213,0.36389105772897684,0.5909224822622777,0.12260000831283359,-0.6239889341524455
2005-04-15,-0.1894733398292152,-0.13813235682143227,0.5671737895740245,1.2563373497649448,1.3013501632466549,0.561106692706755,-2.3711409784288864,-0.5542196744852933,-1.3505961690455415,1.5738092409498332,0.16279493425045824,-0.6288594891764425,0.11777160285321045,0.5450360377184558,-0.4102152403297791,0.36005630366278635,-1.5566174533308055,-0.6239889341524455,0.769199625161754
2005-04-16,1.2726588190205688,0.03630852345710947,0.0465662622031962,1.3397737189062708,1.6242141630140516,1.8189972527787304,0.7779497096355181,0.006791780971482334,-0.733876119429694,0.19283091221712892,0.8371778383532537,-0.4930460330359979,-1.8323256128072618,1.5738155495194135,2.088645373333227,0.6457232695342227,2.771690275652609,0.769199625161754,-0.5874432986183037
2005-04-17,-1.3634335010290621,0.3028769874273658,-0.2471770199642522,1.3717169325707916,1.8866009138837336,0.13798900031840342,1.743180213173212,0.4404877825438174,-0.34116964348317774,-0.4336103565206512,1.1227443424049164,-1.6023223330246068,-0.25811923432354034,0.5721962527475563,-1.4050986346293461,0.20818406866938308,-1.6159529371340196,-0.5874432986183037,-0.34580267077927007
2005-04-18,0.04513924454189969,0.8083780360823601,-0.7710764034708275,1.2069609822060632,1.5429163670031565,-1.480759679468301,-1.5218271143317312,-0.5901350094618011,-0.6846618665159476,-0.7906595880056635,-0.5367565987061944,-1.6550976464848834,-0.5279287276513808,0.13847456916386527,0.14552601973900706,0.3217541284208195,0.42929337579871896,-0.34580267077927007,-0.9271909027451506
2005-04-19,1.1183938858427465,1.8150906667540432,-0.46980593715662927,1.3463565472022436,1.9331141792617732,-0.16655363303145237,-0.3791399259937195,0.4733264906513367,-0.4161750655481255,-1.012809458363285,0.4193405592861613,-0.4935038496927074,-0.06458766485666285,-0.15192185457583646,-1.846642408102235,0.04662529981163827,-0.8899910409701042,-0.9271909027451506,-0.5985220312988162
2005-04-20,-1.5469771148442568,2.0625896046386964,0.5224433927540441,1.474287968127728,2.2475133518130144,0.7132522368487519,0.7406533403648173,-0.41838196758342866,-0.37106377496285875,-0.7160082397043606,0.7506431851346549,-0.4274614805015592,-0.21481715748578553,-1.7279680643725412,-0.8493894499392316,-0.2503512950635815,0.6614251592348123,-0.5985220312988162,1.163714059181911
2005-04-21,0.5849475323698452,1.3831916723600508,-0.017989892977104606,1.5316072927398523,2.4612784445483102,0.27799255368192777,-1.5954897407090134,0.37673881828657874,-0.08710121023263812,0.19160969365151082,0.6360215748087935,-0.8658282285967137,0.5451823518286424,-1.2332615518332972,-0.4499533762832946,-0.3154812556008655,2.9427776223089057,1.163714059181911,-0.12279431090286447
2005-04-22,0.05408186322303259,0.8548704103831533,-0.9274039495697659,1.6121059006065894,2.6165854898049044,-0.7276029686594556,-0.024574609892582207,-0.17691333376855597,0.6032806629797216,0.0759843396663535,0.9091935698094241,0.6185177287210949,0.3707710071617509,0.43637586184090094,0.4521092061173833,-0.1651637465346897,-1.9087989680518145,-0.12279431090286447,0.09943716464589122
2005-04-23,0.21369370313841307,0.45989936072730936,-0.6173795722479645,1.6561216092428812,2.7321012605087804,-0.5720305560686579,2.432170729782331,-0.1656314877490255,1.3524117806696438,-0.0689040436825084,-0.0043134453842693776,-0.43541597874330684,-0.8218524558144616,1.026736410104273,-0.21466622416182696,-0.4327013171748616,0.3031564426434925,0.09943716464589122,-0.2668650944607265
2005-04-24,-0.4258116909750876,0.09701575929000318,1.254504996206251,1.6695313595898624,2.7388185470693798,0.5086501278271738,-0.9860102191353585,0.42109286737775087,2.1922175149812837,-0.20778939843003918,0.23767762342698173,-0.6813968927018437,-0.30974495703906474,1.1582225863662556,-0.26081107951434007,-0.4456504542772044,-0.4385468214345305,-0.2668650944607265,-0.6262026463199893
2005-04-25,-0.5588999221833828,-0.28988250388712755,1.6678328368131674,1.6153038159872126,2.8145012006994308,1.6923267603225476,-0.1835905611492423,-0.6512913563994965,2.4218527839737414,-0.17146959113324928,0.43302780023400417,-0.3922302699007344,0.7217932102671483,1.3813589064449838,-0.2137491764420403,-0.5381556906671942,-0.600699516326102,-0.6262026463199893,-0.08840162857343048
2005-04-26,1.602510139572715,-0.6904918396043483,-0.16093962532537692,1.4483395403868924,2.895666281770277,-0.054924948565125635,1.1138736159694458,0.8643232471116215,2.1663602604536503,0.45700442251250023,0.008689243141868624,0.5148183910779425,-0.30365893823020046,0.9281847045331207,-0.13313068631799685,-0.5018705141490645,0.809242369918089,-0.08840162857343048,-0.14379467834784407
2005-04-27,-1.2107071888099545,-1.000555502881727,-1.12005571460277,1.1690011241239768,2.9064466838536873,-1.0792201924528888,-0.777583274235769,-0.9260822958501155,1.097892761386218,0.5820271134886,-0.5485294750693204,0.6066982473733187,-0.8809131090259626,-0.9532943176449306,-0.8800981731905492,-0.6265736020568146,-0.17930244981819254,-0.14379467834784407,-0.910103430173127
2005-04-28,-0.001280584840198105,-0.8532964543491671,-0.13780344357165916,0.9367751032572827,2.8377061083166506,-0.9851100357972384,-0.313105835191519,0.48599395561935316,-0.29905643300582346,-0.37911171371459207,-0.7214110889192139,-0.32956150333744166,-1.0066015481321644,-0.6191840629558631,-1.0372431822035808,-0.6511576735989734,-0.889988845775492,-0.910103430173127,-1.2904830945958585
2005-04-29,-0.018942222271704248,-0.3417290325434232,0.6499305153427355,0.6339249136670934,2.3132524957157754,0.3672750757547693,-0.5859681230542773,0.008098880431565274,0.48505557553617207,-1.1527344594598776,0.44895002308776455,0.027011168121987124,-0.6883161629078727,-1.5840415675704418,-0.8514788976033285,-1.101154222594115,-0.356478887379376,-1.2904830945958585,-0.9700196979493346
2005-04-30,0.3513909245575295,0.21055530436516548,-0.48605433024661615,0.3223670418861659,1.96388997839717,1.0545908706385694,1.454606947353603,-0.3850414422012738,0.9538618862613747,-0.5434465742764016,0.9471964882752276,0.7379965039051432,0.47132564687229195,0.34453473040281557,-0.6608098419878475,-1.0594298123548278,0.18133423566634996,-0.9700196979493346,-0.23842564111332462
2005-05-01,-0.02502662964005541,0.8173362424567915,-1.1353436914987018,0.04951894350940659,1.602934201610437,0.80949577273244,1.5756147699886425,0.6936577887475033,0.47379472569856196,0.38198091442462756,1.365734021777082,0.7988356179753489,0.5889987882451088,0.05331230634195448,-0.702968342220611,-1.376787341081859,1.181050307016751,-0.23842564111332462,-0.29177545909211006
2005-05-02,-0.34919053278381557,1.384374118176623,0.4872093210981412,-0.2367631562878985,1.17012896632255,-0.10512314517636907,-0.989807595628628,-0.7698457213718837,0.32581411519598086,-0.8117343026235606,0.04202720139320097,0.020048240330301545,-0.3991939439482149,-0.12422491399898573,-0.8975431828387797,-1.2659351688016827,-0.10201392596306441,-0.29177545909211006,0.12206570364043591
2005-05-03,-0.06587007791509684,1.6060711354502084,0.9361067255755041,-0.5057374781340466,0.7504105470834844,-1.7329563757218138,-1.8151312065924656,0.6149633373649432,0.44573020555444104,-0.8470912427413997,-0.1390530355104653,-0.2935270637289058,-0.9883644732571091,1.9512696350010736,0.6816748637136923,-0.990260969078031,0.8147911927627594,0.12206570364043591,1.188945295571684
2005-05-04,-0.201119954394439,1.3535209103572268,-1.1045595244136863,-0.7397007817462488,0.3521859501004153,-1.0552546454287661,0.699948716583784,-0.5089711772572887,0.5451647985096739,-0.6147779524463813,0.8882433502495652,0.05832228801873307,0.8446750244722786,1.9620430544379468,0.6701405285295051,-0.6528383938541714,1.666484118217595,1.188945295571684,-0.6043769129061962
2005-05-05,1.2369663681100402,0.8351042768054641,-0.4718003326784937,-0.9942398310148838,-0.05851541295592678,1.1364724414925929,0.582176749419597,0.5156545769671576,-0.15006373332466416,-0.1533362218067999,0.32314996941211666,0.642559277746492,0.6562601620184414,1.3873087940338487,0.4480115760214636,-0.58803867151361,-1.9943523956919418,-0.6043769129061962,0.8812871234040862
2005-05-06,-1.6890973304488357,0.2819262581933504,-1.4394495073103046,-1.1631409622130278,-0.39259804231913814,1.9341476417507175,-0.9052366930033855,-0.5172757459114763,-0.6784428275342261,-0.05182459061949738,-0.5718870736534276,1.6926651478893056,0.33924656980302237,-0.5547662015313635,-0.4753949042313572,-0.5964811025256161,1.8384862835473346,0.8812871234040862,-0.368173903481073
2005-05-07,0.20475933833192675,-0.36730523325469694,0.03659764793563194,-1.2714943867619315,-0.7292687527374148,0.00997555977034851,0.8839628371316747,0.442630249075288,-0.49160739162080985,-0.9977505565610617,0.3438724545872572,0.6205757601871561,-0.7893663023800536,-0.7341377076856986,1.6815446514361172,-0.36788050823384566,-1.7748477366083701,-0.368173903481073,0.1608678544246149
2005-05-08,1.2384226683100394,-1.17501657804934,1.3011508837682595,-1.3724502306936655,-1.0300269726797209,-1.799605151939308,0.0386666702249784,-0.3955941919765098,-0.23020998923823963,-0.500346766930105,-0.14005313855957294,0.3349153468942484,-0.5937758059077193,-0.1710423233563215,-0.8206991620109174,-0.4439643479462107,1.0020847464153742,0.1608678544246149,0.4263804295532507
2005-05-09,-1.4755618191636786,-1.9690428751354982,0.3595616119964264,-1.4597848319499904,-1.3240636678014832,-0.7003676873417178,-0.5519479735216275,0.2887211950171139,-0.20431657527501088,-0.40095107385008744,0.17962402321269905,-0.13757844500690514,-0.1279661351816742,0.43914794448380445,-0.14470823809923597,-0.4262701221446526,0.4398553230477183,0.4263804295532507,0.7536763121950883
2005-05-10,-0.13441150476748182,-2.3204683367134438,0.005500019657641436,-1.5143832769903078,-1.5939374087081646,0.06381429621496001,0.3221570684615921,0.030885798835110268,-0.24523655402523387,-0.12119589438948697,0.8965141362955065,0.7788362708567328,0.4862001610815212,-0.7319203409468552,0.8690082261073655,-0.13421591026546445,0.3890953199684522,0.7536763121950883,-0.09156416093733828
2005-05-11,1.0959003471506599,-2.225501159166467,1.3259405479138267,-1.5586726948115062,-1.866515079710848,0.2612981138276122,0.48660326792728437,-0.5180996997095888,-0.48218189011116114,-0.361904974519053,0.7578761404646205,0.7579302098032633,0.1680651310448785,-1.0584918332228335,0.6574839529267403,0.07143703454106096,-1.0488710144042481,-0.09156416093733828,0.025111464821807705
2005-05-12,-0.8663673976607102,-1.939180786107395,1.4372220198468568,-1.6023409869925518,-2.164993903429508,0.8543760685005425,-1.308605391065,0.7649272763613971,-0.7288818160226836,0.08420019494476268,0.30932573205992575,0.08877552979035233,-0.7616615560269264,1.2025720364169774,-0.5507541509991324,0.11747665884182301,0.09715329203815903,0.025111464821807705,-0.10349892686021482
2005-05-13,-0.07444921865625269,-1.623187034939124,0.4305715849793199,-1.629185488362875,-2.3964389216831363,1.331417858403297,-0.008311005894969858,-0.8023528699636169,-0.8429190384914256,-0.8408783163758744,0.6770840792395489,-0.25131215738843043,-1.4459910836906091,1.4088911484698425,-0.01432074521454434,0.1981693768794382,-0.14914206441310493,-0.10349892686021482,-0.522038729763248
2005-05-14,-0.2511608570976729,-1.175366130561694,-0.542466571748515,-1.6414779314050276,-2.573121149229268,-1.2628277224182274,0.5380569922845239,0.7782161458594846,-0.47814627346155686,0.976207559951374,1.1703758006190486,0.8389732605028656,-1.7708467858836048,0.5398422694549176,-0.8370308812015441,0.2896500878249404,-1.1262915788509356,-0.522038729763248,0.3498064789423155
2005-05-15,0.7530876211493859,-0.6918122893488655,-1.2821579932118963,-1.4889879139291675,-2.509631329912778,-2.0100244678730332,-0.0345449161572483,-0.7585350555603313,0.13925747530120333,2.28782973070036,1.1354442056264848,1.27528988267432,-0.4396076819414754,0.11061925248045607,0.9811547385828084,0.49077763809837927,1.3173202513262023,0.3498064789423155,-0.03092524765379315
2005-05-16,-0.11568920659283266,-0.037005937152181013,-1.3220324263357177,-1.377355827439675,-2.414181106247444,-0.18349483360648067,1.1031310330963928,0.8851832614314781,1.3453871943983988,2.23617900314917,2.1148745919221374,1.9596579134311018,-0.52805643076252,-0.2203095439295507,-0.8611218747652596,0.3601486713208699,-0.6993375048478628,-0.03092524765379315,0.7962171996751589
2005-05-17,-1.4932449450813585,0.7036873299813553,0.19381874612268574,-1.2484157313947324,-2.24045323154198,2.055599702107019,-1.2935466661741961,-1.198567946289838,2.0475241532414614,1.1849044157181003,1.6236328832411466,1.5192595208532145,0.33358763717108375,-0.41634912460609413,-0.261463794087772,0.14493845041508077,1.6861156091827605,0.7962171996751589,0.662487083766383
2005-05-18,1.1657940999577738,1.1688538798092873,0.023122921415492197,-1.0057685318398166,-1.9364489479994036,1.589701936969811,-1.2029847156895286,1.4312738168003136,2.0506330908129438,1.2339337507792534,0.5629098406645097,1.9195670268668035,0.4747861789484175,-0.9462872924317816,0.4343540465275076,0.13334069934459203,0.041963947382975944,0.662487083766383,1.1036452024127497
2005-05-19,-0.5859877875472388,1.386627887677348,-1.111757241444995,-0.7277657421126267,-1.6641963519412237,-0.9813532337105094,0.7043089873071998,-1.797695619329347,2.401384867597357,0.7445627335209933,1.0614631873665838,2.0435283728904614,1.020608358657993,0.04287944733810822,0.20039442978988808,0.3604349171379695,0.8978468096064959,1.1036452024127497,1.0823337889114264
2005-05-20,0.7964553674415226,1.4597246060546603,-1.2121133845776242,-0.9007504372750023,-0.7463601241783085,-1.7736330330178738,0.5247329930625393,2.0679016152661447,2.7160255439037764,-0.0423847543446202,0.38190597631323847,0.13586589033230942,0.793856305347691,0.5948390476744126,1.3614055331320685,0.3632407834376365,-0.666761106496702,1.0823337889114264,2.017422778945057
2005-05-21,-1.3514157363561008,1.4908126734820477,-0.8446316592490646,-0.5716782208220252,-0.7309270693241467,-0.003976837407656847,0.41822654370918555,-2.0518827493952183,2.9146837748767918,0.42595088811388754,-0.3896176134821864,0.32681373142129255,1.6869668632614758,-1.2334313856889099,-1.127210373777901,0.3206510952151867,2.3095068565606116,2.017422778945057,0.1302466169875124
2005-05-22,1.2649926374102571,1.3476131152269515,0.2662306852849919,-0.19902725153447137,-0.711735540047209,1.892847256141435,-0.3481662682208745,1.7448540472967629,2.9229584592483864,-0.150727010633094,0.4903632555772436,-0.1446271770944579,0.6596288465272651,-1.415854048492923,-0.31228021679512186,0.26035168721283314,-2.30848532544722,0.1302466169875124,0.700499232230366
2005-05-23,-1.144715274772513,1.2309766401871476,0.9422733110206554,0.19030242171842646,-0.6870422605337091,1.4087667045952714,-0.20481720168311573,-1.360445930870894,2.982920309495384,-0.8457323619957957,0.34587908912529136,-0.3115291294278674,0.19266930200534504,-1.2214112421956325,2.0468550571108657,0.41174342746740333,0.7113428104318522,0.700499232230366,0.20368965461522479
2005-05-24,0.10197919071870142,0.9013031626276137,0.5340959903679097,0.5256935123679554,-0.6650284532655169,-0.8338424968845033,0.4215627868379791,0.9945303196753816,2.1978247491586402,-0.4723613987030337,0.49731683530084436,-0.10229434399533162,-1.0702239599217385,-0.4484639659705628,2.568952937063989,0.8227784917429687,-0.3462709964108712,0.20368965461522479,-0.004355151486712079
2005-05-25,0.8560419402321334,0.4004754127646069,0.47870221574772276,0.812810032958466,-0.6426256315476822,-2.291674930876527,-0.32768385744138306,-0.767550993159324,2.2972223920094765,0.21307478258576887,0.3518846965672685,-0.7180038789272607,-0.19000896184217383,-0.04695161090933819,0.2523068274196834,0.9078713195316326,-0.3916140307994077,-0.004355151486712079,-0.07525634982769608
2005-05-26,-0.8924571573734857,-0.12870446583536385,1.2621785642752454,1.0389910846836619,-0.5925453758213606,-0.95346538429945,0.1338392794562612,0.7416556473303139,2.471680102428175,-0.39380664170382934,-1.1746772346582557,-0.6317339185116932,0.12994443194706526,-0.060826219126641906,-1.1307736653316236,0.6083107015397221,-0.10962143312670361,-0.07525634982769608,-0.49776360471743863
2005-05-27,-0.2695448709953205,-0.6809733145586021,1.170544675135007,1.239128194654527,-0.5694048618324448,1.7172998391311587,-0.6214112875602862,-0.8624568174410193,1.4351248687296214,-0.8100492945839067,-0.8868426495568279,-0.7539603465581798,-0.18133787493628895,-1.7922119430904944,-1.0396251709470397,0.4522221566045971,-0.45061591936990375,-0.49776360471743863,-0.5371908628252516
2005-05-28,0.11130969830926003,-1.2358487394344795,-0.19747395944183405,1.4715560935864234,-0.603436915233967,1.6141580657111383,-0.35665369908869043,0.885404984938433,-0.3354167641632993,-0.5963328777333092,-0.9197064785781942,-0.4178492584129216,-1.6588948077313563,-0.7667909473707359,-0.20877377663595045,0.2865881105951456,-0.35379131089094706,-0.5371908628252516,-0.4548375000496457
2005-05-29,1.749307408098715,-1.4092358539350893,0.6646286382438811,1.7291615621755028,-0.5160536269197691,0.3539762547397291,1.5226378705243766,-0.5649336660910949,-0.7529598741157658,-1.1778879646177,-1.1909422444161992,-0.6830503688844893,-1.6598352824625948,0.30051847542200905,-1.0605661128721808,0.15094686871675886,0.47471382988469063,-0.4548375000496457,-0.9621482022089587
2005-05-30,-2.307405879748568,-1.178027055178919,1.1800504523467765,1.8691082863849486,-0.4429223137851751,-1.4435975892808208,0.21008157090277352,-0.05802104343947146,-0.7430150526963364,-0.9557959763588686,-1.4382069532819117,-0.5609269196952401,-0.2314912610876904,0.4424963851924911,-1.778781618898764,-0.0714729905366205,-0.7311214219049194,-0.9621482022089587,-1.0945809371560347
2005-05-31,1.0026356910512915,-0.8961620388554258,-0.9735241211868291,2.0006043970595044,-0.39549883922665996,-1.4507119212318142,-0.9504067950403164,0.6625617861530847,-1.0802728176790835,0.8475905627747785,-0.5907131281642531,-0.24309041136750614,0.6235302787734434,-1.330320539589425,-0.527027875873068,-0.1836561892089384,-0.41733656663115865,-1.0945809371560347,-0.6009856052710841
2005-06-01,0.44947296315108554,-0.6613646830811395,-0.7177121652942569,2.1017694459867706,-0.27164775280897735,-0.36902510044775777,-1.115541483455635,-1.0756560157709398,-1.2810075370198455,1.3143786942780709,0.4535496038732865,1.5728498827562059,0.6528657858725366,-0.9926975822000208,0.5885663289282194,-0.10338101531688525,1.1294556541882872,-0.6009856052710841,-0.5154500435360344
2005-06-02,-1.0831512847781388,-0.43222958492998736,-0.9582367013664226,2.1694568966869516,-0.053487766079817214,1.5132604250102015,-0.14381343505270047,1.2095085953241733,-1.3517626971697596,0.8292651463254879,0.8864878737322909,0.7597277571125394,0.7500945014255006,0.3996849363816508,1.0447788104412412,-0.16041871987431286,0.46811949772386596,-0.5154500435360344,-0.8512130622239633
2005-06-03,0.9821350556861328,-0.17901678781796448,-0.7443121289061435,2.158989338515903,0.052292701272795755,1.4030772544227017,2.012568269452485,-0.8444107261767858,-1.0291637888864384,0.4988152469695944,1.1471353673936242,0.27202258932146073,-0.7768452698764794,1.4036163142568252,-0.5272762221004909,-0.10224423256942497,-0.11959323954432063,-0.8512130622239633,-0.038147141282330606
2005-06-04,-0.9090330920650963,0.18372284728859475,0.6479776611943731,2.145233877461796,0.18903415055259357,-0.6781026783026612,0.39268939750363024,0.11113214933537541,-1.0677771501980213,-0.4384513211075584,0.635113459095079,-0.23284330118636581,-0.42374151087561274,-1.1513767184810244,-0.013067475643338787,-0.06220928945545318,0.942888486460039,-0.038147141282330606,0.21015731968985887
2005-06-05,-0.0823388433842893,0.5049002573934797,0.9050758508985773,2.078626449427444,0.3232702688912283,-1.094727207701659,-1.5252997271591031,0.46604166161318733,-1.1382567250266817,-0.9629320460315133,-0.18185634931456018,-0.5103283538496559,0.4833533170504103,-1.9829695415976853,0.18215334028915245,-0.34397069678111103,0.2897075050402328,0.21015731968985887,0.3068357027102562
2005-06-06,0.8203147999709581,0.7586649157010804,-0.2716819356713309,1.9454552975656163,0.5783811966440386,-0.06471811113979632,-0.16896101159395766,-0.7794547986775556,-0.6995238241955316,-0.9836147013038647,0.17964917979344017,0.1012382001896371,0.0028831023615549125,0.6793605805448495,0.14467652400529205,-0.7609917350484061,0.3160103791169762,0.3068357027102562,0.23982757122065204
2005-06-07,-0.7168393498093009,0.7600818682464324,-1.3326065886614347,1.7245377363546315,0.7195190046511777,0.2608554819184527,0.09566810279523866,0.7570506481849676,0.31791378793581415,-0.3170626722094003,1.4547100471233516,-0.4500479913954912,-0.6987569502929581,1.1567595567576507,0.2255786275529998,-0.7334485145024716,-0.17934858317030053,0.23982757122065204,-0.3297177455601767
2005-06-08,0.18075937167303346,0.5411000697902728,-0.9079966955035749,1.4502826661724788,0.862764951240253,0.22932557763224007,-0.16143305882372008,-0.1671397870808333,0.9442166195682153,1.0708050820903798,0.7483133973542642,1.2225684821224834,-1.7794901882164946,1.4508590008267077,1.2189473097756056,-0.36083725498977254,-1.0624090252440956,-0.3297177455601767,1.7130383080344538
2005-06-09,-0.26288069485801574,0.28226241007196035,1.28791337015542,1.1085727068208104,0.9752779980488879,0.6177519906839367,1.2747372947407722,-0.4365742332698356,1.3815483002418527,2.092498017948385,-0.6360003892199597,1.970438742196064,-1.1782568741561665,2.4888079342439684,0.0689360896984654,-0.1259816219089813,2.677974821335473,1.7130383080344538,1.4831834636191985
2005-06-10,-0.09438904884997137,-0.09907311093827291,-0.31028824516024467,0.7899943812833293,0.9997779395276171,-0.17394209424360274,0.14578241063642663,0.8169796533065289,1.5046193742162048,1.1799881020083975,1.074412052710893,2.156262707410814,0.02612045650307158,2.2531649175036663,0.015965305706860004,-0.09043087543876674,-1.6558463637592626,1.4831834636191985,1.0657913680186826
2005-06-11,1.2396724154324086,-0.5327013805850186,-1.504642713552074,0.40856993078530596,1.1288077035873612,-1.075686989211872,-1.6120776920756985,-0.954893232192058,1.410356511795304,0.11141170736636906,0.8781399815953301,2.3366254921092584,-1.3542799957754899,0.5945123210781985,0.7081781358644573,0.3192991126464127,-1.5841796079453934,1.0657913680186826,0.846954301474147
2005-06-12,-1.5862742689299543,-1.0246791588326376,-0.51608087232889,-0.013058777777743561,1.1922204340353235,0.21864723398252967,0.029920656056180918,0.852839525990829,2.017809906029322,0.17747616920827516,1.5104537640444662,0.0383157467221859,-2.1034442392034176,1.8648091414033194,1.1940648137006495,0.9009156672012881,-0.19524434340650942,0.846954301474147,1.1987902876441359
2005-06-13,1.0206404223902723,-1.320560417806231,0.20886645912857585,-0.39530765052628164,1.2156065666414624,1.3810618392944625,0.5988493008586517,-0.6312087552907737,2.4070374124219267,0.6421907169719883,0.4136619812860625,-0.7938328688731676,-1.1750662020221725,1.5705898068765176,-0.22222329733450463,0.9901595458321647,0.5371098587195803,1.1987902876441359,0.09189864027961017
2005-06-14,0.3179955339495856,-1.3718445527889687,1.459286354622698,-0.7886595485309119,1.2139482631501435,-0.08018149271051349,-0.38742714059004335,0.34528766850818177,2.1323694166822826,1.6410064334237642,-0.3422267199050577,0.31901356499810524,-1.001396117641224,-0.08337661308406143,-1.2521513532608146,0.5232155904783664,-2.5957659009266782,0.09189864027961017,-0.19406476026272476
2005-06-15,-1.2459279245062764,-1.2446516822964904,1.0819839091758046,-1.1497829501053607,1.1815290031316192,-1.21647766565779,0.75699427803778,-0.16141959156121957,2.5278223463648293,1.8263648408118403,0.7028676267385743,1.70481092151208,-0.6441184939891371,0.009739262205833703,-2.0875328442906254,0.026186483938026608,-0.671282454105337,-0.19406476026272476,-0.3966573630169148
2005-06-16,1.4088490085974108,-0.8066427943469328,0.3197531762091674,-1.5743997103230376,0.9946073934859704,-0.2200595670139276,0.3753666535475374,0.23011952071856354,2.317575640581237,1.029828139731941,1.9254587172427444,1.3265865188209216,-1.3351416305510149,-0.03447144570392794,-0.6447142947948522,0.05023218933471383,-0.5509490514843373,-0.3966573630169148,-0.8214567857771357
2005-06-17,-1.2740348057543651,-0.11162915460831234,1.5545969804522126,-1.7664849093974886,0.8928682893568731,0.897017980577729,-1.5650428378252297,-0.5329276270998049,1.703527707780111,1.0505592231658645,0.32515039702717013,0.971194950974578,-1.8253875360597445,0.6407076504193631,-0.8616375536577076,-0.12959098404040678,-0.7962355626072318,-0.8214567857771357,-0.6331290209097077
2005-06-18,0.07083480655720814,0.4683102354900543,0.7596850858912312,-2.0298305587000436,0.7893261735278267,0.34390436747976166,0.10820471824042881,0.8865115033427342,0.8913694595927951,1.2139253859477137,0.17482395422980807,0.7656626681099739,-2.0593565846803594,1.2706828753086634,0.4191512681100154,-0.10581780344030076,0.4111284020538277,-0.6331290209097077,-0.657149960825184
2005-06-19,0.6955555989976044,0.7593705021675771,0.19612535433159398,-2.299205724901007,0.676454438432179,-0.6980043122671004,0.9887516899571946,-1.1418986386546286,0.675658122892468,0.767294160933639,1.490282635901754,0.6409193658141911,-0.9781931106254029,0.2517976663209504,-1.322098501298426,-0.36174693882460895,-0.4058737686986897,-0.657149960825184,-0.8539631480071084
2005-06-20,-0.7959308279991129,0.8576954472873022,-0.5453390085026362,-2.4743435942542775,0.530079238830993,-0.32278663311193534,-0.5887180230383617,0.7805294812446989,-0.1254367428406898,0.30209943498106034,0.3964465439276391,-0.40032156831444266,-0.8776967352923238,-0.4606141310780706,-1.5739762263894739,-0.7456973039000899,0.1713455606652911,-0.8539631480071084,-0.8973937920442839
2005-06-21,0.41158815115075087,0.8183348108058176,-0.9832571163540298,-2.21285788032996,-0.356811431514086,0.13135024221923688,-0.07227217239616465,-0.020921988955833696,-1.2251565712591863,-0.8381833963405035,1.4538475349317004,0.501902893302977,-0.4244670778398696,-1.5521535285680563,-0.18575428722103687,-1.0114799156198933,-0.31661826786022906,-0.8973937920442839,-1.0912424593151084
2005-06-22,0.2861121501844385,0.7330718582160041,0.23159048759572864,-2.2781403731383336,-0.4144575133566426,-0.33896160200721986,0.2741618779905244,-0.2169763127980643,-1.106688377339598,-0.7977118254310959,0.333834509247931,1.574751594837583,-0.5700307994155409,-0.9787838217582133,-0.407182827002536,-1.0556744919190797,0.1961391898119797,-1.0912424593151084,-0.821840417473456
2005-06-23,-1.4686579074214532,-0.4622821237100935,-0.16499665119956908,-2.2456061233763602,-0.45657661461419147,0.16999185768231836,-0.1480011611498584,0.21163117797411163,-0.32535220057780045,1.4925128584939262,0.2190939237804628,1.0788267194781191,-1.162639957430758,0.9103920692812294,0.12372829121708734,-0.9467834042556832,-0.27412376541846883,-0.821840417473456,-0.7632129584865733
2005-06-24,1.3301917086211528,-0.5658642335959448,-0.653773558444473,-2.0227526169102585,-0.49666638361616905,1.3308337079079346,0.4084797485737618,0.029633561573769143,0.771674192833839,1.6983916206814849,1.0469727091096406,0.14833542122095944,-1.3223050087596901,0.9916170192551449,-0.7620846351290588,-1.2426359978555053,0.5134255690571841,-0.7632129584865733,-0.8494814913827229
2005-06-25,-0.3565001659054465,-0.4549817396850663,0.5598204905382782,-1.8578676502936824,-0.5075366579794687,0.595344718923239,-0.8608071017292441,-0.4399389088042648,1.509977102497542,1.21603952947515,1.0964090585413548,0.3613512502848353,-1.2402365861933067,0.2168766993682716,-0.02954090563320991,-1.479613724639642,-0.08401317359466497,-0.8494814913827229,-0.47869621239992016
2005-06-26,-0.4609978764948021,-0.13987598263873996,-0.21668464236174628,-1.6487075343621282,-0.5015646110844343,-1.4695597979685036,0.4519819782641924,0.7132017030577303,1.0958137107001844,1.0485057646187455,0.8416326513708208,0.7236709216742426,-0.4568796122743813,1.100217715231301,-0.3557351416910434,-1.4005556735408773,0.20512026402128075,-0.47869621239992016,-0.7833153467544283
2005-06-27,0.10586374078471886,0.1930891764142642,-0.9835429526092679,-1.4857143217334747,-0.4287575498418837,-1.355609033121903,0.404798818329552,-0.6833787026760502,0.7224405981472852,-0.34424213984465357,0.7979531710607707,0.6641339745086982,-0.26691795529633827,1.9194305480626044,0.2983448007013382,-1.0997200414559258,-0.1127531248618209,-0.7833153467544283,-0.7987699669694179
2005-06-28,0.7371000115524123,0.5033399196830853,-0.010065789782494212,-1.1935519335196108,-0.37839052182099125,0.6073065327673952,-0.6251296823194218,0.5137829829698977,0.3352811987792592,-0.6393257864419485,0.6316328549524939,-0.5809099914765816,0.6090354740475045,-0.05893394336425519,-0.5307000426241228,-0.8644372262044212,0.33965552590457515,-0.7987699669694179,-0.8052792217727436
2005-06-29,-1.0156703776071996,0.7680061697715308,0.20433360582491164,-0.8825018085401375,-0.2298982973704731,1.7266697861750437,0.3081614161234012,-0.38159869969116145,0.39451563331343775,-0.3585505446234588,0.9995768058688795,1.979271362067,0.6543121948224375,-0.991923233932224,-0.2612868696023051,-0.7741724576397252,-0.1959167670613269,-0.8052792217727436,-0.9507357623215751
2005-06-30,0.37759024508397787,0.9790992295185087,-0.6682904980545347,-0.4961663011220487,-0.11157049778730281,0.11001886002523042,0.4181312424579972,0.5464840315804345,0.47862902909009597,0.14475433752651515,1.3496846904699988,1.1633963229517261,-0.35814567695963273,-1.1091559392925097,0.671833507581359,-0.5146549332707564,-0.4482136601781474,-0.9507357623215751,-0.35473258165386495
2005-07-01,-0.021388191142774668,1.0807196864033408,-0.7535497447316577,-0.14052153274848347,-0.03696679699306218,-1.005625436015432,0.493253496210033,-1.1615458072174496,0.89652840193302,1.8506139494718863,2.3064266282160726,-0.43129711379469493,-0.671213754530967,-0.6142726550559214,-0.392737852258737,-0.5797717642553729,1.1635991965197958,-0.35473258165386495,-0.4321371123892465
2005-07-02,0.35287693200473164,1.0172088156887744,0.19705028491119522,0.16964510758682524,0.000759695375050486,-0.43695299306074237,-1.6569226267340247,1.6152903020614855,1.6420300091011046,1.9464803977076608,-1.3128036593731816,-0.33587723730044705,-1.2245064166395656,0.11470874494982874,-0.5921922507064276,-0.5403881784925948,-0.2198863123382379,-0.4321371123892465,-0.7292534347554661
2005-07-03,-0.33899178589363155,0.7572021500040605,-0.060088047526393004,0.5481717258941886,0.11130215703646418,0.6900259191025742,-0.29223602611015675,-1.6140205028720143,1.5145953399843513,1.1169669250503746,-0.3842975524712627,0.5558268090582038,0.8110332741234035,1.089552003179159,-0.2278989248258872,-0.3807500533791145,-0.6687379695209595,-0.7292534347554661,-0.7857048882913938
2005-07-04,-0.1855188650012998,0.3242529164225872,-0.18774128812322888,0.8386720940175524,0.09071490696637212,0.07228209544708043,1.4377288400036077,1.1627296848979223,1.544825398808767,-1.3085292221691367,-0.17882985550270786,-0.7781637132317839,1.5070198939825092,0.3311774255885171,0.4501103122706891,-0.2760195740146388,0.25710123290427833,-0.7857048882913938,-0.5957862233658799
2005-07-05,0.2412038328532839,-0.21405966908108331,0.7000437205571889,1.0604935266427034,0.11431466895315749,-1.0327765786188268,0.9392990964977889,-0.44236736168229085,0.9106785014739499,-1.8296870237651492,-0.12017529799264655,-1.4066916542937007,1.962071832389669,-2.020861655959193,-0.5718035576669799,-0.3289189509144747,0.12120212904513879,-0.5957862233658799,-0.1566501430483605
2005-07-06,0.13714721777797806,-0.8690204565884964,0.8984851496599113,1.3461631777284204,0.18594872213221114,-0.06379839892639795,-0.691151213600094,-0.41679184871495056,1.3430839381715818,-2.1463609024527326,-1.3816266818793268,-1.3805855163566487,2.299630850889223,-1.53816669579377,0.2611601111576713,-0.3435501433878988,0.55317477478947,-0.1566501430483605,0.1567900484724987
2005-07-07,-0.6469250565431068,-1.3137216928536415,0.35135430203870427,1.5835818412561555,0.24568879826120527,1.4177225010254872,-0.9064401899666291,1.1209208496498773,2.268239014894233,2.748309257014901,-1.3900801033450425,-0.09785975207884126,1.736981130122171,-0.2567158317450668,-0.34910388452391905,-0.28477641519201813,0.5745819567021183,0.1567900484724987,-0.160073145245204
2005-07-08,0.6141462930349461,-1.4471350744056808,-0.2491130373398379,1.762304481021982,0.25322165132569463,0.5626605102456911,0.7364700509174494,-1.5563354928687743,2.981799693211391,2.724689106815986,-1.3286542600882076,-0.19413209133400078,-0.19149246923454538,2.0127019714431227,-0.45488888007409595,-0.33821501272399523,-0.7658607485361612,-0.160073145245204,-0.3978240516545401
2005-07-09,-0.5634873437670029,-1.32160084932158,0.2445030119000135,1.8813153393698785,0.2846496485472753,-0.8610443791677744,-0.5945931903482203,1.4853667020958052,2.6062102166938437,3.1196414424778713,-1.0389173216840195,-0.8578003391653749,-1.460446723092795,2.2712306972214833,0.30672994920860136,-0.23126224115487284,-0.6434184586319486,-0.3978240516545401,-0.4674210252244489
2005-07-10,0.2802549780332536,-0.9818679209866952,1.2456292878343642,1.7317424131499197,0.2942855069232358,-1.0862193411699308,-0.029217952008390252,-1.2615677210240892,1.0168321999212875,1.4337924775744249,-0.45096861600490024,-0.881862540515521,-0.8659732543127439,1.9835025481422692,-0.43256546867098633,-0.3274008904650542,-0.1937810110196497,-0.4674210252244489,-0.18710038180771313
2005-07-11,-0.17372470764317485,-0.45873498370515714,2.0275645762928827,1.778471280712423,0.29761715701710156,0.26616458761482475,1.3207150728513628,1.153385352443292,0.7176113686841771,1.1349388771585118,-0.5093615848214892,-0.07181911768757374,1.4180456278588003,2.336059807730331,0.5870732304930575,-0.17861465323617245,1.1638202543384717,-0.18710038180771313,-0.36487834400937047
2005-07-12,0.12947635465777466,0.17528693705406198,0.11012253449171767,1.6301718980406976,0.29288581457634627,0.8192165345023285,-0.27882887957744784,-1.2150842843458467,0.7140566401096156,1.6001585899520339,-0.18982543934679383,0.7564559938378342,1.953802572735506,2.1067441475526185,-0.8198978619667504,-0.22781871707688997,-0.6802024855022192,-0.36487834400937047,-0.4644392349301747
2005-07-13,0.1658326428466683,0.7499835707310332,-1.3189878659177323,1.555335611978356,0.16928774714731246,0.09315130449397453,-0.8587466254800691,1.2674907201581593,0.691058443246212,0.6045618508204962,0.746064461870336,0.12324484273081819,1.860935157628023,2.8226464931650543,1.2543566068906205,-0.14377520507725827,-0.3748319371114049,-0.4644392349301747,-0.21305998529556136
2005-07-14,-0.5374599165704149,1.2198316625065047,-1.1645432017856607,1.4467423251485376,0.1279322236603296,-0.1609155805939786,-0.8762437802601742,-0.9837766180427361,0.946247980508426,-0.5146499350766326,0.7462865013872193,1.0409313003833387,1.000160231715009,2.04391862206668,0.9827848009527732,0.052118818676701734,1.6111075575197331,-0.21305998529556136,0.1731803390201941
2005-07-15,0.48752442435684995,1.3904250046979656,-0.26696906795350156,1.1929292247223586,0.016241989269968768,-0.02910226431361259,0.42921572894382665,0.445620187412577,1.1974164933414382,-1.2049907922387038,-0.18291859641790198,2.363480558111499,0.6103648438878413,2.158726290888221,0.17335929439721987,0.17198688287104322,1.1773198391432467,0.1731803390201941,0.7921574973314527
2005-07-16,-0.17854693434052724,1.3638173058824072,-1.0547888819329665,0.992896471076656,-0.03565152362329585,-0.08118730078668387,1.5546423189133636,0.24393717849879668,0.7192506111971839,1.0835013754037977,0.8353862131700064,1.354986023554997,1.6197105940703769,1.4108686100785939,0.10396633705361276,0.21021836618326672,1.6866491201386948,0.7921574973314527,0.16604147636493538
2005-07-17,0.2432403316861391,1.0229484053805518,-0.9540203749765767,0.7548286923019358,-0.09045666591414629,0.09187628204622951,-0.7302456015012723,-0.7942422556788917,1.1682508090373513,1.7332079811632553,0.4812050363289386,0.3989609616091215,0.7108900535491833,0.6372757005472474,-0.4195116727326617,0.08545092555608189,-0.5848245286895941,0.16604147636493538,-0.15497080201282323
2005-07-18,-0.3700364297307898,0.30507713265049724,0.3528570136582234,0.5619928431378189,-0.13073855414580612,0.3775751815411767,-1.057181013148729,0.977577890058267,0.9877892158479247,-0.0754024925328877,0.45540897381800843,-0.8614389694316471,-0.4766888978379178,-0.5288742233702138,-0.2669737757265268,0.18203784095668196,-1.1139295395573159,-0.15497080201282323,-0.2942981893425254
2005-07-19,0.13711546776188477,-0.46151458619086877,0.25662246986434073,0.08431844630204906,-0.30512508812143857,-0.25225503061105614,0.29359016979242775,-0.7413199001797602,0.08968323095784622,-0.36127524687753565,-0.012734679602455468,-0.16068399187135918,-0.9353812483356042,-1.5595041180934026,-0.2986262443778304,0.08485774604779635,-0.02031692560062247,-0.2942981893425254,-0.16007499717092147
2005-07-20,0.1605431299348583,-1.085241138402098,-0.6572144567726619,-0.2155576213054212,-0.34147458252614327,-1.128825590000407,-0.28894560663863267,0.30586603910417925,-0.7069502855068241,0.7975551101655051,0.212645902118175,1.1090788987389462,-0.9612641207135629,-0.5512093834998303,2.616506854231861,0.5997115823945367,0.1662297032931122,-0.16007499717092147,-0.16566561290595105
2005-07-21,0.20263302235984798,-1.5724245157339134,0.051087906421689915,-0.36979375485090304,-0.3727094694841244,0.1842377000480778,1.1743185459735188,0.04251572522156936,-0.47472320584641603,2.548912521097646,1.509488267994488,2.1418959140058615,-1.3859565962715383,0.35079698243734214,0.4120679733243281,0.7349115098384024,0.08125920885282102,-0.16566561290595105,-0.32745068726387155
2005-07-22,-0.462165107015351,-1.9121182096019187,1.257498264989203,-0.5386500024050757,-0.3784032237201918,1.542144846412205,-0.36405199551437284,-0.15536156219946828,-0.7817360269169912,0.9280330551548747,0.699675383436164,1.0776463761991524,-2.09103976752057,0.8165164634550481,0.48522164597905293,0.7428514440353302,-0.42789722775316746,-0.32745068726387155,-0.014041453146734861
2005-07-23,-0.6162197939942134,-1.9240552174998435,-0.01976201340369431,-0.5322090470151695,-0.33239260787986596,0.30640179097023235,-1.101965992855642,-0.06588127464717687,-0.7931266206656045,-0.12341176254898696,0.02737245401133198,-0.5226120228738447,-2.0933342876008796,0.9421265553713094,0.22309830319915136,0.8443270123769917,0.6942808072313256,-0.014041453146734861,-0.47450704325034165
2005-07-24,0.7461482196760698,-1.2486909907764352,0.19469802524141824,-0.3292559148239311,-0.2810675789829394,-1.2230935755521153,0.8808398105516562,0.648473021447557,-0.30459421697688,1.3230629650460015,1.0214021807662825,-0.3217506079037834,-0.8432917411910925,-0.4750484882343778,-0.9584446202675733,0.6797985685568545,-0.9237148341443424,-0.47450704325034165,-0.3410539293191349
2005-07-25,-0.5466446873075742,0.4898294430035158,0.5246798848076256,-0.11999095255777194,-0.2172802201540626,-0.6178249289453124,-0.3980875563587223,-1.117152926113399,-0.5219175465519998,0.07146076521473187,-0.009699489801047753,0.8442263330546522,0.31285038399518394,0.32507729601420576,1.1254622179093337,0.8945394765334925,0.15422385673261685,-0.3410539293191349,-0.36622665463922127
2005-07-26,0.1947425071754811,0.7172279111217038,0.024325237199385077,0.1574209930341264,-0.14006855574560562,0.8817264191674248,-0.5280478351497226,0.9553737826390012,-0.27716669856533654,-0.8619446522448797,-0.06610366941764366,-0.5600302084642886,1.7824521430467382,1.4024358280666054,-0.11256743894087719,0.6424034771625275,0.21208961654025588,-0.36622665463922127,-0.23664631900702074
2005-07-27,0.7899821772861392,0.7799415341335582,0.3256492583904464,0.39070466996099,-0.051580961987997574,0.7641357379431981,0.40513564144353154,-0.37844972748545547,-0.7115282134220512,-0.45817050631342326,-0.009115533409130775,-0.6918200970629759,1.0628867736983243,1.0386385686249269,-0.519638501467119,0.38782423487180606,0.5343086679870481,-0.23664631900702074,-0.4841035554302114
2005-07-28,-1.8481092119623375,0.6749530221215094,0.9218798077193188,0.6272128733897755,0.04614334938597981,-0.41759979591771434,0.2199955467863993,-0.37631680190796274,-1.045935166646323,-0.5020158171265369,-0.5076317753638934,-0.39598281197918067,0.8354782350200224,0.09388661874620575,-1.6011728718481366,0.17526582124234705,-0.7991666852435525,-0.4841035554302114,-0.6497229511601641
2005-07-29,1.6638117888561308,0.45123112119428693,0.9159466091718184,0.8571779258030653,0.10825136933222122,-0.6044213842616926,0.5033712684281199,0.9975864193809587,-0.9816656242551253,-0.7169499247404859,-0.16634271068477974,0.15199074854590977,-0.7170273668795457,1.3193944836812963,-1.0587793151432336,-0.06704015691591544,-0.612938125997009,-0.6497229511601641,-0.34814289218411504
2005-07-30,-1.0551429304370143,0.24791777116266855,0.5066948325376285,1.078794806134441,0.20495115653008403,0.12706388977776378,-0.6015732091440466,-1.2648745470541387,-0.7846153780491467,-1.503752569700382,0.45513167981019603,0.32961500107459213,-0.7766927382485964,1.0673519756391905,-0.9829369337147243,-0.17368075080002046,0.920589823536354,-0.34814289218411504,-0.6678384631073843
2005-07-31,0.4143140964285863,0.2013642281676196,-0.21728732855855698,1.302099485833517,0.2433254170085347,0.22484306768471968,0.09440986436736026,1.1547624547144697,0.5827680153828887,-0.07127145288611861,0.07557761422894389,0.5026543623750054,-0.5123144981858959,0.9322317587673279,-0.41715837170370695,-0.2299989626130494,-0.7471888534678797,-0.6678384631073843,-0.5767791890370415
2005-08-01,-0.2934388506610978,0.13335273228152603,-0.6785390609603544,1.4665371415948076,0.2280799554405129,0.08873698459600518,-0.11819814320499274,-0.8436854310925483,0.8288473866955134,0.04564461774195835,0.4427857393980076,-0.02559826953531498,-0.8141259668908966,0.6251591148497285,-0.990670041851476,-0.3706409665494549,0.040529683402839904,-0.5767791890370415,-0.17570116350738896
2005-08-02,-0.19406095033996518,0.200998230994211,-0.8375440773642283,1.5213749290725618,0.2924261728537681,0.09089031826823023,-0.6640535953341071,0.6874916256497627,0.49322426151198534,-0.510221897892537,-0.2572744562840608,-0.3988151119361954,-1.3923459160048046,0.17629185348716916,-0.2498402257254482,-0.9493182104034705,1.1133658219404012,-0.17570116350738896,-0.2370379218134734
2005-08-03,0.31191865377492933,0.10731417814493123,-0.7356981770611497,1.4631150199117258,0.41579532489435345,-0.10404261042943834,1.6452088440566899,-0.8261724154917753,1.0098231497378445,0.6689257100184889,0.6531010050135481,0.013838344342317448,-0.2572139372483901,-0.12313829981668169,-0.9433998293029539,-1.112169758360185,-0.17200821502462416,-0.2370379218134734,-0.4732235660995019
2005-08-04,-0.15418175830284347,0.11218621375377061,-0.46198635842124175,1.4290834800558923,0.43453271235545043,-0.5762133629750038,0.3208380420176925,1.2087539489317145,0.24435400088632217,0.7541213925532894,0.3640562980316651,-0.04219921126158528,-1.4261353912974815,0.420760887104572,-0.6816710415697103,-1.1244361285008477,-0.5681403754749745,-0.4732235660995019,-0.5627058738660561
2005-08-05,0.5282318266257978,0.10997499355135937,0.08317729186607867,1.3753354158428546,0.5104896787855775,-0.27955700471346906,-1.8582906920292144,-1.4197275908838654,-0.8199738170920867,0.014572471453218572,0.8149097419122132,0.3697688626148535,-1.2992841459950675,0.19816796802544703,0.2759448523326246,-1.0926515029704877,-0.4991119716291923,-0.5627058738660561,0.6456793669453914
2005-08-06,-0.6866575696142228,0.043004234491895096,0.2677601173313448,1.340992530862745,0.5361499036836638,0.4855449274460794,-0.1632797975190903,0.6729280421013043,-1.6318044012927182,-0.06350669111044552,0.600786289430688,0.7761613130461478,-1.2104247783349456,-0.24328102121549836,0.07494414740180821,-1.0034817665917943,1.9081061402103925,0.6456793669453914,0.059556944802573064
2005-08-07,0.05334955833558276,-0.06622903188464101,-0.2343276334054398,1.2149863447525984,0.5273632980065611,1.0033292317052183,1.5229500328260164,0.3030986557125396,-0.8523722518397941,-0.9367456820370731,0.8974842704260322,1.1106767052241604,-0.1606115834039772,-0.3716612538934562,0.04783560422961497,-1.022416175670614,-1.1145148758636945,0.059556944802573064,-0.4487466201542097
2005-08-08,1.1908154675153622,-0.2513700941381042,-0.585194511279235,1.0461976712045569,0.5011311363655802,0.2945402067293432,-0.4950551261318837,-0.9248470237920564,-0.19445037555616473,-1.040364371196328,0.7166085661937942,-1.279782393366699,0.11251413140487215,-0.12822276050789372,-1.0123672395138374,-1.16341692105919,-1.0136101349860054,-0.4487466201542097,-0.602814723432273
2005-08-09,0.05222204624670728,-0.32113369804473624,-0.2981971093145704,0.8736698854748091,0.6037217033211125,-0.8912776256045603,-0.9709934983589803,1.1150603639187435,-0.032339591279334445,-0.6378085980448219,0.45676400057557637,0.584609987865832,0.2767933863904046,-0.2607478249800196,0.6956879221282202,-1.0506882441181686,-0.4926128360571898,-0.602814723432273,-0.37114191132941055
2005-08-10,-0.33782770302844456,-0.22785897686214918,-0.5724237594747842,0.617815636260098,0.5313721872871403,-1.0089482301056434,1.2273652982832284,-0.8692091491734347,0.01442985993199173,0.38650795033210295,0.3854262948191216,1.2414968529142045,-0.10449720008402649,0.7481862691649351,0.1208872683621816,-0.8364751128344472,0.43814344734156196,-0.37114191132941055,-0.7037761693282273
2005-08-11,-0.7452915622730869,-0.0026022241671608344,-0.1787759052872242,0.501780231923177,0.5214359945827827,0.11786643849614815,0.21742010717814364,0.4758015968849757,0.21579278372160898,-0.5934068699546322,0.6239547122352461,0.9148780803997787,-0.5433492953950415,1.4869564265617201,-0.790903303579678,-0.7353902330352234,-0.6817286704271235,-0.7037761693282273,-0.7021445530775546
2005-08-12,1.9076194165005558,0.30201616623593747,1.3107116325394585,0.18371057474119512,0.3677456004604638,0.989807602578995,-1.4067632090698996,-0.044678129210062985,0.34565468775792346,-0.5195737587085726,1.0652195152410326,-0.18003320303306744,-0.5306550113404797,1.7949927750122632,-0.025630207939514742,-0.5831910483836328,-0.14626699923909212,-0.7021445530775546,-0.9329705230847404
2005-08-13,-0.2338674077973256,0.4800779597430555,2.548009129159952,-0.11626365188268856,0.23142189124540233,0.31392562525844153,0.7264597446778902,-0.2743610127395181,0.5310140672292468,-0.9123817168220205,0.6881293538346548,1.3683302679812162,0.14469705302827035,1.5750619924893219,-0.1941998708191458,-0.5133737884823962,-0.41915838694052576,-0.9329705230847404,-0.6198477599793901
2005-08-14,-1.1666326934201603,0.6203362898624251,0.4771319387998375,-0.4857368239915686,0.14331762955031097,-0.5276538381429194,0.881153166140101,0.09365171542957461,0.7377265739229983,-0.30925344507795854,0.5581089580759226,1.2275912617898599,0.8311431471799452,1.228394197181144,0.6174175691869496,-0.2775478463663564,0.8795854961678016,-0.6198477599793901,-0.8426353612670127
2005-08-15,0.3861809647375758,0.6425509232095403,-0.6567163896743146,-0.785991848281023,-0.014589577768706575,0.08646290870321051,-0.6768415702649181,0.16880719745605913,0.7088189644830237,0.789466877063834,2.117119672895757,0.9900931654632098,0.8222449336118611,2.4054579879644544,1.3749657106805622,0.0257643465934138,-0.46935812407935257,-0.8426353612670127,-0.4604175289786767
2005-08-16,0.11164142590628413,0.4297984017302383,0.16036138315859505,-1.0413512863014862,-0.14636469424050108,0.5793615284545178,-0.5759087769923732,-0.37894614612567834,0.27629112407846285,0.9406655879890945,1.3318083253755193,-0.08994514656773687,0.6950675304785232,1.2093632353476165,1.0469925188732017,0.2767790830298186,1.0261109026844597,-0.4604175289786767,-0.24066747488932294
2005-08-17,0.4310483133664229,-0.022452247739403634,-0.6617156539738848,-1.2208149049495691,-0.2784037438949665,-0.4891686366642027,-1.9468945022422692,0.45893310743442994,0.009541558730327417,0.8567089518577866,1.990251178692812,2.2484846875558806,0.37763663385472057,0.6666990167323307,2.418381151228533,0.7058927073752841,0.7169912734055062,-0.24066747488932294,-0.48935396044035717
2005-08-18,-0.3917477265111398,-0.510686461435884,-1.3644860101775123,-1.3445101029911295,-0.3937888677249562,-1.4063166380306442,2.1338984461278048,-0.3785645883687015,0.8876582575755626,1.036647989537885,2.743986431233413,2.5636369797974607,-1.042293982529518,0.7828354892189745,0.9177780313477081,0.7719995272351294,-0.6680506663248627,-0.48935396044035717,-0.7766672138744278
2005-08-19,-0.23825588577064222,-0.7688844246258225,-1.0937734167307642,-1.446140814263311,-0.5315985482963143,0.26615638699697275,2.5325963058167167,0.12797034706178737,1.4443129411876063,0.31776851276160795,1.9598173145190076,0.8185191875190261,-1.197915789642388,0.9294931136430626,-0.382903566300194,0.6852430598227386,-0.797065709934702,-0.7766672138744278,-0.7398902597121093
2005-08-20,0.29308133843346557,-0.850952283931626,-0.36566009487031004,-1.4892703843437778,-0.6455135408705922,1.4079181683944992,-2.801389477211098,0.19845300678431899,0.17253925681708746,0.011165141704995758,-0.9333352769084723,-1.6165831019477945,-0.5272088995472518,-0.8378863641885502,-0.020298043984600195,0.7021776588779188,0.5911593979404899,-0.7398902597121093,-0.6980039321693997
2005-08-21,0.14507730949119227,-0.8565983143133119,2.279151458056537,-1.500473396171695,-0.7174669958792638,1.0130460347387804,-1.1351570081242157,-0.6447331890931871,-0.5178669589629972,0.6996724961142439,-1.7673624468917868,-2.4091327380260243,-0.3704768970767196,-0.5270082182637792,-1.6844034266602532,0.6790627010852321,-0.3389386491051749,-0.6980039321693997,-0.8569356937530049
2005-08-22,-0.3258674686434199,-0.7650654346690495,1.5013470309250454,-1.489390627198409,-0.6922117043331397,-0.7940585677623625,0.4885816919620282,1.0382638330943303,0.11823947618797334,0.7097141217941944,0.7818749072051828,1.9669840295550307,-0.05777067151906131,-0.2999181400908397,0.155017154227827,0.5836331388669372,0.1320665096638179,-0.8569356937530049,-0.5756214406822389
2005-08-23,0.7205837594848428,-0.5842775718761494,-0.5915200522986612,-1.442369513092405,-0.7248549385190473,-1.4828098612442493,0.40194163902698626,-0.9674312407880625,0.7150513956935863,0.37329255226895786,1.7892884594069856,1.4481226781665195,0.5362208658443984,-0.2264781841890087,0.4161884210629567,0.6206114171224447,0.3998168645477499,-0.5756214406822389,0.1113132758104225
2005-08-24,-0.5051092597129013,-0.26635584320859407,-0.23664724023779185,-0.6513115600432811,-0.42199372639028043,-0.959834834674842,1.274805969538936,0.5884117200216293,0.6402378949016522,-0.1453473574062991,0.3146480210828823,1.0462406713019858,1.1827006424305528,-1.312782672729467,-1.0450513683283695,0.5109149907571674,0.8604423523363554,0.1113132758104225,-0.3140682348404449
2005-08-25,-0.24071682182291185,0.10861115542723353,-0.4467224413218957,-0.6339934667932978,-0.3204118010982438,0.3924284063962829,0.8564092070251057,0.19550438466905848,0.07832953244297795,0.08938368768104515,-0.660348194333028,-1.0448296561417953,1.0499457900364566,-1.4504084256830279,-0.445487022084933,0.4432456956084672,-1.0135099588833656,-0.3140682348404449,-0.2601764565137499
2005-08-26,0.7846758867527783,0.06298979479756502,-0.9593061866787411,-0.6092556967859326,-0.19979611614996057,1.3720194018845229,-2.0271727959998147,-1.1664842803776023,-0.3132075233543923,0.7509387002546452,0.04247444734499355,-1.4347293203271392,-0.1986004534387098,-0.37331156455227055,-1.215475923223753,0.3599812367428054,0.18236593392716216,-0.2601764565137499,-0.8172896714564524
2005-08-27,-0.26997531471057196,0.29618612067044,-0.23485293964485077,-0.6314906681470344,-0.11244096433724207,0.19589373498068943,-1.0088694986726403,1.9863198243620708,0.04875368547311342,1.2422201334925995,-0.8678309371205724,-0.4015285286018668,-0.9825811303335286,0.5289431513897908,-1.3599350178717662,0.10313668059764226,-0.7846757463004398,-0.8172896714564524,-0.8280456779628593
2005-08-28,-0.28332742224063856,0.45064888558578,0.5112124841095043,-0.5778746858780767,0.055996238614640925,-1.572517110203186,2.0363745311211194,-1.9265848046057557,0.5055293335662792,0.9543310430260876,0.03320477081741717,1.3469034041014398,0.035495817286445144,0.4387452306588278,-0.8958126907787038,-0.2897935178982675,0.2798340515270207,-0.8280456779628593,-0.7318180103311035
2005-08-29,0.008603675490310953,0.5682311735294016,-0.05649240714536653,-0.517349992927263,0.22835118962106285,-0.9584559086634713,0.45043328632485125,0.6072625071717928,0.3735910575045726,-0.5433603204716215,0.6393263571318738,1.5233587618350912,1.8451184521611723,-1.2039517414206298,-0.3362610092463183,-0.5384849362851123,0.09761280540577444,-0.7318180103311035,-1.146548123704713
2005-08-30,1.1650505729551066,0.621543350788536,0.024905528345509013,-0.4944251544390907,0.39469632873910243,1.4322680755856874,0.16606643534290455,0.409841360398687,0.6123247834545382,-0.7672524343433901,0.2588502265027755,-1.5722487796093891,0.6790662654363899,-0.12439208415898792,-0.9852772880332323,-1.0349453945088947,-0.043848620722387016,-1.146548123704713,-0.8677051801675654
2005-08-31,-2.343173814816023,0.6147216533071718,0.6753815484631347,-0.4193431344598919,0.5379381317093187,1.4409060520878723,-0.45772329820740215,-0.8659417609705501,0.9547399094807878,-0.5954699084771216,-0.7855851610352698,-1.7581716057472505,0.25555641330174134,-0.05568896859265872,-0.22568050893106115,-1.1859916491100373,0.04243948196574166,-0.8677051801675654,0.0764275662573689
2005-09-01,2.377285658924356,0.5169763488818296,0.49299209018931234,-0.352527955907152,0.6887779539626244,-1.251683502222607,-0.0888353648807626,0.9739890202772835,0.32137511167293176,0.42399935658991966,-1.4862804073305123,-0.3331840671240784,-0.304665862580867,-1.0903698270755589,-0.8174840224105012,-1.2613810614713765,0.9498743278895475,0.0764275662573689,-0.03760529354737912
2005-09-02,-0.08203193316076253,0.40681508281882334,-0.536246746882428,-0.29081050804438036,0.7953519273965141,-1.5991950754670923,0.46238222320453337,-0.7957091093343317,-0.530603734661207,-0.06268925599565256,0.16590732004957107,1.2434608328430607,-1.1323013555066932,-1.3074105721612699,0.1358264645242423,-1.262580091963303,-0.27063276656716173,-0.03760529354737912,-0.39311474131134977
2005-09-03,-1.9078860163504119,0.25012082742482933,-1.1661546282517197,-0.19685426046437016,0.8658022341693609,0.2543592306923231,-0.8484152951075933,0.2894764146441988,-0.7584526666396704,-0.42880240038383716,0.17949231992334438,1.0109157601464271,-1.4278223393378633,-0.7120291913705625,-0.7663170915042321,-1.1184205435358021,-1.0338476793311628,-0.39311474131134977,-0.4877514732514935
2005-09-04,1.8121231689143285,0.07452768762469589,-0.7193071182322675,-0.11651842500631701,0.9246187472366941,1.8739420544113545,-0.2597823042615263,0.2878285741487056,-0.1553403568316472,-0.017022681844545483,0.8510219940916233,-0.9307860104306627,-1.6453201972619067,-0.8159783143280707,-0.4133585630431945,-1.1221800827429673,-0.09665742806659672,-0.4877514732514935,-0.5131276118581927
2005-09-05,0.4132036695754936,-0.1325354682021732,0.740181087187089,-0.00017768214268450727,0.9403000657929129,0.9476277933867727,0.3410006830567999,-0.4880361656854905,0.09139217011848312,-0.6988945673816046,-0.38068937366690314,-1.0534208778238712,-1.1053818392462822,0.09356214776203599,-0.691861772339706,-1.2410281652633932,-0.44778932353731093,-0.5131276118581927,-0.6685700544865814
2005-09-06,-1.673977119502853,-0.3593420241777047,1.7997495838305113,-0.018285595778688886,0.9274841903809523,-1.1390991112089615,0.5266936605246908,0.4374431176818388,-0.2496703463478746,-1.3726081368738479,-0.5828217506446247,0.09516163347083047,0.8077393426672125,1.2855451903427197,-0.5962962989120351,-1.2539230655867224,-0.16728499137750316,-0.6685700544865814,-0.3468275241071078
2005-09-07,0.3930739942624729,-0.605235607013848,0.2644106440901914,-0.0035886112911977398,0.92346852538347,-1.5788423863816865,0.7815902284794488,-0.34278061185204817,-0.714986384499037,-1.5180565819703888,-0.211451412030682,0.4758453177693684,0.9835952181670609,-0.9448423573305945,1.2929083021485615,-1.0054159885982703,0.9388806264545395,-0.3468275241071078,-0.5222534348993639
2005-09-08,1.2810199308852417,-0.7674553223779386,0.2763945131022097,0.10676037441372921,0.8454052093108112,-0.42494807411637975,-0.7144396489667675,0.3495103206045432,-0.6735918760503933,-0.7784409521190361,0.17684624676882243,-0.5550984700792659,-0.1150406243488859,-0.5507546504435893,0.23423172452858454,-0.8248718711483523,-0.29253322619481736,-0.5222534348993639,-0.23784593242918628
2005-09-09,-2.092576030026635,-0.9613390629154273,-0.5114981651870768,0.1964433477613752,0.7138395908559974,1.1893366620767627,-1.250616816806288,-0.38200346459916473,-0.7675299722994587,0.12669301556340043,-0.885762369164517,-1.1906078835409106,-0.3893460906663814,0.6126400155237255,-0.9079994508438005,-0.7593037335096405,0.9122976608086937,-0.23784593242918628,-0.5768011976809401
2005-09-10,0.8427519445971158,-1.1418862963151,-1.1197252709123418,0.28716988875815275,0.5168762977930922,1.4732177836905238,-0.6693913640880196,0.3309808869760178,-0.8091804834868233,-0.09538250504481387,0.4947183308558689,-0.7593248110230001,-0.8541187965753197,0.6781966100336867,-0.9921703177947188,-0.7998276496883222,-0.73718058523393,-0.5768011976809401,-0.24112225905294135
2005-09-11,0.6543721645029669,-1.2668589660842122,0.6560209239191221,0.3371058996355251,0.3100585786253043,-0.4627905649910696,1.4210629579111067,-0.26057733622525214,-1.1678915879656007,-0.3469874398619095,-0.4585786569282186,-0.29965494253792985,-0.41635612015336765,-0.3297290654169314,-0.7104701532195924,-0.7947461338473886,0.9587122582018691,-0.24112225905294135,-0.7855340464139847
2005-09-12,-1.2087905199711058,-1.1820997706444036,0.9397218252513776,0.3793261766158319,0.03640341875771312,-1.656205238278696,1.725709476693958,0.24677184777630515,-1.1320876746416249,-0.11615898138481177,-1.1562639694868972,-1.473634775908271,0.058867429575053684,-0.7276018359159714,-0.36929886530392425,-0.7518328269172873,-0.8789660968698264,-0.7855340464139847,-0.6945157855269215
2005-09-13,0.15576955037695617,-0.7746355578196379,-0.9608373736936818,0.41747596777024293,-0.15650776305322697,-0.27465975451661995,-0.9040233155532894,-0.38008726961892997,-1.4851529595904407,0.14461850340454713,-0.7000788488990564,-0.20510784057893014,-0.39960278835253277,-1.2148300319679164,0.3975855393190058,-0.6342189602095966,-0.1507735934835792,-0.6945157855269215,-0.4961242186912578
2005-09-14,1.1798454141496149,-0.20889156990212207,-1.662659396010838,0.381534707719475,-0.3735067715948146,1.4267987400680013,-1.6952264823336363,0.7588281344483017,-0.9891015545522979,-0.2980437478934133,-0.18101712658460958,0.5706453738365523,-0.341258184030849,-1.0986407061367947,-0.7334948551201366,-0.6600286624061232,-0.16504007321536368,-0.4961242186912578,-0.6511184789921333
2005-09-15,-1.3992488249061779,0.32667792648447774,-0.6920784783558083,0.4150437265616327,-0.3997873830885719,0.39852700122534607,0.0051394383588466465,-1.2732398928879518,-0.7384272523851193,-0.8164362313137539,0.34074558232280117,0.6898368126203833,-0.9843458489433007,-0.39481519675769017,-0.7356422143298439,-0.7767062570242611,0.27474683599700794,-0.6511184789921333,-0.7323775119638609
2005-09-16,0.12382975369033206,0.8211154321555393,-1.2880234563877488,0.4824380181107363,-0.4666273630427249,-1.188475813566333,0.8989307094372427,1.5238062620013146,-0.688762351231371,-0.5703338034472019,0.3780077005103992,-0.1285598072406618,-1.2700925768113467,-0.19054095609159855,0.050926334689101994,-0.6704174300902984,0.04715282055676503,-0.7323775119638609,-0.6379512083407496
2005-09-17,0.52715452571635,1.3220205398829432,0.2112907383822948,0.5750739120707445,-0.5161248350227224,-0.1861413427185364,0.43162717444139376,-1.0305314219696955,-0.3234700491372572,-1.0105922796758293,0.45309933069654745,-0.6455246614314556,0.16241017258886742,-0.17169515865816173,-0.8554233056773077,-0.7377509384460413,-0.08248544002005075,-0.6379512083407496,-0.2420680042805902
2005-09-18,0.5213597257600464,1.8292567889385158,2.032893167705633,0.6658574081154475,-0.5445246450170449,1.257614201399868,-0.36286387120546265,0.1574261258703584,-0.12610367454429394,-0.9773158969345572,0.04530062308639493,-0.45633781929209977,1.0978229278383405,1.5605167442572199,-1.526068335884016,-0.8931812780075227,1.2056386822426874,-0.2420680042805902,-0.8176186886806442
2005-09-19,-1.305039088416328,2.18327151057203,1.7699013960599967,0.7708122846628224,-0.558660678716899,0.24311314286009558,-0.9125775833496076,0.6408971990378414,-0.2839757077075577,-0.6200680456330948,-0.2282734492650342,0.2042528053374258,0.7182378262040786,2.444646403025674,-1.7422743485839787,-1.1861452307101676,-1.399896029545894,-0.8176186886806442,-1.5461898385757074
2005-09-20,0.7155184043987496,2.1170167531975776,1.1354525969521994,0.7291167520791927,-0.5645977231241716,-1.249853480019271,0.05451652172284628,-1.1369870288086905,-0.1536747476088878,0.3296444367635386,0.4558761972159721,1.3710524435841667,0.5354364692982662,1.9125234524625085,-1.2126532241070151,-1.6206963928616829,-0.2954074121038639,-1.5461898385757074,-0.662511256984728
2005-09-21,-0.3581042973692501,1.660890042745641,-0.5549637610442711,0.8802400881664874,-0.5769193399425653,-0.6997552092454273,0.8275406472286457,1.24611921203928,0.036388942433251484,-0.3019999126106622,1.6778914209737985,1.932484653243531,-0.2254106422361185,1.4417626056193602,-0.6453578797097759,-1.8025943778199598,0.6074411907829168,-0.662511256984728,-1.0117852786979202
2005-09-22,0.7204589138879156,1.040322610886876,-1.6822028330640775,0.9487516747957745,-0.5481354454173987,0.535670595222174,0.47195858806290253,-0.784779961451594,1.180291751913991,-0.10709082052796437,2.2649711296720554,2.079271124906513,-0.11937983293920117,1.8405809612156767,0.14359333989667436,-1.7477112630153968,-0.7710057400737095,-1.0117852786979202,-1.2219523828214849
2005-09-23,-0.6687930644778853,0.46068095082885996,-0.9992108557593692,1.017852625718832,-0.473449558891348,0.9583610746570388,-0.9659073451010161,0.005482706196381618,2.0409780643922346,-0.25302762047103833,2.0903717754344866,0.3611477986381552,-0.008415912595499543,0.7328663198502886,0.43907714843500983,-1.556213796143212,-0.010369513491627357,-1.2219523828214849,-0.9978368710014341
2005-09-24,0.101793783722962,-0.08487768201965615,0.5939742423687066,0.9703398455874097,-0.418060037726493,0.17289031201084806,-0.6005258948963307,0.6042348015599694,1.6784182296066725,0.4148294540130245,2.202556809474949,-0.5829587646679502,0.3767356251000225,0.5063565298930524,1.1340506650308788,-1.1298512314889573,-0.19414470505851228,-0.9978368710014341,-0.5549569122034553
2005-09-25,0.7782510528939652,-0.45793775118229435,0.5517496107576837,1.5344098154683186,-0.38694730423845286,-0.1836333300523966,0.9897781007771658,-0.7538230124856475,1.3270868072936273,0.08579355541662305,2.4390247503366145,-0.1557324023159885,0.17538027114845145,-0.45012543200632255,0.26927230184432266,-1.012992405747159,0.5100143536475045,-0.5549569122034553,-0.6674126552627305
2005-09-26,-0.7709602435593005,-0.8006315263401386,0.25078695716202365,1.501148575004474,-0.24687825345329825,-0.5432593015720828,0.5149737694197148,0.8367982925136003,1.0579757371601421,-0.7426884699723171,0.4819044214367624,-0.3619099885877334,-0.5854001548068359,-0.842447423931044,-0.8044283572494557,-1.3844094641076707,0.12216436807077755,-0.6674126552627305,0.23946529959805032
2005-09-27,0.062101689125653704,-0.8681164585613032,-0.38961797258301056,1.4433930739158949,-0.062163803869314256,-0.0396568493783607,-0.7908622882905205,-0.8134279314976165,0.8469566695282731,0.35300142702039455,1.2280858686154512,-0.748683724318756,0.13368958466778136,-2.124467882943655,0.12215670787233635,-1.2572770452929523,1.5546528435922846,0.23946529959805032,0.02083205835625591
2005-09-28,0.2713217936117035,-1.2478876852582368,-2.100945993246856,1.3817720656845218,0.28508488597485465,0.4148017605772041,-0.11925833628373617,0.7806286375207531,0.38641027767175995,0.919734649262081,2.052583451871917,0.7792634152700159,-0.6694754196767146,-2.0620956824567007,0.17458231853284017,-0.9489994341525293,-0.3500864595158189,0.02083205835625591,0.4209651797690944
2005-09-29,-0.5711223258379219,-1.4928619156552771,-0.9480278612759789,1.3021332199790094,0.5152946282386257,-0.23815226821733895,-0.03638099890652123,-0.8233444604340104,0.3227817277032198,0.24707041255675888,0.6958226270769611,0.8472260976780757,-1.367040066857783,-0.5403754761086246,0.7085097371489182,-0.6624868114857104,1.206541793415887,0.4209651797690944,0.2974642276684047
2005-09-30,0.9510404574412055,-1.4953309929107095,1.1694786613780332,1.213397048764067,0.7399719175900108,-0.767220050134175,-0.185079661624292,0.8574244645000919,0.5253269743721856,0.3079154822724439,0.6549478102330472,0.1209345348231843,-1.099521075298257,1.175897028929055,0.6312850009583529,-0.3239238815269,-0.41843634080033276,0.2974642276684047,-0.19566363039512816
2005-10-01,-0.8366399622514851,-0.999742967347551,2.150085224874464,1.1154344291549645,0.9452601035041,0.25202517141335523,0.864525891458404,-0.8407305397549425,0.5606059479529371,0.6139926853021088,0.22272608500260554,0.38377889460677483,1.4586776192736977,1.9944480196416192,0.050652795037866315,-0.10588755567348684,-0.635199555097457,-0.19566363039512816,-0.05990045549026691
2005-10-02,-0.17364718146151836,-0.4776304287824305,1.0713989655239708,1.001137931908377,1.070127320459666,1.8511297819216694,0.08678034902443169,0.4301511358561503,0.0865825251348229,0.4214110050555139,1.367613570401471,0.4549738729175919,1.4975046232559548,0.16691219874884436,0.1435226751784283,0.1992214139857098,0.30062653518387356,-0.05990045549026691,0.21036111166392268
2005-10-03,1.7666665308541012,0.005156982691229992,-0.9391369620113669,0.8569213909353084,1.1670480254460796,0.2752196173353632,-1.1713301558884652,0.3855075441978282,0.3015276852749927,0.512717556326569,1.5752190685937772,0.8490547346282898,-0.3025994398071438,-0.5924016650790349,0.4893682336877703,0.45938113851519197,0.5220732524382321,0.21036111166392268,-0.5248020423091516
2005-10-04,-0.8573790421786571,0.41074493964299325,-1.343272648653778,0.6551304536488625,1.1470410843058128,-1.563252483780545,0.027513709166474484,-0.9590485723035062,0.8294702485063026,1.475058645707639,0.8360103499782238,-0.524868164916688,-0.9001092774765032,0.5424141774140349,-0.028584055921772853,0.595223802715821,-0.9222176755528724,-0.5248020423091516,-0.01959912031933386
2005-10-05,-1.1420269004467334,0.7273630617197557,1.6268487889801109,0.42490097375302255,1.1011342856061839,-1.3025271305883865,1.0372072622147006,0.9420498338917956,1.0400447897979546,1.9533886557597147,0.9631556349785876,-0.09379648177332109,-0.13062983440765102,0.533247453502256,-0.2514866974881924,0.5334502526364842,0.5261399181749934,-0.01959912031933386,-0.38406916696573756
2005-10-06,1.915233107766564,0.8486583673738115,1.5868660303402427,0.21362873856754097,1.0221368538903612,0.6274600266071836,0.30790493739792235,-0.6733106236909239,1.2153056970595661,1.401965760410732,0.9784146979422144,-0.666737000941307,1.1507343022980896,-1.105341748356639,-0.04594156847450817,0.41596894337039964,-0.8443297887764583,-0.38406916696573756,-0.29402667754487427
2005-10-07,-0.644650198482115,0.6692305271245811,-1.3497462221434948,-0.1225259565237167,0.9344981777332393,1.0826125963666324,-1.5775753719606809,0.1506408183889972,0.9397782500824455,1.4811252081357809,1.4155659725062912,-2.339804024238164,0.8340963520255936,-0.8470179263981387,-0.2341088719528326,0.1927764789346046,0.2835518116744072,-0.29402667754487427,-0.055609400702203174
2005-10-08,0.3217169681402885,0.252554165857942,-0.964334190839469,-0.6589819858197957,0.8396084160436424,0.16984609536760287,-0.23035555468460953,0.8403995399906786,0.8877085978012947,1.4589428110404215,1.5851620990476447,-1.052883451460706,-0.458807536735781,-0.4088230588332526,-0.21469058101478913,0.13000729124019636,1.0385865394208327,-0.055609400702203174,-0.3908070382523452
2005-10-09,-0.8621073406760887,-0.1049582577732876,-0.49377238090412845,-1.0193802390990523,0.7250043377668475,-0.4332220520343693,1.7521577115616946,-1.7616714282290167,1.4325843169085535,0.8400746219566522,1.0367522384518835,-0.16600553859016196,-1.348031190289203,0.7230638884523684,-1.0157299774358828,0.058506246596511144,-0.5178103322161454,-0.3908070382523452,-0.38875065835752365
2005-10-10,0.3124197195059608,-0.29321949556829974,-1.2361706920731785,-1.256498694412346,0.5708445815750246,-0.256585047539535,-0.6148914491187323,1.8544904812446716,2.2366762618452323,1.299537031247416,1.7194518116272273,-0.7729253678763386,0.6768953681830528,1.5145213976513325,-0.04621581798688967,0.024179361639928607,-0.015447651715276763,-0.38875065835752365,-0.376661621783698
2005-10-11,1.0164240647826244,-0.3305561579619105,-0.9626281844163828,-1.4108205801052482,0.39106342856793214,0.4209478989444576,-1.0884333302949158,-1.675836496912952,2.6998506483574327,1.9341587112319465,2.102408850410687,-0.4534187404881924,0.9334020578245245,1.2209446045536436,0.9291912979426634,0.15067351229452086,0.027751910189434494,-0.376661621783698,0.8611016389822834
2005-10-12,-1.0983351243388044,-0.26748463537309425,1.1447198056725287,-1.591620572405079,0.0924736170828906,0.17485843678499013,0.43340777855342777,1.2813263407802469,2.8922085609160577,2.566321656906289,0.7502079101441819,1.0565877301945774,0.2949634716166173,1.286261738880661,0.9294024321619654,0.16105179840891695,1.8468365332845758,0.8611016389822834,0.008320115246945379
2005-10-13,-0.47497136272101204,-0.08406521944088866,1.0212351501600803,-1.6423355280946437,-0.12159316918358799,-0.9823042358900616,0.04891536953124096,-0.2886547348610343,2.9407641342562654,2.2120124233393224,0.8402769342480884,1.6340925391010555,1.5284652087510875,0.7142448843328747,-0.15815914147159169,0.010914072379451734,-1.1304653517051124,0.008320115246945379,0.9710590020937879
2005-10-14,1.2226947619841946,0.20478291081976743,0.5263820867004403,-1.6768717964177173,-0.3270133930565309,-0.8499154154011518,0.2913085625833022,-0.9509045125393413,2.746339640058416,1.992292855463259,0.8759249237013721,1.348067543666786,1.5301811657843865,0.7244736067608697,0.08519325189006106,0.02039368513240805,1.1495917132270976,0.9710590020937879,0.6337293734384507
2005-10-15,0.16119942654932548,0.4330179327525928,-0.3281595717044306,-1.6967884801199844,-0.564918776193497,1.072127635629223,-0.06655380721683268,1.1636088226664374,2.5962071376602442,2.0243755724116568,0.6215843668602734,0.6751741719368702,1.217195551266892,0.3459344236638706,0.09073855351592534,0.01271892869175928,-0.7767742521060143,0.6337293734384507,0.22635506373482292
2005-10-16,-1.357375228761727,0.4617978473849838,-1.55016151556142,-1.519926889949674,-0.8013755835182488,1.427601794402352,-0.13277303157605402,-0.8288057000240844,1.779230656820342,2.7717593858886094,0.5696319351431977,-0.07312359079109497,-0.17547239880295953,-0.09642800895503278,0.7060219040574756,0.11450609914804566,-0.5474445263829819,0.22635506373482292,0.2638088400322205
2005-10-17,1.3498221987606032,0.33913556106116843,-0.05680490343844957,-1.4943145135683877,-1.033944801016374,-0.40024848388253015,-0.09385569549767048,0.3642203553715198,1.5775544861673685,3.1476439408807977,1.000054111487457,0.7913510693004044,-0.19203025897104464,-0.5134141947562962,0.23630115653850545,0.15867335970785018,0.08800712163551191,0.2638088400322205,0.2829904769814778
2005-10-18,-0.5978183975462754,0.0904522388006508,1.0878964621184224,-1.424747466848388,-1.2978897741111493,-1.5839722344425569,0.4518779636646194,0.12333404607914282,1.242832842020223,3.430995416273864,0.4791514866290207,1.1059716745726489,-0.45842103134494505,0.8248297502136195,0.4471775317511259,0.2561420732808459,0.165625724969334,0.2829904769814778,0.12382754539704743
2005-10-19,0.24306632921070856,-0.1189407371015621,0.8761882685642787,-1.4130310007240134,-1.5010892308119346,-0.7119557554434829,0.21800664054939572,-0.1942750994212853,-0.1191693758390771,2.8452517505757062,-0.05944381593652283,0.7090717511474078,-0.03457168062313049,0.7862376253990726,-1.184668627077637,0.08049488578883424,-0.24249696257720804,0.12382754539704743,-0.2488960605473459
2005-10-20,-0.5761675357024628,-0.23828920802783773,0.26951218395077325,-1.291966602716405,-1.6643575616976467,1.0570444636651743,-1.0380009833259676,-0.23632158990969795,-0.7195066673224083,1.961574687943752,-0.02798913187275075,-0.18881209092099724,-1.3254093318007734,-0.23772893674094964,0.6491881727715397,0.21152400724287806,-0.7255123530398091,-0.2488960605473459,-0.6141248541901556
2005-10-21,1.2298650191350455,-0.23235171395086987,-0.05393920935576497,-1.1400428809080363,-1.7488017540556402,1.0950856486713683,-0.6428866900082367,0.8334798169602596,-0.8873972956786066,1.485039248631986,0.3449714207681386,-0.5695202266628627,-1.364745549176816,0.5445625441573074,-0.055492543594722096,0.22819763283482764,-0.7112322017059812,-0.6141248541901556,-0.3846885465543418
2005-10-22,-1.3696866898125981,-0.06400584122544405,0.914963496069959,-0.8881875682902352,-1.7286200514843841,-0.2619947499183694,1.6552100261444285,-1.0480967774395376,-0.22195199559352957,1.162862492697938,0.9353968648979926,-0.028052481752216828,-0.8904576986385595,0.12194308252667073,-0.594834383586559,0.3546511693061784,0.22962346416185217,-0.3846885465543418,0.15994763285471802
2005-10-23,0.12929521874179334,0.27278189367670336,0.10880684732030095,-0.6417931401821244,-1.551880289571114,-0.760561367221603,1.537226802447866,0.5740532716591575,0.45604938084810637,1.4392106880018025,0.9942911931556744,1.1076096159290616,0.708571904755826,-0.1001761810337974,-0.26982557793193657,0.38490673705954453,0.972789726648391,0.15994763285471802,-0.15575846383040295
2005-10-24,1.273034875101182,0.7062071890607312,-1.7564698579698235,-0.3185039060191889,-1.4168079399583113,-0.16507441133686765,-1.1937157000420489,0.08160948588482603,1.8005259829387128,0.7696437431176066,2.049462412477049,1.4456858354609983,1.1237218946489864,-0.1459190680917482,0.512772406447165,0.3186772303726657,-0.5251122993370759,-0.15575846383040295,1.5646947044243973
2005-10-25,-0.9832945504307316,1.3387043107517023,-1.19075704354727,0.15317197768655808,-1.1951145728360173,0.46819497962204687,-1.498723073238839,-0.6944959194281861,1.915921409087136,-0.3125560512100574,0.9573293663749122,-0.419026921527964,-0.09751992094048029,0.31546406208789796,2.980663051632116,1.1662675722710598,2.189684911121397,1.5646947044243973,0.44651930847699195
2005-10-26,-0.3342637302917636,1.3779347276151026,-0.7796906534081285,0.5515132812298431,-1.043938342793381,0.4062476860212314,-0.5078211877883443,1.0076189136935845,0.786587633352644,0.45574187848647285,-0.560175051699084,-0.8178275730229857,-0.751196093594708,-0.04133924578170047,1.4861348663645264,1.4321094413363726,-1.5111726086343382,0.44651930847699195,2.268537971072975
2005-10-27,0.8196753342143964,0.9845165536233592,0.2504769628612636,1.3537915288589268,-1.2753597647643489,-0.43517195777626255,0.9163364135122716,-0.4447293019341111,0.09246166314427337,1.7340996342773234,0.3558624128487855,0.846918859177817,-0.4636372821919817,-1.3174217542169397,-0.8088703801906427,1.3771529679091126,1.4419502990048105,2.268537971072975,1.1660400111930131
2005-10-28,-0.5112221858565524,0.3887230045085558,1.528916434012805,1.3928202497693778,-1.0716743264202018,-1.05694049445103,0.9096158552092797,-0.30345675002938605,-0.506729135309662,1.5787152313046875,1.6830747102654613,2.073711907271393,0.8816624156870447,0.03254575812822097,0.6137384578642172,1.5087419202581926,-1.332694269027901,1.1660400111930131,0.32689947324548574
2005-10-29,0.32936741996637536,-0.11618494110609574,-0.03299149819313484,1.3576019163668835,-0.837119678332507,-0.5224991148837778,-0.9632618319409473,0.7855826770956628,-0.3097304796147426,1.760179878734689,0.5911159801559556,1.151782075345319,-0.1735403526510136,0.3753653113152862,1.4082362931105796,1.5395533066864269,-0.9342149236189243,0.32689947324548574,0.08018780213255218
2005-10-30,-0.8755811169731181,-0.9062157477297759,-0.7688240727204534,1.2824407270060945,-0.5875370945522531,1.0150755563499412,-0.44119329014612796,-0.8559308945325653,0.1439823686530237,1.1370269746623192,0.9037823398993107,0.9020575198582912,-0.35879028444264943,-0.9639575264855177,2.1053758844243733,1.9509143855483415,-0.15947434205253172,0.08018780213255218,1.6183731826079104
2005-10-31,0.5632800997494553,-1.6257266348661386,0.4825304153224941,1.1774734075831905,-0.28004320632605173,1.1736470056057493,1.5017637943644846,0.6067729039154469,0.17456129450342295,0.27011164344780353,0.6504217702724547,0.20107944150113927,-0.10813005694862872,-0.25578357097037263,0.18997279009578044,1.7970844420586294,1.6380571119369405,1.6183731826079104,1.7441598735112827
2005-11-01,0.5967117399008214,-2.04258871656943,0.3191316568658962,1.057020152200424,0.08445311843531257,-0.29210298430964815,-0.6236363562317992,-0.19443875387830145,-0.906462786577788,0.04307453591153438,0.7298987946514308,-0.3452231575246441,-0.4770933202719019,-0.8927691934834069,-0.22707996265384886,2.0448585868044393,0.025889074283318894,1.7441598735112827,0.028667233666212284
2005-11-02,-1.233989357354906,-1.834253918807005,-0.5230811034423658,0.9873219671241378,0.5149197065168954,-1.241529799986807,-1.6201430344445553,-0.22928841536748468,-1.3547956124692226,0.4374594565813715,0.8276553709017329,-0.8061950762678652,-1.3443813481450115,-0.12639599281383776,-0.8112294633907053,1.8533815124369666,-1.8072154827209597,0.028667233666212284,0.5625558964161671
2005-11-03,0.5528436597457587,-1.2280461209250817,-0.15432572691804203,0.8522759288752055,0.9714331095484748,-0.20675867389254482,1.8223942967898497,0.4214590245077155,-1.2557972907906325,-0.45181459601271157,1.2815298311920578,-0.3796530242196672,-1.1453039419211868,-0.03303084870849637,0.012902974348288975,1.9710281662770894,0.7476545284014211,0.5625558964161671,-0.043496935025582426
2005-11-04,-0.14729055967761628,-0.47263868611332255,-0.046765983097081076,0.672884652303056,1.3745000484307324,0.6095627120970967,-0.2883983584660103,-0.2737513775149132,-1.0492283478861206,-0.2707843774532887,1.3076466119854624,0.33075685557452333,0.06499934002025527,0.5779609824709822,-0.2406545763829274,1.9270646551656208,-0.5638766966750658,-0.043496935025582426,1.1636643053517486
2005-11-05,0.7514093481492415,0.3524007194005255,-0.2522421103371262,0.533181093506573,1.548208364588768,-0.08969421107577735,-1.6688124610467479,0.04471610555029423,-1.145166564768288,-0.26910592472207007,1.2618497711854555,0.7805146411415047,0.8931489278183715,0.2969767666074417,0.5688848073740699,2.1360188397257738,1.0379274576047048,1.1636643053517486,0.7260111258618226
2005-11-06,-1.1352404339551125,1.1286663772236407,-0.2754971239573815,0.37106465158493135,1.7867617737224875,-0.5612910368411638,1.8255073957775803,-0.030441273692378725,-0.8391999104026054,-0.27436527129563115,1.6397215303003403,-0.6068659152876493,0.5419679319160585,-0.2095965585096733,-0.9417454009039818,2.0995027542046953,-1.1304494910219323,0.7260111258618226,0.0651072350376178
2005-11-07,0.9051609641822841,1.7122450131856655,0.44398970137981386,0.1653205835979406,1.884083905609652,0.43415693615699646,0.5566589580280286,0.26547890210483477,-1.2509689850797407,-0.43411964690572674,0.09074758363068351,-1.3099221706612387,1.1835533804933427,0.0842751479188951,-0.1896868920195028,1.2536051971705362,-0.5113773096178589,0.0651072350376178,0.6422753627955621
2005-11-08,-0.9364352416867491,1.8064725709324494,1.2332090637232174,-0.012467489586670058,1.895189437532727,1.6176114405716486,-0.45118249682669753,-0.47823109600451014,-1.5246949847564708,-0.7821846151841493,-0.16511464141408344,-0.10952886278977299,1.3506168236060292,-0.35116500865088474,0.029015316378378214,0.7899407495841159,1.096910130690248,0.6422753627955621,-0.5915029883100513
2005-11-09,1.2695874330983545,1.4570561795634127,0.013356202053242701,-0.3017178263950607,1.6662063640944798,-0.06685659245332021,0.005206401815288355,0.45565530184226005,-1.3845040642910647,-0.32622717865947576,0.43966518312264835,0.4766039571475968,1.2179579092819472,1.1192001581889497,-0.17707421791760025,0.7050439356442338,-1.6453155204720522,-0.5915029883100513,0.2811209839325948
2005-11-10,-1.0308215891708197,0.9473347317635693,-0.4324904540854921,-0.5214533945203498,1.5090505737613449,-1.491293608537802,-0.7924672526092932,0.06122119905381117,-0.9066782593876082,-0.21093362022680434,0.5028882970233216,-0.1504981347130789,0.34645240629782226,1.0322071357587685,0.05042800243446263,0.5997754288638932,1.5123749773692656,0.2811209839325948,0.2500191018616741
2005-11-11,-0.2793541633456819,0.44208622335945846,0.8990114763195323,-0.6765848560317765,1.4788397374813174,-1.0669273439401448,-0.30790711599700993,-0.7806400150443535,-0.29946874091698,-0.33640557687511713,1.1874250871435126,0.24826072184620304,1.3232044188843728,1.5860706873483297,0.06677460431049637,0.3616489124381372,-0.19515070425959555,0.2500191018616741,0.8247510660713889
2005-11-12,1.2027158141348635,0.1695941245731887,0.17161123386873553,-0.8081786291980408,1.4381706791235747,0.489376370885871,1.6967534408059624,1.2522801914727604,-0.034110546118493734,-0.6020234286024189,1.8019801147219803,1.848501025788257,1.739923690540053,1.5271700886900048,1.003235650555139,-0.11655529188341199,1.403409971636115,0.8247510660713889,0.9013207174072708
2005-11-13,-1.125300423003261,0.1354654534276729,-1.0594259040421965,-0.9156406347283149,1.411866586856587,1.289731331547121,0.0686625732875513,-1.401116852094068,-0.16685742767325637,-1.4840615731826472,3.0418027824038285,2.509856518548249,2.330105183509662,0.057279328679045644,0.1282620103118585,-0.1080988660677972,-0.07410368321259113,0.9013207174072708,-0.06408356690663361
2005-11-14,1.3644040865194687,0.3132526426614456,-0.7378486320716785,-0.9700903446513617,1.3780215119636803,0.4474618026786584,-1.5820800766719296,1.0202074800905714,-0.9812893693771182,-1.6206148352334016,-0.3459919677351026,0.7802335200220177,0.5621040354005764,-0.16923782974754523,3.1070891819276225,0.8612821979234987,-2.097843185150849,-0.06408356690663361,-0.19420794556808477
2005-11-15,0.04164871729523611,0.6103255472953125,0.003445696776225993,-0.9733755307435455,1.3389855220903628,-0.22444539570329847,0.3549993763596874,0.1363773118663381,-1.0736243406644463,-1.1133114965321529,-0.15236263859820617,0.49720411817434224,0.19623709103306378,-0.6086168280970221,-0.15642113263395221,0.9393843864903041,-0.13262807500232052,-0.19420794556808477,0.3950361809492954
2005-11-16,-2.281045955739547,0.825380098345173,0.991214949594148,-0.953900401837793,1.2771658586021362,-0.2945616150827863,0.7774788004922061,-1.0587000207535013,-1.018611694551862,0.5241058718676519,0.8345426840288153,0.9324449947336876,-0.2996584714741265,0.6838039980401571,-0.19280756193694243,0.9090036708062226,0.6960255775782543,0.3950361809492954,0.9556676692625325
2005-11-17,2.0713197877449905,0.67948205867097,0.45093477732783904,-0.8367382000690707,1.3156562004688097,-0.36110650426616187,-0.23584285991900536,1.1404818018826095,-0.4409376425740418,1.3566011626118002,2.06971678785819,1.6367559732529802,1.043125650861385,1.4187057515804773,0.5876952371590952,1.0384085796226614,0.6904925143747455,0.9556676692625325,0.4896826232581391
2005-11-18,0.3760623128701656,0.0808860792494094,-0.48709029713349605,-0.7469906286126582,1.13550036394203,-1.0964213870598025,-0.08056898496226515,-0.769190962548925,0.041536672970230726,1.0533671520313106,1.938700320470118,1.5754790034814752,-0.06653328795053207,1.3142231278533572,-0.6267024516790725,0.6794996842682337,-1.474385934484794,0.4896826232581391,-0.10655822632217159
2005-11-19,-2.101408700988333,-0.6636312142409002,0.2685653670534347,-0.6520505992495879,0.9841304136848982,-0.17799629596664943,-0.7060710144611086,0.006557154749761753,0.17050635358064695,0.5963082979086899,1.065927388509479,1.2331617884800505,1.4012210439644688,0.09414268743814981,-1.7626543463394568,0.5501867539069376,-0.9303283006140776,-0.10655822632217159,0.39819954317249207
2005-11-20,1.1715856284115942,-1.291126738792636,0.7775803979409904,-0.6132197779566101,0.7454929567303122,1.238957191555363,0.5608456581946497,1.1365934421906456,0.2790720552580222,0.37802745850373665,0.7287521208152747,0.6006225540491111,0.5035337352748812,-1.5622243424295659,0.13672783851699935,0.5655594976735729,0.4175033949816225,0.39819954317249207,0.12224329105454303
2005-11-21,-0.19158585326668007,-1.6779493425730654,-1.5995220832469803,-0.4897159582372177,0.47111158085190097,1.3009865511501697,1.1314913158810378,-1.6400670610889243,-0.029101667065527397,0.44941415481542263,0.8175821498689275,-0.41033899214548514,0.4031441220491722,-0.051779288790582495,0.01840123194464601,0.5057333387598961,-0.14743978340690655,0.12224329105454303,0.21666187728759503
2005-11-22,0.978161182214575,-1.9431350118777273,-0.9098928697505435,-0.35842468672283173,0.1589461892902409,-0.08420281731822031,-1.5430039991581834,0.8296861519570485,0.26560832788627164,0.40537386699661826,0.27612438621120866,-0.06674394837042347,0.047972290309145314,0.813426480729348,0.5920674859876007,0.598497498903385,0.03692931220097666,0.21666187728759503,1.6640322005407933
2005-11-23,-0.7936854189096453,-1.9092274027508622,-0.3252336237461542,-0.3094511246193818,-0.1643266887789524,-1.3525783685966204,-0.4769216100791665,0.16871054797721874,1.767451302940221,-0.8878864217715844,1.4005694747896462,1.1445975792430458,-0.6662032092568988,0.41443628798781196,1.3074012842717984,0.7144594560078472,1.8025109287771615,1.6640322005407933,2.0701715326765355
2005-11-24,-1.22390832665649,-1.6375342243754705,-0.9964323945051848,-0.1663633636117445,-0.36216984555889314,-1.1662880141265763,2.1156733643182575,-0.5792242297655579,2.447514583495041,-1.1288472217262329,1.3735162260968101,1.0615477964509574,0.503727002118043,-0.14781684896172054,-0.15550378921106928,0.6848374607487271,1.3092878902483596,2.0701715326765355,0.4509902213153089
2005-11-25,2.0717953747272406,-0.9750626403119932,-0.025433229475057783,-0.04750791689940004,-0.5809961359905302,-0.12659546813124892,-0.41460611278869713,0.45107671570922375,2.3094926122562183,-0.12376125602810069,0.2705251184447687,-0.4355339852008404,0.6725670833186155,0.7546388359245525,-0.41961476188689834,0.4918793013808978,-2.1382933420038266,0.4509902213153089,2.1553501239976636
2005-11-26,-0.13194531193338488,0.10167096559536583,0.9456308905795168,0.09071599074927442,-0.7373549768122596,1.1498654323350748,-1.4246450460009905,-0.006952774292049127,1.4707016819622016,0.1949590900266705,-1.1626568537949622,-0.8151141449916944,0.21101026595997563,-1.526926277464853,-0.21846754112197775,0.4633350353341273,2.7460228146736507,2.1553501239976636,1.1916345068121148
2005-11-27,-1.3000348347257442,1.026658489856659,0.8915261295038011,0.1937927411342458,-0.8817688866449619,1.2195163392964634,0.39288648322359926,-0.5411294500794152,0.5497504305331361,1.4102946520725304,-1.5493225211072743,-0.5313581996416334,-0.6304605383851227,-1.6302365581845897,0.08929517065761394,-0.09550036268008448,-1.6003418854563236,1.1916345068121148,0.7953017663569767
2005-11-28,1.230235255109147,1.5301587808978854,0.7221344417613649,0.4665006694645562,-0.11157660107718541,0.0935221217306308,0.7678896149603566,0.9832904044460009,0.08614821711595026,1.237319159734951,-0.8491737366768622,-0.5703119490232592,-1.2586298393611413,-1.649886243838868,-1.0897885280726887,-0.16799493371586588,-1.0312824002744687,0.7953017663569767,0.3000893547169263
2005-11-29,1.021016295826619,1.7492043975602287,0.13674046228264186,0.47507929820322153,-0.23988293349123904,-0.6910255712714718,0.07975704293398173,-0.532197334859854,-0.0698885426654439,0.7258086787402951,-0.5082635991284487,-0.42724271784538814,-0.03681223577352274,-1.302818475144148,-1.680725742933438,-0.2853372109326269,-1.105989700518127,0.3000893547169263,-0.21057708563384128
2005-11-30,-1.0225301608119548,1.721287507469524,0.4472353132280028,0.47169595197184006,-0.3576358607888707,-1.453745280012324,0.4674537964002775,-0.23863547694481674,0.6212696968365612,0.21223869511231655,0.36302620015397485,-0.2542396798448807,0.7481533153738945,-0.5732317333625611,-1.2992726291276981,-0.4727243452217575,-0.7503531118137344,-0.21057708563384128,-0.20013892527761032
2005-12-01,0.18553208404683988,1.946372406591707,1.02717404432896,0.46453352471122356,-0.5221152271945316,-0.4823875126229441,-0.3013373341759236,0.6181532737551375,0.9100538071341862,0.24189743701945696,1.01808442034374,0.19473758988901582,0.32046969501233724,-1.1178346925280105,-0.574156187376065,-0.4856299326163568,0.18282481937065317,-0.20013892527761032,-0.26820882172216154
2005-12-02,0.10275215181161121,2.061267355690254,-0.5233886544535472,0.43171145330364435,-0.631324674476486,0.7930665907502856,-2.2885899127375593,-0.3709388305405582,0.9189485574146452,-0.12682758966924146,0.692978946994714,0.41619159294525976,0.6232357961034639,-0.49312544329024094,-0.6009969099443855,-0.3505944365411099,-0.1078318935592542,-0.26820882172216154,-0.39698056955924865
2005-12-03,0.4881339197131125,1.4692578870458393,-0.6362015048786963,0.38704418079765873,-0.7331135672606431,2.015203367457437,0.5049928459982791,-0.42493578693319384,0.7401451108406484,-0.02775672996843837,0.022540625009089547,-0.33797792054436193,0.3172012575042748,-0.1379165153424489,-0.45361608488038396,-0.4161831881146967,-0.665317143358265,-0.39698056955924865,-0.43147159044408623
2005-12-04,-0.9027315450497294,0.7234036610300777,0.01792133160766897,0.23883294787987666,-0.8016613256005187,0.11028754127764837,1.8676509954183529,1.3171108797024507,0.24287903744107883,-0.0036819306857438926,-0.2900807597548284,-0.8950749972211384,0.26166099187894526,-0.058038633469024006,-0.5467709408787655,-0.508852504870454,-0.2948128282301631,-0.43147159044408623,-0.20916129526282998
2005-12-05,0.38995173981953757,0.38477708037629016,-1.3514005651520864,0.17902201560139006,-0.8666162903205857,-1.1670265421589607,0.14533514549477225,-1.2770204949713015,0.02556986795886033,0.5030706069163916,0.35157998497348014,-0.30294389916730924,0.6222383954177213,-0.6614149220339532,-0.9062767923054575,-0.709911959985977,0.6422919840093706,-0.20916129526282998,0.17788798781081433
2005-12-06,-0.4329648071387842,0.2633493043496608,-1.9816097978574867,0.06991509464253452,-0.9877829210149183,-1.1359555482940253,-1.271999743646182,0.25114855806313946,-0.38134661650202817,-0.2060886741881229,1.2966692481284081,0.42645163047122875,-0.11533015824601046,-0.3954495885541731,1.1835590422415379,-0.7738235159281313,1.5620133253206718,0.17788798781081433,0.3518517091809505
2005-12-07,0.6068072256643233,0.288827846912821,-1.1588745254558022,-0.02894310223533545,-0.9552217316521445,-0.0995966934762391,0.023705995431080977,0.7493578151925521,-0.09831843771330548,-0.5337546500489054,1.2759948325317296,-0.21241979971165922,0.8586310354175589,-0.5603691655610492,1.7631267318741095,-0.6038108373537078,0.25688004990520436,0.3518517091809505,-0.11165325027661696
2005-12-08,0.48722038070340296,0.2596603693549468,0.285893734467089,-0.1202534550974692,-0.9106352665163251,1.2454090263951247,-0.08260035223049175,-1.4389514513721933,-0.19621614444474414,0.020434073477117145,0.29257458744855,-0.12878080592704472,-0.2822067803170697,-1.2507604545129531,-0.25940718278360547,-0.5581419830849713,-0.8544767535273609,-0.11165325027661696,-0.20361830171218379
2005-12-09,-1.414059557007159,0.09552307227202529,1.0999693692469725,-0.2173468807727844,-0.8436017160162722,1.409886220915452,-0.7369027679712238,1.778265406763059,-1.1016141154215062,-0.2435864438992421,-0.12081268900785085,-0.5922762570681845,0.2715765647350992,-1.7827075607860696,0.3838781372947755,-0.5179678951982504,-0.26663780020695504,-0.20361830171218379,-0.1360943082048389
2005-12-10,0.926265115443136,-0.29808301529514486,0.5360771336079919,-0.30111212358382883,-0.76336563829557,0.15459066390319445,1.1053071400181944,-1.1956275853488298,-1.5774816921689168,-0.490378163104125,-0.06707215755623622,-0.5290429667666353,-1.0063732591371022,-1.7949185075780625,-1.2235010023756212,-0.6792777058367154,0.2512875430059686,-0.1360943082048389,-0.4539101207975315
2005-12-11,0.03364314845541894,-0.7995442742369597,0.39328654982618394,-0.35462637084329557,-0.689206468580067,-1.5548994896175985,0.5968389488808956,-0.3937878351786507,-1.0366915163946422,0.5973232805134139,-0.35718867931374765,0.5468404488630039,-1.0003563446731938,-1.4143980653738975,-0.49712348105429544,-0.6482259616612831,-0.7470841050913575,-0.4539101207975315,-0.6906232339515248
2005-12-12,-0.3666292679964747,-1.3976205177636116,0.6207889852047399,-0.4171076570059387,-0.5850250976555166,-1.0742227544908156,-0.47530014236607293,1.268524723442388,-0.6869272027127262,0.32005806834855277,-0.5545854918665929,0.4188139617249103,-0.6256676228159852,-1.004840908405231,0.2446144014613358,-0.4880291470722673,-0.41003054405467804,-0.6906232339515248,-0.6065056706555165
2005-12-13,0.7363621446764885,-2.0817926857834648,0.3181090741530696,-0.4378329380625592,-0.47599811004918174,1.0831511277473895,-0.172771857994319,-0.9999562910498357,0.41936438363736644,-0.6397441174610496,0.19127085933636503,0.8191249674134528,-0.8614593478892749,-0.07463873543247858,1.3222965710416885,-0.22364316548416818,0.34317984526044887,-0.6065056706555165,-0.470467440657556
2005-12-14,-1.0240437001351865,-2.3469744515014854,0.7118119222964179,-0.44119212281256553,-0.3604539366259027,0.979332671211323,-1.2972881818734956,0.08235958703271616,0.6461828990360103,-0.2324430795803797,0.666640420652206,1.0297814942712282,0.16864462657758855,0.6068703675798508,-0.1296505249462108,-0.14999499773022315,0.1339153803736746,-0.470467440657556,-0.10798141046905978
2005-12-15,0.3922762779987425,-2.1284237774608856,0.29017152331074564,-0.4372032968877044,-0.2172844084379868,-0.5836034611341149,0.32361623334019074,0.8254316237166137,0.04287210799440282,0.6358134002049517,0.40910427269876687,1.078397827315569,1.672361625402393,0.17371405823859518,-0.5181804866194699,-0.12009781593859205,1.2217082652142872,-0.10798141046905978,0.16503978887998857
2005-12-16,1.5940092050510626,-1.6794781995291057,-0.7614184312472565,-0.41616039653401055,-0.0868363767231576,-0.7836468994652768,1.7695753422653822,-1.330093702793674,0.06394634153472438,0.5856051239909154,0.8399644018631424,1.0347926747507807,1.3773211937923566,0.4914126901429969,-0.6691419623601038,-0.1625482220706068,0.7900326496003802,0.16503978887998857,0.8523140819154861
2005-12-17,-1.8549797686768374,-1.1677346857366018,-0.3155273571279983,-0.41569220722249167,0.07441445713343196,-0.2293085746732547,-0.08086900915630872,1.3197288587523281,0.15399202289695696,-0.12840219162067404,1.094152649985719,0.7469855155602277,0.7995397541697525,-0.1126750963470617,-0.9802443721923461,-0.17427240307465522,1.1869153123039602,0.8523140819154861,1.238405829167975
2005-12-18,1.0308689855742967,-0.5124493132648805,-0.07729077089632705,-0.37550177746830243,0.19223982519270003,0.40585441169124103,-1.627171002218832,-0.8025526693624649,-0.20818419763888726,-0.048423073628773426,0.5403225179808426,-0.2379432507002,0.27360228704433814,-0.5355210437952128,-0.6989597847870321,-0.15196326707753405,0.9322506250766988,1.238405829167975,0.2593052487634811
2005-12-19,-0.0886170780676669,0.20418697982244396,-0.37813195096813,-0.20197289795609327,0.20987397231670937,0.34070998658121354,0.02841667222496918,0.20027553258879574,-0.3269907198088961,-0.4087216477531617,0.41016279949274326,-0.6774149089771694,-0.8713566122703713,-0.8916148290986291,-0.8552405820999437,-0.44038265729045334,-1.0152498912859134,0.2593052487634811,-0.018208048140682918
2005-12-20,0.2763439610776246,0.5624799289528132,-0.6381443016897597,-0.2248516269358003,0.36704939460886404,0.27354175265826486,-0.05556550858959376,0.06269624627183432,0.1836152755838837,0.44275367555472245,0.011149827995141283,-0.6098642933869592,-1.4642921397651723,-0.5084017465119904,-0.7247539141037008,-0.8017606394204162,-0.5510062217826595,-0.018208048140682918,0.07225706765169858
2005-12-21,-0.5576595927534419,0.47547230663379997,-0.18628858348701668,-0.16319569282929447,0.45767077143246016,-0.21643525872194128,0.17683108558445831,-0.04709752123626392,0.18377968521404772,1.1698827642212044,-0.00415287936657934,-0.3766841840291257,-0.3611364804520105,-0.4393118971528586,0.15903714481455622,-0.8365741596294949,0.14573682905799482,0.07225706765169858,0.15443948562741056
2005-12-22,-0.07944685669195822,0.2809403041785538,0.6396567089355422,-0.09107071974478254,0.5375593251401297,0.07782005823683781,1.5992915972045265,-0.06651961468885498,0.5993384728881308,0.664065846751374,-0.5056170157681605,-0.3887457207476034,-0.23451552567352457,-0.9674192376985385,1.4282857058552993,-0.7787739198553416,0.2687021715778191,0.15443948562741056,0.4096600585779352
2005-12-23,0.5535777210547013,-0.020950870655351048,0.26824055141453107,-0.023418306623764942,0.5591267482805254,0.38253595624836356,-1.7067600279072166,0.1716498449321266,0.9375314907026746,-0.052277160249510325,-0.4259584628366216,-0.3928738853019126,0.32181469449174555,0.4624448580477622,1.4310194741327917,-0.363130507386355,0.43050562186830843,0.4096600585779352,1.2087697191713935
2005-12-24,-0.49145048107820205,-0.3789608933988238,1.2629955415649337,0.04960156008686427,0.5544319409960787,-0.9295951079427632,-1.1570158607374077,-0.13407276955038566,0.5055468289512166,0.340751732851787,-0.3787125096304574,-0.7271212002466482,0.653740584202321,0.47003877528653504,0.9859937844232001,-0.01082768799285651,1.5062673632924437,1.2087697191713935,1.2132085359694116
2005-12-25,0.5236803355006808,-0.5892765597443606,0.6003257476443854,0.19605831311325464,0.5208852218070043,-1.4665318713621105,1.7062174379141977,-0.04287860974828125,0.20310585773811426,1.6108747474907328,0.3322982028120228,0.10676450798472414,0.6687979744313457,0.164938671973502,-0.09240834354160812,-0.06316838594117023,0.34961042927866526,1.2132085359694116,0.441484155560485
2005-12-26,-0.6924400744506564,-0.5337082020110013,-1.3030484911010454,0.3161055240791025,0.5044449334099876,1.3181177702296534,0.5681530867204907,0.13061691195902864,0.11098200726154664,0.8868320735176409,1.1127957372812989,0.5703577844433353,0.7165708591760597,-0.3777494670423701,0.26773720404400503,-0.19278648822079444,-1.4902311077235104,0.441484155560485,-0.22871129857153508
2005-12-27,-0.29567039148472374,-0.20996870021699227,-0.41221285685131887,0.43028362601571424,0.4493732868903762,2.2294918294403163,-0.7921459984245628,-0.12162856995546374,0.45426203898253603,0.4842953456636543,0.7641340089984924,0.32391102383382486,0.8035933007983617,-0.5501251318571913,0.07607643121282921,-0.15323929527298977,-1.2321619669949346,-0.22871129857153508,-0.30059749862142704
2005-12-28,0.8485911171773447,0.26659359439163305,-0.032197833566844,0.591753273030304,0.3931818579814711,-0.2364459450139055,-0.7666804217998985,0.021145130200499705,0.5639019792143125,0.834138565913277,-0.4763551552232502,0.832643253587411,0.974384634616893,-0.10746099697902757,-0.7266516626622679,-0.18042100058501426,-0.07982377489274713,-0.30059749862142704,-0.49746410363843013
2005-12-29,-0.7242691718000113,0.7916692486130209,-0.7635820307718162,0.6718157425086507,0.34279399855921683,-1.98094542153751,0.9423445302634482,0.17518470936475145,1.1282841999595954,1.2280719442428933,0.6917528456045919,1.7389191817786311,1.2055427525338598,-0.26832118705720986,-0.08355907437221594,-0.06066927058196291,-0.19414045033423438,-0.49746410363843013,-0.5378358723351127
2005-12-30,-0.9640711542686327,1.2918125579413506,0.5580166515577635,0.32221394515271273,0.024408565938502606,-1.164832453710066,0.1430427207732396,-0.5875855236027678,1.5413107917494513,1.2265019405726323,1.6777315900162229,1.6584976210980147,1.115891664813343,0.24144955777571572,1.1478161856624822,0.17837654830174313,0.0096897346077273,-0.5378358723351127,-0.4132252105179459
2005-12-31,0.275955694917047,1.6938923322418844,1.3882201917177077,0.2125236588619716,-0.08588214479747973,1.4040518037500875,-0.6108897224529003,0.8192261685553542,1.3471059061769892,0.2809989274025721,1.0507765006592273,0.26761804851720017,2.1833464079327736,-1.0193484866424807,-0.9633868964526769,0.27913859602147056,0.40379269539505336,-0.4132252105179459,-0.39540067695702263
2006-01-01,1.1061350319301342,1.6750128811873384,1.5342273730680007,0.10649496250386599,-0.25533693566997223,1.2593716773791046,-0.21015880309769255,-1.0312620849160425,0.7804617754417829,-0.08500533720557372,-0.056388558513621644,-0.2935526550537194,1.2480012574438224,-2.2687181757440986,-0.4552979071711822,0.4784929281116706,0.37567724894950943,-0.293764290123983,-0.5207268288398592
2006-01-02,-1.50500303484895,1.65943866413958,-0.33630680582373523,0.06533385433329335,-0.382749101347745,-0.52756101474449,-0.42802117667134115,1.2058547962534145,0.4714033488243099,0.17394115158960455,-0.2910191765568364,0.5250343135110989,0.04508200220597078,-1.5605259497533317,-0.746089756288817,0.5611867721403713,-0.17439154408477836,-0.5207268288398592,-0.01726832520557685
2006-01-03,0.7304377423655745,1.348918998866478,-1.7701833947442933,-0.019264718342901544,-0.4950133567361865,-0.3482886152072147,1.398100421587289,-0.9790332770123797,0.21478901971704606,0.5488258249359029,0.33875394964236627,1.28960789969666,0.847000903410782,-0.3748440555870329,-0.5222963451231994,0.502988800213412,1.7385512531560876,-0.01726832520557685,-0.16376285854780698
2006-01-04,0.8021557516228599,0.8198811345238741,-1.0357043812899036,-0.09105844728416153,-0.6064145324292453,0.07782931525771938,0.5855043730963043,0.017765901181871616,0.32048937908659497,-0.28624384271043396,1.577248380904156,1.7858081283990594,1.1691203234759882,-0.3655526745526654,0.299496350812349,0.32228899819336754,-0.4547333021663414,-0.16376285854780698,0.702417838466271
2006-01-05,-1.8875249246047432,0.08647329611341929,-0.8637036910771481,-0.024205617705779125,-0.6947205571660587,-0.5185610955502384,-0.7017526904015425,0.7105975248189833,1.3227491824583584,-0.6164880859443204,1.7539102761005296,1.2625739585034212,1.3256342490444384,-1.521553519960483,2.163588139622689,0.5055945584236867,2.885758191702347,0.702417838466271,2.179728860296734
2006-01-06,1.8883292063127024,-0.5809430962275749,-1.5598331039278306,-0.09501702024690097,-0.7913749826280585,-0.4343680992963987,-1.5929588570037436,-1.2070249242782414,1.7140513163131892,0.42017770049927056,1.7447156814502975,1.631364077038007,0.6174361737339342,0.36062552221643634,3.1345214170944367,1.1613432427073818,3.132819627670042,2.179728860296734,1.8591978546474746
2006-01-07,-2.5028078349503837,-0.9853603881996129,-0.848092345344594,-0.17648824999730894,-0.8699886778676527,0.5472470142899115,-0.14677230685455983,1.6675118788480716,1.6597682815520458,-0.5755224761830063,1.1661262189373849,1.6674819676170611,0.8195081456625635,0.31758324521404674,0.7938060530863837,1.3010118077517054,-2.230433070133686,1.8591978546474746,2.6686501127919833
2006-01-08,1.8951466593320456,-1.1041589833265086,0.6140080161756544,-0.2044632150321534,-0.8761047394014306,0.5511725443106641,2.092405356523064,-1.7404207226423833,1.520315384906796,-0.9498316779935086,1.5065140807730446,0.8765476291584111,0.8821196279598441,1.028258935639143,2.33801972817576,1.5577288743937743,2.805416908222442,2.6686501127919833,2.6613779954959886
2006-01-09,-1.0977396473540753,-0.9711071716946835,1.316237119281554,-0.2527395982976512,-0.8886909483740797,-0.023684008637325716,0.391997831949869,1.61229929158404,0.5485942850304079,-1.0976306814078136,-0.45174010110846197,-0.36582385704244463,1.0566544860264937,0.7449396164897377,1.4700225850594766,1.6496181338964635,1.686473875419868,2.6613779954959886,2.1392081173068123
2006-01-10,-1.1893802710666044,-0.6919861415444493,1.9071982217243337,-0.24839084833751143,-0.8342213593820057,-0.11063432111873131,-0.31125502129416266,-1.4535954924576453,-0.48913025161795226,-0.5172508811863638,-1.6482216339520646,-0.823583340471746,1.2044826126215262,1.2604036770864953,0.2851875808349607,1.6360247656462443,-1.3224703204997836,2.1392081173068123,2.35846557576408
2006-01-11,1.928232105159064,-0.3596170938779368,1.010683082004975,-0.27740277367324095,-0.775474180316944,-0.3889510007501246,-0.520089833524023,1.0918807908256665,-0.6522391264786832,0.7521146892051065,-0.8745980206549635,-0.544105903952243,0.014698757202606624,-0.18394379688717633,0.25499253735297367,1.6790921807124133,0.3729595442371064,2.35846557576408,1.8228442454371019
2006-01-12,0.6841056051863474,-0.042601321753638025,0.4176164698517423,-0.3064896929135757,-0.7447047784205811,-0.6371670099368442,-0.3838550091043015,-0.5772851700678118,-0.3317511662485662,1.0610809090643716,-0.5287296179939234,0.2466822233068889,-1.0845304682948593,-1.0618867827459557,1.0120528737053334,1.6553396225325652,-2.045710656600957,1.8228442454371019,1.18635349825442
2006-01-13,-2.31486040801362,0.1330709500038238,1.3327163021295914,-0.3320356755207256,-0.6309011325490517,0.02038739530424715,-0.09077652897750763,0.17890480088997,-0.22761990492046866,0.24306622983218476,0.5861113985310438,0.48751042864887895,-1.6284117369689737,-0.6822911417718517,0.4723340684078741,1.6493646168836085,-2.1866889018231297,1.18635349825442,0.9708843712746306
2006-01-14,2.480987004667834,0.17335716394079462,1.5885575679261288,-0.35230074172167897,-0.5083191928371136,0.7678654775198182,-0.12459104636923583,-0.11250359092199225,-0.42433542729751267,-0.15946793687554275,0.014996732155802661,-0.11256416636660639,-0.8721918323916674,-1.2488646689192064,-1.0638698311122687,1.7261061908682431,-0.459375459379297,0.9708843712746306,1.170285954951856
2006-01-15,-0.7791585398676847,0.009898787599856582,-0.4837029673067653,-0.36333331000193836,-0.37844806946621706,0.5341217797360328,-0.1350469222878245,0.6304806757275687,0.4698415682067321,-1.5048808561894937,-0.23313536948459232,-0.4284491415646795,-0.3188203258943011,0.6416895241604952,-0.6711733215706739,1.7376640709869422,-0.2944140069954138,1.170285954951856,0.2818584198107835
2006-01-16,-1.2495887957777785,-0.19256216442131094,-1.2859019851123572,-0.4314473757576865,-0.23284160302141038,-0.06460789636567774,1.1176599159335008,-1.4490969010038488,1.5727008169540833,-1.0376108204389651,0.45450460342827004,0.7445688776046101,-0.9383988566370742,1.7151635414060646,1.334281364421167,1.8862460524408253,-1.4731043102211192,0.2818584198107835,0.978407203585888
2006-01-17,2.2940643586097385,-0.305154846356315,-0.923110794823041,-0.39814840376364286,-0.08443900300019905,-0.36334944287597315,0.16033172007503124,1.7980465386899247,0.3152790832876804,1.0994462929032252,0.7996468677447635,1.5651792357146928,-0.5575650378689287,0.9809377188689747,0.7529194227845794,1.8733781736104582,1.5956267465765008,0.978407203585888,0.5312776887773983
2006-01-18,-1.515089455788163,-0.22419634068183467,-1.8085202513074368,-0.21779476939841144,0.04978180659904711,-1.0973391528749616,-0.6835640381054215,-1.6292178621756968,-1.5050736214754676,-0.21366580960280884,0.7265883525883862,2.3207342199932217,0.22372462982085276,0.05190191368979518,-0.24561458217521046,1.6514596939882664,-0.33866956595587927,0.5312776887773983,0.29112631345099316
2006-01-19,-0.2277345696678746,0.0571174875931857,-1.5970437533395125,-0.15746563486768936,0.22979432273491074,-0.40538604025598696,-0.18069494943885842,0.9779286606640915,-0.7718992260021816,-1.0185411970411504,1.6371611128273926,1.0716425620889953,-0.25357711642331443,1.8719759010717867,-0.4061398016027462,1.1005676841618546,-0.73664251177871,0.29112631345099316,0.9730218840473596
2006-01-20,0.7752850915026241,0.3742849094178823,-0.13402496692679156,-0.22497493505054378,0.439400113615552,1.1029891973743362,-0.7825662238590947,0.11585407276998,-0.5629038103814741,-1.2314363359163456,2.3693038101759,0.3872594678411408,-0.7089857858030355,0.3189320153249613,-0.6350569523913749,0.9733924979113644,0.5381561097939322,0.9730218840473596,-0.024415760652317448
2006-01-21,0.7723668050166628,0.7141287432310903,0.4645958455832015,-0.21251628611096451,0.8695493310199783,0.9693043722624699,0.5234063686054641,-1.0857028922438556,-1.026646991621957,-1.1239908361642592,1.0224054516732535,0.1297384732067492,1.107244330896021,-0.5751583602287532,-0.670551626738469,0.44951898572368854,-1.403013939466159,-0.024415760652317448,-0.026749648658859194
2006-01-22,-1.7871286023041133,0.9870736193616534,0.6126494669550515,-0.15341741360025204,1.0572966127012575,-0.2292905224383136,0.9407795879130946,1.312680521130129,-1.6687876078518673,-0.047771498113724865,-0.17885748590049272,-0.4100221799111142,1.1155705746324995,-1.9759227558392425,-0.7468845595263576,0.06684024930914544,0.007950590476769546,-0.026749648658859194,-0.20500663278180187
2006-01-23,0.35178903871534306,1.1399004232449246,0.5132308484253578,-0.1354928646942592,1.2401695203175112,-0.9738724809360674,0.16164431086246056,-0.6545569989686524,-2.2578469865164377,0.4789556627693484,-0.43853835121624,1.1049219984426855,-0.23587936871374057,-1.0081171698486426,-0.7871436554432766,-0.1064655624928813,-0.32888555007410986,-0.20500663278180187,-0.1882817409545246
2006-01-24,1.0126753049166901,1.1514817250386775,0.28066349627494813,-0.06655380403222101,1.3653885939568788,-0.33886749972120306,-0.29099752940150114,-0.32404520800758,-2.100580369187329,0.5204338051627224,-0.577268936863942,1.2004344097328548,-0.9568051473059214,0.6360440625385364,0.17550573348255644,-0.11113180874695325,0.20257619311577177,-0.1882817409545246,-0.0451327036432727
2006-01-25,-1.220567084256715,0.6947381845464385,-0.9469775613689955,0.0006740305250899502,1.447042710084967,0.47415755065692494,-0.5934904894899877,0.8483834279910049,-1.5669400178947006,0.16261109828618728,0.8688268464396595,0.9002588129517749,-0.5611886243274166,-0.2542499825579782,-0.028423904071486594,-0.19621156983962232,0.9844628830376861,-0.0451327036432727,0.14861307834979495
2006-01-26,1.254782986977698,0.03290347815909303,0.04246339230993654,0.0819065793360785,1.4935079223957164,0.4365968314198449,0.11719887349628527,-0.884429010768241,-1.3820188646441245,-1.7617967514349475,1.257455441434063,0.23967612731498444,-0.6625866926762732,-0.14681216793766608,-0.1280849865670244,-0.3304261041004885,0.7973005188752891,0.14861307834979495,0.007172752757617958
2006-01-27,-1.0919377217169246,-0.7003404319387917,0.9199922808034671,0.02536367978052784,1.5487417626406856,0.5737672114826405,0.7509011492334299,0.49321531294964827,-0.27517711357095603,-2.2090178537220018,-0.06126816178514893,-0.5230822519293312,-0.6155884497389971,0.4560363498304947,0.42532589230509416,-0.1972536152060514,-0.4824060066189147,0.007172752757617958,-0.17540812940420294
2006-01-28,1.126397343388971,-1.158179530809551,1.3241365825221838,0.09625502491546103,1.5129572423279893,-0.17256631411262435,-0.03227669616675789,0.24684929853459195,-0.3111228483507838,-1.5127825558388854,-0.1991224759982107,-1.1883023365485081,-0.2639208122405507,2.368484644233393,2.2480709649336497,0.18393221594234127,-0.26118682885233124,-0.17540812940420294,0.5800840647072539
2006-01-29,-0.3003327557043464,-1.2929954873705318,0.7396482049103695,0.14107203153243555,1.4998289056796834,-1.086451880935869,-0.6677762588544335,-0.871530661840933,-1.0489040099501377,-0.7845327183658943,0.049176345767493336,0.22783872905722313,-1.246786093257497,2.971391847918663,3.280769487894298,0.473286964172806,2.0462590289311144,0.5800840647072539,2.44743255619573
2006-01-30,-0.88661343527612,-1.217756426304695,0.024017018806111224,0.21215427896596867,1.3669782224473035,-0.5575190035995177,0.02232905396934673,0.8007494668375499,-1.4026539959760942,-0.03675020044114829,-0.5405613973199277,1.4663592995066648,-0.07358814430574881,1.6420839033718864,3.0937782681517123,0.9329665641489273,3.345057886774841,2.44743255619573,1.596340777870167
2006-01-31,0.558387550209269,-0.9930243037088787,-0.2154817104928754,-0.2613450724689316,0.8408701295028053,1.1594541018975915,-0.335202323069163,-0.2806478182365025,-1.2645989896188274,0.03137198544436945,0.7635935543454295,1.5661379677363712,1.3726645933439001,2.2115178641507893,0.7511469592258998,1.1643849483395052,-2.975098062847246,1.596340777870167,0.41481323782051416
2006-02-01,-0.8789856233398643,-0.8364639409491729,0.4345135048864026,-0.05955983642498435,0.791000294603413,1.4001866495269948,0.46063071308120324,0.2709266008158749,-0.13134703143573845,0.05082865265884922,1.6231359570168677,1.522250194647733,0.7085660017725444,0.5488505830955022,0.022140152023301,1.1661620150660779,-1.355822063921831,0.41481323782051416,0.5682382410616694
2006-02-02,0.426333970246273,-1.3605973043790274,-0.023901532667071266,0.2657667062177354,0.7648467947798535,-0.15378178451637986,0.1866213687869431,-0.45832598083375875,0.18080062576617237,0.8406857872311574,2.2824124514659556,2.209881161994607,-0.26499347897665965,-0.45255429851847206,1.5268006125230722,1.4487672075720084,0.41018877142559934,0.5682382410616694,1.0788017174480895
2006-02-03,0.4395168434350991,-1.7267257339628792,-0.8908009242693513,0.48248976925075787,0.7347367424829787,-1.1044410117929884,0.8012951807415483,0.5203826400055835,-0.35952275638062353,2.0840435838526563,2.08491016977437,1.9422472341269128,-0.632984334964662,0.20382923910664397,1.1242045537651026,1.6701167938992945,1.445684710669404,1.0788017174480895,1.7302953457659815
2006-02-04,0.3063561737238713,-2.0011778570018603,-1.6221123326704028,0.6674419427980218,0.692337175865695,0.32740117129460006,-0.039239126908883065,-0.4374789383073257,-0.5199164497133991,2.9139317898297907,1.1919885547491433,2.596764688743906,-0.25207936696385724,0.4841263643050008,2.5604779888005478,2.0315506564551464,1.0634266773359546,1.7302953457659815,1.8275109511462095
2006-02-05,-1.6813601072751385,-1.5370801016285645,-1.285257766581674,0.8301636559773613,0.6478871551572025,0.5087679514262851,-2.0316047279681055,0.3294140964521486,-0.26906123569758383,1.0279899644344253,1.903754261876922,2.260433318312793,-0.20758747164451977,0.2279289127530946,3.1172325713627145,2.444365935877015,0.39160067675733806,1.8275109511462095,2.587713835220624
2006-02-06,1.3548984207898718,-0.8219170714305359,-0.8629345346013799,0.8912921358323643,0.5887206891852028,-0.6820065442712782,0.40703604840368823,-0.42700224342502063,0.703851431379642,0.05305733749194513,3.017246792786074,1.4038543356455195,-1.3702373033481097,1.3302148528192945,1.086821885912646,2.4159213323693405,3.149631685244681,2.587713835220624,0.9472229906477865
2006-02-07,-0.661120116149242,-0.3128514277393415,0.41914981795809203,1.0078544272334822,0.5471903571000855,-1.3008936530573023,1.5580296859444993,0.7708091577286003,-0.0057469747749607026,0.1732431269267077,1.2534374264084334,1.382266781218447,-0.46407773654787027,0.4083241898830783,-0.3883393996706932,2.245038032485009,-2.427891433610515,0.9472229906477865,0.6004875151332094
2006-02-08,1.558972068411051,0.09465598985523473,1.5669792495997295,1.0872607137384458,0.47184523045747034,-0.027917259810272925,0.48465703743174504,-1.1086392940845218,0.1356191591940731,0.05099888117152503,-0.22246268287909196,0.6770295043183074,0.6294577190814894,-0.5970711813692932,-0.1975109491351797,2.215391871082414,-0.42303719468241013,0.6004875151332094,0.6503039579539955
2006-02-09,-2.2236409579738563,0.5862935390655312,1.2981964180217311,1.1761910438320666,0.3711701438758915,1.5172950359788548,-0.4408402882468534,1.1934070507725383,0.8072709339404239,-0.46482391347360574,-0.22756084883458466,-0.08624609233131764,0.4011692494301171,-0.981260945400055,-1.088813170033312,1.9716938594297406,-0.032664403203652166,0.6503039579539955,0.3936932532595731
2006-02-10,1.0082616141932568,1.2441146753609758,0.9802164777596223,1.2183343789819012,0.2799581946208758,0.8830595904351723,-1.0874061616173851,-0.970313771891327,0.8322228234509096,-0.5823472743129158,-1.0543203150769587,-0.9578809045273822,1.2363011889524347,-1.4808575823625596,-1.2097853517647192,1.6820188094401725,-0.6278130975003634,0.3936932532595731,-0.12220687364286349
2006-02-11,0.90685126391453,2.148037142103474,-0.8943437693170361,1.1823277268349068,0.13072796183362043,-0.0821956386586743,0.2062555047607601,0.27567208842063085,0.10040503560890264,0.9784496831273887,-0.98600599137344,-1.1089010439242382,0.12128779535767385,-1.1659901376245114,-0.8941749396594201,1.2872897241477081,-0.358852302818867,-0.12220687364286349,-0.23252441189758669
2006-02-12,-0.6891159003063839,2.3775424459414376,-1.530290993938723,1.167471210635533,-0.0007600245570563654,-0.7270034894172284,-0.09605209357049686,0.7035857602403404,-0.3778707106958148,1.539266182639692,-1.0617561412899514,-0.22025838662450092,-0.11980733542371992,-0.07740297250697192,-1.021183644615,0.7946499325106137,-0.6554664042484533,-0.23252441189758669,-0.5021684630771658
2006-02-13,-0.2820186313773774,2.0083373019811814,0.4705328551821064,1.12822888134637,-0.04452019604062605,-1.7306493808550338,-0.38219096766282734,-1.2624399246080664,0.5221774565506209,-0.7663845097406708,0.20156897859205664,-0.274132452939396,-0.7268451976422955,0.08320407500534628,-0.4073759180103175,0.6589983980302614,0.02771186192755882,-0.5021684630771658,-0.3745399232554719
2006-02-14,-0.16789102376858664,1.6611383355745428,0.4107504685032429,1.0735555524895717,-0.1728290398174559,-0.7478881145364669,1.6501883580752013,1.3457058357291145,1.2812620673405735,-1.5735029887237493,1.2718086970537805,-0.9362429485054605,0.35179874037898096,-0.6058279259470808,0.20282510468411202,0.6878140060045278,-0.12183632245169422,-0.3745399232554719,-0.4232636929968121
2006-02-15,0.5133218119905483,1.4512508928453467,-1.2380367124484364,0.9918185241560489,-0.28664464153208724,1.0196987407372304,0.5238893954025874,-0.8989432250907049,0.43021065397162167,-0.8268125162569685,-0.473551279044996,-1.7808060636974081,1.1513326914076398,-0.12613196964079723,-0.23960558115820638,0.4841125914448468,0.06744058570073722,-0.4232636929968121,-0.45039423471034784
2006-02-16,-0.38158851682917755,1.2754333635617767,-1.4610466583636883,0.8762909656631611,-0.3792817311254236,2.588070195692155,-1.7847374694381986,0.3456212961701143,-0.8664427324229429,-0.7797139207848621,-1.1345688644418022,-1.819326742585472,0.15845046536491755,-1.116036957064477,-1.068352401021756,0.21539488682977515,-0.01164639549899714,-0.45039423471034784,-0.5163603650704376
2006-02-17,0.21838994445291054,1.1012661059431714,-0.1326742159158912,0.5381935122416796,-0.511061934236542,0.510620675698948,-1.044465820768583,-0.17846796344540675,-0.8222251192788852,-0.8551229558712244,-0.9164929898943015,-1.159222814474515,-0.2635544141913702,-1.2089713262745432,-0.5695607700338063,-0.1852677587738915,-0.03734522694395203,-0.5163603650704376,-0.6434053115119817
2006-02-18,-0.9974128899162424,0.8583790702129348,1.0439003043531345,0.34505292528267584,-0.5625677814038101,-2.18261182441637,1.2444101799558955,0.3563874941489061,-0.44995854714572286,-0.5303543799667465,-1.6814862151547088,-0.9615195744509765,0.05063332344041048,0.20648518920990944,-0.6416809997718045,-0.77221568666083,-0.12441887802524475,-0.6434053115119817,-0.6003881977174342
2006-02-19,1.6379855203522324,0.45230489369802784,-0.33098542458091423,0.06467965454224497,-0.614815885219424,-1.9341096659727728,1.0590544664488217,-0.7188435513873777,0.2771547845587,-0.37015904067491084,-0.7482247145510847,-0.6416123323041312,1.5922544199195385,1.2750253786628727,-0.4198000312732454,-0.981632949451231,-0.17107531522215122,-0.6003881977174342,-0.5901680739047026
2006-02-20,-0.9876999737989143,-0.2151881913104588,-1.0043741980880079,-0.1601815789754267,-0.6416687654796182,0.4982673141132223,-1.9803083810921378,0.9408639373136267,0.5164706101666849,-0.35051969275007727,-0.5864440349024569,-1.0107462388497714,1.6028911096887772,0.725102278135871,-0.5888672881473663,-0.9803457522002985,-0.3046972009136711,-0.5901680739047026,-0.6549187002082277
2006-02-21,-0.21938272189721708,-0.9294540971268541,0.4659890099452589,-0.27912799188810195,-0.70601286054561,2.267825641615378,0.24447473327586844,-0.9204791916697793,0.13666101852475596,-0.20868849919075977,-0.4237999955750596,-1.208464039519843,1.9229362914442902,0.698555844378057,-0.10750981621411669,-1.0376132243109937,0.05791598870086394,-0.6549187002082277,-0.7527198093821246
2006-02-22,0.5979079728775253,-1.3764472600398665,-0.036666878080179446,-0.4666602972991974,-0.7801659069089012,1.0343396617309606,2.0140192862102526,0.6455571564708975,-0.17337550628890797,-0.4064414756869388,-0.7228914490694247,-1.128518273042654,1.2165457453837174,-0.2587153416535043,-0.3606246672112281,-0.9974128977517541,-0.08797782087490462,-0.7527198093821246,-0.7456414828514797
2006-02-23,-0.508600121679711,-1.684819817825245,1.0019046952193087,-0.6555405761597621,-0.817177708278973,-0.3765204943826784,-1.2857987969203113,-0.15505356696932285,-0.9180613197296527,-0.3049864621480586,-0.852861901259851,-1.2358779958745059,1.4394415174685982,-0.8524305686136385,-1.0225603442605187,-1.031651114252528,-0.036223479056591464,-0.7456414828514797,-0.7200337248485236
2006-02-24,0.17965144530136137,-1.9877145278340453,1.7437790886830897,-0.8081437640021133,-0.8491440932940475,-0.8814919582121098,-0.2128087797950333,-0.283626381483821,-1.466766033994688,-0.98212237416564,-0.5597076333721642,-1.2370100702778388,1.4604303295124144,-0.15056345919076602,-0.8921047082356053,-1.1135330442549072,0.010401288936285483,-0.7200337248485236,-0.6532168237680079
2006-02-25,0.1793681316113958,-2.1307108231840677,0.8671251824504335,-0.9650387395886162,-0.8772807250911682,-0.4193182074575112,-0.7776883017788132,0.5923806715315698,-0.9435322471543496,-1.2158309839127361,-0.3263887243898415,-1.0923982532982421,0.017674455178476066,-0.7229816752584368,-0.7967275540102885,-1.100216505520327,-0.32489254788528915,-0.6532168237680079,-0.7807131973063453
2006-02-26,-0.10705310195384186,-1.9767885934467926,0.03941459023024683,-1.102876405901206,-0.8961653824695923,0.009777620803625577,-0.11982533812636549,-0.6600239502035945,-0.7539498646920374,0.18460377285654467,0.9593442852659725,-1.2792769310028422,-0.6501522676020056,-1.242994838054935,-0.9434211515649301,-1.0723121252612577,-0.1891764043117883,-0.7807131973063453,-0.8145219967755879
2006-02-27,-0.16311771381184992,-1.516013242053147,-2.245944550147223,-1.2090548801815377,-0.8532642507650847,0.13028602747027787,2.1295974678912257,0.6530574544345898,-0.547449457326179,-1.522159564344754,-0.24064021289661094,-0.9731228794545079,-1.26836477671626,-1.5698770201842032,-1.2433227573356822,-1.2163359734957628,0.11881527934928374,-0.8145219967755879,-0.7111741412921085
2006-02-28,0.1421528486072737,-0.8583611714522571,-2.376272041566704,-1.3660622024413056,-0.7659084479227387,0.27693523445372675,-0.0744385189408133,-0.6499522282297188,0.7994224039519003,-0.4866646993972542,0.43198168549304333,-1.2544805062264075,-1.9377054032153858,-2.3535278400525694,1.985921413486519,-0.8900907590172917,-0.38059408166941694,-0.7111741412921085,-0.5227602507603712
2006-03-01,0.817444341813576,-0.1782642934012418,-0.6989470956591682,-1.4177370266689544,-0.5914003918964296,0.719866986965195,-1.81084161900351,1.0994492607630537,-0.32587987687413894,0.38178777664902674,0.5923338106036105,-1.3354642103193983,-1.2026686584766053,-0.8691038824656115,-0.2081371386385566,-0.7920448062604378,0.8767121991365885,-0.539643488821876,-0.5149123178774166
2006-03-02,-0.5813146791669382,0.46877767253889596,0.8426671151810236,-1.2138884291080445,-0.41277331457393096,-0.030742688238201952,-0.14581671186509157,-0.9929497283717729,-0.9734904724807129,0.325947337282105,-1.2844222797686733,-0.8819620978400065,0.31269304634923406,-0.8303717782605686,-0.3776560575013515,-0.7255375614641613,-0.22032156690880658,-0.5149123178774166,-0.3590984889138881
2006-03-03,0.49422638406544217,0.9549198207853794,1.0306342045052213,-1.1448593683366415,-0.309407211781929,-0.7874726088580358,0.6148556291828084,0.7790542231624875,-0.48572006363307274,0.4520471540984547,-0.44411817426296646,-0.08430369852558725,-1.4952629964951842,-0.06328474907080092,-0.03384255380626917,-0.5942438493969474,0.5828636256027573,-0.3590984889138881,-0.3674213144779905
2006-03-04,-0.40540613972482653,0.9462776252977758,0.8319327389309781,0.9529756897169752,-0.3660339741605101,-0.316434599503695,0.7624197500931664,-0.8249946248652583,-0.022464780812921754,-0.43049554543922003,-0.147642167376798,0.17850205363084398,-0.9438657059336154,0.571138562431493,-0.1166078450710873,-0.5463837457446475,-0.20963899788728463,-0.3674213144779905,-0.18689548407858836
2006-03-05,0.2232363453029224,0.6684255138108804,1.233465643790373,1.017103738752445,-0.40123857437371274,1.178400071455936,0.12901425678462994,0.7873889587006193,0.6886279292709497,-1.4223154096674677,0.1741720107328972,-0.21944412607578082,-0.16260827220101215,1.0029245830316567,-0.4852540913170272,-0.5270889170343752,0.5018982270449296,-0.18689548407858836,-0.2622837991388233
2006-03-06,-0.2511911422146209,-0.15142391328430455,1.3870389615573597,0.9631826663603976,-0.4005533726176596,0.802090849523248,-1.6803714058979986,-0.6894122330849498,0.6555655669692423,-0.8519103823212828,-0.6243003029301436,-1.1868517375409366,-0.6217192848878609,0.771622766317079,-0.865408088878984,-0.5974851319175203,-0.03773928625888499,-0.2622837991388233,-0.4417929450599877
2006-03-07,-0.49422685122459964,-0.31509408858156907,-0.4247737576135136,0.9919196368737002,-0.44418021162138177,-0.5051092894217635,-0.27286677835830886,0.5138629807397032,0.24389114246567856,-0.34757156995269306,-1.1152030329966365,-1.376840255237833,-0.44270514645476816,1.631998258523572,1.6281073919329077,-0.3697354304807355,-0.6104533586822977,-0.4417929450599877,0.8180891369649587
2006-03-08,1.0904919647156792,-0.4729940846610578,-1.349708306947629,0.9042368209424453,-0.46614968792025263,-0.5048985500609268,1.623791664134075,-0.4101609792051602,0.6943229745219623,-1.3150041030485793,-0.9480270176024083,-1.3283363882202093,-1.6038866516369394,2.3418724573140537,1.5099645348733906,-0.047550748449918266,2.0853384731325293,0.8180891369649587,1.1597144506401778
2006-03-09,-1.0648101159136365,-0.5884363322706924,-1.0293753488380124,0.8401787923268011,-0.4757123180933568,0.9307726503104228,0.6629792327561316,0.3625755883329152,1.7539149410680264,-0.42207750495513696,-0.5610427198162297,-0.4021724936857332,-0.9762025615265745,1.0715429572978319,2.413270529928685,0.4153120364073832,0.845794603008696,1.1597144506401778,1.1490057005011933
2006-03-10,0.6543382679114647,-0.6266747919581875,-0.9671632267074987,0.7529282862394752,-0.49191470184538705,0.3287774319777036,-0.892479791461117,-0.22953994747677475,0.6885292647176398,0.2817940239162955,-0.7870817335276996,-0.08058413830670412,0.5512978708355045,-0.49715940957131505,2.6287667531446086,0.9456066791543905,-0.1938963847197882,1.1490057005011933,1.9434566683887378
2006-03-11,-0.9589500326600667,-0.6587434430451149,0.16285556445973198,0.6580234988326712,-0.4984707217851558,-1.7789442481300495,-0.5766350410536496,-0.11477407592428286,-0.3903410475390972,-0.23775796255826373,-1.0967852641253557,0.4480098105190181,0.3013654922359105,0.11720781462448304,1.189360960363883,1.2509617745852823,2.391075681440859,1.9434566683887378,1.685351978943002
2006-03-12,0.6697231826715315,-0.5756201962407951,0.3135024103252466,0.5712524294372954,-0.5391570919176679,-1.0705143500861904,1.146712429887643,0.6281460364840589,-0.7165117904719066,-0.6102506528181415,-1.0220678959833673,0.5704657824733216,-0.07512848508815301,-0.6528565220536687,1.263162288863751,1.498733643109686,-2.3113859416185285,1.685351978943002,1.8781216908792158
2006-03-13,1.2170579900468104,-0.3737279157739072,-1.2885588302790096,0.5030468633230105,-0.5606168160370941,0.9790426044395172,-0.11227584008100162,-1.2242809024295196,-0.7492491603291033,-0.24823891878052876,0.22864065440868608,0.27232511324915387,-0.8052031355523566,-1.060704407776912,0.2444350280784143,1.4256518030304337,-0.603858673258797,1.8781216908792158,1.248558927132007
2006-03-14,-1.8716246033159414,0.12066554218704355,1.6000296073349087,0.3598043405633503,-0.49304086730427465,1.625795006233569,-1.094828570930525,1.6635216678152978,-0.5749257324778788,0.2900692067243206,0.5331344267777043,-0.06573045702474652,0.1299906740305503,-0.7211777067738063,-0.37777231104194725,1.5421008696210177,-0.9105345343230598,1.248558927132007,0.3183610510463044
2006-03-15,0.7005611846585323,0.7152216116127512,1.5515981290942336,0.1623672700303688,-0.3457193648936995,-0.033765599392878085,-0.6622683204981825,-1.5146913185150486,-0.4070475205652396,-1.0418043179460386,0.19638302553421746,0.48305296915432655,0.38971782248558023,-1.4660642584765295,0.05545054356274525,1.7247371756793792,-1.7564329105024188,0.3183610510463044,0.0047635939870021285
2006-03-16,1.027305003193556,1.1953493266670765,-0.9884008169193458,-0.029957595176245716,-0.15515397466831538,-0.7437044025273515,1.7690413918179373,0.8454426853851049,0.2599244546938835,-1.292045515153029,-0.0028693146646579966,-0.2500801327571472,-0.9748462601299299,-1.1993613460312302,1.205925804284545,1.921919946751421,-0.9004435642433081,0.0047635939870021285,0.11580417932173435
2006-03-17,-1.610526137776765,1.496284509813384,-0.6803029116119937,-0.33017679945426043,-0.13421301052673587,-0.4924533259802009,0.9763418486702033,0.09244597340521375,0.41508105104639736,-0.7338800402301687,-1.1527145820077593,-1.150549868456643,-1.0501988283685388,-0.4197018029541428,1.6545770122903438,2.1992984966551257,0.23899616815923053,0.11580417932173435,1.0234935392490874
2006-03-18,0.5488317569446571,1.7032721543530045,-0.08393473621814271,-0.585134220874084,0.057301928906289094,-0.7766070162397432,-1.9711083044823174,-0.8750648229519665,0.21991230928060299,-0.6092229757809193,-1.8253503347226858,-1.059292627189417,-1.1049318391247425,-0.37914206155593994,1.8148106672193514,2.435253035600527,1.8935917660306025,1.0234935392490874,1.6898621220358334
2006-03-19,0.23004343896957644,1.8446453010986616,0.2609343729557943,-0.825107091463161,0.2364482822126624,-0.291042801090819,-0.7870845167149113,1.2916129949130974,0.5377740009266642,-0.5086584571241073,-0.9214320098434935,-0.4410418426627947,0.1970645315622358,-0.7304242568635236,1.6800824156893241,2.505675415563329,1.4585386702617402,1.6898621220358334,1.0230238062723633
2006-03-20,-0.8642641623781665,1.8527472606861943,0.40463010451532494,-0.9751370983509863,0.4703117719385527,1.1644657029618084,2.3997541862378857,-1.257544956216058,0.37731618108042336,-0.22164989466167717,-1.1652459734597915,-0.6244964981883282,0.30959661180590997,-1.4851084014193576,0.6342724616599752,2.344006847864264,-1.0534945919818757,1.0230238062723633,1.0272720130464692
2006-03-21,1.220202557244426,1.539518776764237,0.2565767043384231,-1.0148772501187795,0.5745434415554035,1.4812457067621212,0.4770802013726196,0.8319838405335718,-0.19298203576725312,0.7437462200468148,-1.5468722578390404,-0.4092706511373634,-0.34135996683198755,-0.9740554492642111,0.17921622000173434,2.0489693606082144,0.5914727041003399,1.0272720130464692,0.5917414280352532
2006-03-22,-1.0221841530995828,0.23444166140822317,0.7876167557971062,-0.9889884990838405,0.6458065491101527,-0.5999393472839232,-2.526891172970722,-0.399150361400631,-0.6202700333679103,0.26136750608260906,-1.2539984471898025,-0.3464600806258408,-0.23756083838937306,0.12350386539415832,-0.36615659519106886,1.5087178052776058,-1.1022823852500103,0.5917414280352532,0.21056491831165108
2006-03-23,0.9335182859075879,-0.9717126807274831,0.14707432291174358,-0.9411202557036066,0.7499859712593879,-1.8551656764188866,-0.7259066147451768,0.19508810738748922,-0.5635191101643083,-0.03697964528082364,-0.4148261681138317,0.33336238758202785,-0.045347471152951256,-0.15314670046648934,1.1689710251553198,1.209334820051785,-0.2093070391344003,0.21056491831165108,0.5789787365863942
2006-03-24,-0.6441024013371163,-1.4917918386848303,-0.9101990678266638,-0.8636107848892696,0.7769540183333858,-0.1580516573840862,1.441637695683087,-0.26162464306371747,-0.2410995139515752,0.12562899263929478,0.578036417492561,0.9831852325391922,-1.0351789837120784,1.1737993298613443,1.0639002839028184,1.1589445211936258,0.9359659699077587,0.5789787365863942,1.2473494346216139
2006-03-25,-0.6321829847646611,-1.6611117582858614,-0.9871972475251107,-0.7061747525147615,0.7820457869876654,1.672109768399416,1.21347057054259,0.4186106984707318,0.6051823947753274,-0.5838184783379952,0.9015145968019905,0.5396676418207386,-0.5501042319247267,1.4148966469572373,2.399266212486379,1.3565708039953632,2.09390173302735,1.2473494346216139,1.549985830091373
2006-03-26,1.7312256328277758,-1.6806620072842613,-0.2769658547278907,-0.6181127816848803,0.8019987021591676,1.0387333048383396,-0.49707776068383175,-0.6247716799308694,1.3586547858409346,-1.6456099765886847,1.0312509484199517,0.2095217864016402,1.20636252344401,0.4429256721831499,1.0410032179208286,1.4317581912451585,1.2592760560256147,1.549985830091373,1.7236364243631492
2006-03-27,0.37369392002434043,-1.5610207586670184,-0.4044111832678516,-0.5266097216364719,0.7980094720751344,-1.1023687472649173,-1.0535653646479843,0.9560864330393869,1.3978646092265057,-1.2820557133173207,-0.07063706188076262,-0.5970831230073195,0.6407002561398613,0.5061906249952649,0.9157515075359427,1.5138915396305628,-0.05059093115673432,1.7236364243631492,0.6251450963416072
2006-03-28,-2.1885000809312785,-1.3832593691244874,-1.0439016123815856,-0.4473416731199153,0.881233124531314,-1.4964169268758971,-1.0858579892054465,-1.1785430032319262,0.96066988701721,-1.1969638870143058,-1.6077111356867928,-1.3943777947837988,-0.12620320859381437,1.178820352671325,0.6800509876357149,1.5005944636126862,-1.9051377838151704,0.6251450963416072,1.1919188129460212
2006-03-29,2.20564129236724,-0.9756728791428776,0.49533388814582036,-0.3429324953688058,0.8530851405619599,-0.10837021832031563,0.7186139266486072,0.8620587220470084,-0.25110959309989556,-0.5129349488996239,-1.524356654473383,-1.723888444119642,-0.9116381909457427,1.4297267992918832,0.9964265302610136,1.479500159862597,2.5102107055996403,1.1919188129460212,0.002808808997631448
2006-03-30,-0.09725609090312981,-0.15168670617197938,1.526254448965602,-0.17800770530442744,0.9444740191794828,1.2831700745228654,1.3987399487086116,-0.5848129516081152,-1.288165328262793,-0.7925980961066321,-1.3330260580901458,-0.8274048952396393,-0.11761501122813844,1.0390555217108652,-0.9161429609202325,1.299409600786721,-2.9652247453552616,0.002808808997631448,0.5962645798812055
2006-03-31,-1.6868905181592428,0.30416517429014334,0.5894313570283545,-0.04253272676366868,0.9000573984833254,1.2631199733155494,-0.1669491998984884,0.2956765859453219,-1.0270726320237626,-1.0371236583931525,-0.7604017522649242,0.5830706704068449,-0.278547476862251,-0.07419586031477919,-0.8473861141988726,1.0702714405694704,1.2318381471510547,0.5962645798812055,1.1117332563975242
2006-04-01,1.6567175407899042,0.3293458746036648,-0.40444096309263217,0.12321469224097371,0.7591348534284684,-0.16079229726045816,-0.2954700836834771,0.3829059718774261,-0.4859001300842028,-1.009712161228577,0.5293221835744022,-0.06612891141294246,-0.9894506456861972,-0.7716738860978677,-0.47508198736781965,0.8597278568693694,1.4406233107039943,1.1117332563975242,0.045726483678195165
2006-04-02,-1.8339490079931107,0.1834671699907828,-0.7508390769628512,0.31629424547204477,0.5980876110550293,-1.6350481040326013,-0.7047487893921583,-1.5008651281621503,0.5038644474989694,-0.7828952879082651,-0.06546618554095028,-0.12744070204905056,-0.8877733029145213,-0.0758933961558096,-0.36838594101296324,0.766684209002189,-2.094002754588341,0.045726483678195165,0.29284417066998736
2006-04-03,1.608943619576335,0.013586569776450329,0.10435343493724505,0.5536171188287479,0.38980311905745585,-1.1801336270613034,0.6199333167154477,1.5153724759552063,1.1105659375151422,-0.4780373234709128,-0.8343185593974695,-0.8558040958394703,-0.47024215837360406,0.0014377416902038918,1.0563117089302314,0.9029243687258927,0.672388244204832,0.29284417066998736,0.2340136225368206
2006-04-04,-0.7336279898406678,-0.11601197005317765,1.027204392926707,0.7760451940761942,0.18739003474907945,1.1027992554708013,0.6334001345887678,-1.1696424361327369,1.1128601265269298,-0.319315686176067,-1.3530628325398035,-1.1978737549922225,-0.017274080952592058,0.21834091088869267,0.029812991912056164,0.9851816024199745,-0.060982091649372794,0.2340136225368206,0.7842375736332121
2006-04-05,-1.1422498437535094,-0.1062044639688332,0.6540796481520633,0.8246235025906643,-0.9249697872772621,1.4992864929560175,-0.6266953325191461,-0.19389790214604274,0.6698427313114811,-0.4032274222232404,-1.5095477015169199,-0.8296699714302614,1.1748277496375477,0.998029241469269,0.9397583398318,0.9804585350550858,1.0348625933362068,0.7842375736332121,2.3170988005084294
2006-04-06,1.5837068475595446,0.07474238055018757,-0.507921711520093,0.7385227731235159,-1.0853757233650074,-0.4189564221807338,0.4164155748782108,1.0087513963338048,0.9141970462341937,-0.6866945611161324,-0.31157440892850924,-0.023740826312261626,0.07250633225698076,0.5463715422641748,2.313971907253165,1.225635395278831,1.5726054759071295,2.3170988005084294,1.7460265411330234
2006-04-07,-0.5658029036721115,-0.4837001089773064,-0.7418818036997131,0.5578327077063729,-1.2691386604427841,-0.7611401038747543,0.3524704569062004,-1.3740656638265496,1.0426774229734015,-0.5291054517038519,-0.37394357938653183,-0.14604210266490944,-1.0768450464751091,0.5595920620357056,0.04417889844737424,0.8519490262013341,-0.8161010824436967,1.7460265411330234,1.6362857484063158
2006-04-08,0.051996962211866546,-0.08361306769779933,-1.5115788859813053,0.3658513261056514,-1.3689114472109511,0.44889737079323233,-0.7377360448493583,1.3157437322104355,0.2238754860571277,0.5337237506989251,-0.6850087976807667,-0.10926459142551448,-1.134007340032542,-1.1281603135861862,0.9014386730988788,0.7764583301561857,0.24015343665540945,1.6362857484063158,1.1343822852189678
2006-04-09,0.3281650182604559,0.2813079551594721,-0.16227859183042007,0.16464259174184387,-1.4520493977953572,0.2774727011569141,-0.13977079571276332,-0.7771371175224608,-0.4029600244729626,1.3201217564083276,-0.5675294403793826,0.00820062828050072,0.06252699629925083,-1.8087467042563155,-0.27489159323138285,0.5323491683200718,-1.9394548074807647,1.1343822852189678,1.062809911040915
2006-04-10,-0.6367425929417975,0.6152650438807566,0.8845285978546545,-0.03368367289502281,-1.6048310494864095,-0.8371790179821912,1.4893370186335406,-0.028491303187478036,-0.25345059950378485,0.5106713772401463,-1.0134968227969436,0.49816743540579533,-0.8938010287143616,0.1325506912839642,-0.8066042992070407,0.32402603807050984,-0.14258652096124938,1.062809911040915,1.3308183452046143
2006-04-11,0.5664023649650314,0.8763628273480939,0.932118877931758,-0.20050276518861518,-1.5870584542305881,-0.7382740188289542,0.562059759485957,0.7248820781490691,0.3678174289611548,-0.42806038179439965,0.24804045716822487,0.7295432203864091,-0.13964460186452418,-0.30723711644006624,-0.4244736238138004,0.13479388183496654,0.019528773161832158,1.3308183452046143,0.7089646458749395
2006-04-12,0.19976661954316172,1.0770759160586523,1.223562943641945,-0.35464877285693325,-1.514034144785615,0.5954489315649528,-2.197365768921252,-0.9823522500690578,1.05901697783047,-1.6653768576548436,0.5041733092502197,0.07278800315325029,0.5833481103427723,-1.2258739267129435,0.6074473968931505,0.31795553255947123,-0.9439620849324348,0.7089646458749395,1.496635428208825
2006-04-13,-0.48489319931223807,0.9248518000635255,0.4217544131421854,-0.5334707411900991,-1.3958428184756522,1.1822686950663388,-0.640029834897578,0.7906720818177456,1.5094331352502113,-1.2436228307883168,-0.04825509579218679,-0.7410743537632525,0.13619983685686124,-0.7457514284567411,1.007728607368644,0.5481855446678328,0.9004920313465147,1.496635428208825,2.158355890728316
2006-04-14,0.13376749422557846,0.46912053768331646,-1.1465907106728106,-0.7573264279129625,-1.1816191462091996,-0.10157450076480583,1.2860850305502052,-0.2443036243799481,1.990123212279207,-0.6651199989348435,0.17391428260813946,-1.3213968111328485,-0.3412029253703013,-0.09790181493845569,2.1839533467313643,0.9940873359135611,1.8282890115022037,2.158355890728316,2.249612740962899
2006-04-15,-0.03821364390340043,0.2659473647698425,-1.9675634809510065,-0.8817554455450555,-0.9992707504438026,-0.8022396070533123,-0.07786859052041227,-0.5254807589932998,2.489764087604462,-0.38589025358287726,0.12753368745711086,-0.7504377185618878,-1.3850209382856673,-0.1466819046750442,3.073917602420236,1.5432510919777582,0.9225941018123986,2.249612740962899,2.0523127977356292
2006-04-16,-0.1473880461178892,0.1836103769718197,-0.261512070795894,-1.0007215301425134,-0.7955710309675638,-0.03227963375235948,-0.39456807476562933,1.18002273651614,2.239585830870627,0.011356925572692177,-0.24965069233065013,-0.4162287769438445,-0.04479569169877485,-0.05567327773569663,-0.9207533814036648,1.251603697893648,-0.6736427183574799,2.0523127977356292,0.2857097977414665
2006-04-17,1.198342588787254,0.1889344215670327,0.2860061358858804,-1.1116817014764104,-0.589072081487995,0.5382642764689998,0.9656951005843003,-1.2553032242404667,1.2723554904568788,0.7363833449593641,-0.8668814079246866,0.1221777816927068,0.2381657804961914,-0.44901586347184813,-0.5659483819838248,1.1691661038255607,-2.058280762184977,0.2857097977414665,-0.07685853387417581
2006-04-18,-1.708951338593944,0.2468476150971616,0.07395687916951378,-1.2230592717255901,-0.37001794251757897,-0.6657977468173606,-0.5562361305105367,0.5813454990665193,0.5698903457055906,0.9638199306527917,-0.8816294562307531,0.40500758225866273,-0.14202197353097343,-0.7782601818440057,-0.46744828515091513,0.9618646722964803,-0.6718889014084307,-0.07685853387417581,-0.16361047182281516
2006-04-19,1.0025794303199356,0.2976644316415964,-0.09863103854909738,-1.3066474376716266,-0.1586876990335568,-1.2184012443124246,-0.8640442924440755,0.01775206032201652,0.3979671919911134,0.5524920434247415,-0.2766625555339196,0.7668527849753433,-0.5988000890425256,0.4647040956637854,0.24786306561113508,0.6593151191101164,-0.1348283883917857,-0.16361047182281516,0.6028631101492553
2006-04-20,0.9005323669458127,0.20676115900074774,0.16098470468379453,-1.3679910376299655,0.03962350830479819,0.36744009543009853,0.1916735835910898,-0.30691514097365635,0.4478927699340512,0.6870244134192451,0.47715227273416905,0.5250684684679209,0.42387755081381145,2.2950449342884265,0.12343549747980623,0.6534722890855782,1.4067905174126714,0.6028631101492553,0.42074381042598025
2006-04-21,-1.322504251307078,-0.05814025091371506,1.1728559015581903,-1.4308357185423,0.2121599416587,1.5577825674773467,0.1851347632582812,0.4244327767479812,-0.3651531314616148,0.0215244513499439,0.5422119343822871,0.42238764068856166,1.0565258596368263,1.5186139075261025,-0.8618645779245101,0.3835997876207954,-0.30815480918327925,0.42074381042598025,1.5096632828622998
2006-04-22,1.748606390432281,-0.18800172580950736,0.8853583416451188,-1.4229486994836469,0.36375518748463465,0.887130067684672,1.1595768729412237,-0.33229822450267804,-1.3373159771413234,0.10286521644671236,0.38195667208988304,0.2068049697570668,1.5783268600345477,-1.1069247700114526,-1.4940315224581375,0.2795300079689813,1.2924845890367809,1.5096632828622998,-0.0491288964336398
2006-04-23,-2.062573627864431,-0.2625536407956847,0.22885779092633896,-1.367614822973955,0.4998341458064428,-0.8245458577835775,-1.2052340263383368,0.07313147903990137,-1.7987995226057583,0.418530236487173,0.014108528188000449,0.07966582824495827,-0.46506614208539093,-0.6010855679431892,-1.3245172826691178,0.19584871594883768,-2.1152734412372816,-0.0491288964336398,-0.4205252165009789
2006-04-24,1.5319135946018192,-0.2818324535544057,-0.14150150400179837,-1.2333979351560491,0.5539237525130647,-1.1381517732479973,-1.4194443130887069,0.08956236786259512,-1.333212166434393,0.17784896195392733,0.9898291689052022,0.671642086068943,-1.918190374364076,0.48117764374681354,-0.4231010522007232,0.23922307699428602,-0.43261943771627526,-0.4205252165009789,-0.7036448142648928
2006-04-25,0.1805055993567952,-0.22715095674737623,-0.7113424483656609,-1.0586703693815698,0.6774433439776167,-1.411024807714105,1.5893616616288513,-0.21183476502950477,-1.0155960171771246,0.4056446841044938,1.7018490611833892,-0.1720430890542183,-1.684218648200935,-0.390936148687269,0.2478875761319841,0.20691045258314947,-0.4645283650233144,-0.7036448142648928,-0.6405501641686873
2006-04-26,-1.052023917964424,0.002407966007222709,-0.476987886459878,-0.8661272848266928,0.7786177520874619,0.2941058608755075,1.6308269122385115,0.3494003781248678,-0.7265203181761899,-0.0747801683176641,0.8261536661936343,0.711575757081345,-1.2530961550302155,-0.863355286843523,-0.7040368009767706,-0.09275459104506899,0.20605391655455418,-0.6405501641686873,-0.04233601636955927
2006-04-27,-0.2069904801914551,0.4061519486992089,-1.37897157734781,-0.5909105914416926,0.8998738266943321,1.4526999119964885,-0.015278138739016204,-0.4924064404809583,0.09132479650188031,0.03745495037193308,0.9793753120234896,0.3052342254220601,-0.28195718794312996,-0.850585556094358,0.5701852465496371,-0.4283226661420026,0.8525271386569013,-0.04233601636955927,2.009055456978741
2006-04-28,0.8447804349473139,0.7991368086256635,-1.7882230918464097,-0.27854847352186757,0.9966059612472411,1.9918875197178714,-0.9009417612368658,0.46012712964650065,1.0907334042203534,-0.880574271704581,1.8245358968782208,0.3171103088391045,0.421409685843157,-0.3314055335555033,2.178205459578703,-0.6891782346285333,2.422611766538158,2.009055456978741,1.2985395154667565
2006-04-29,0.4112771490957386,0.9726343660337768,0.8399431568874357,0.050924043441580996,0.8586468815894641,-0.07173451346501715,-0.23637701418690618,-0.2846950903074329,1.9922793373562002,-1.115872179221962,0.9812372482654145,0.46184987006801576,0.877957574423084,1.1462220659073326,0.07985912440427312,-0.5067979115019573,-1.4408185599197691,1.2985395154667565,0.8470682409371721
2006-04-30,-1.564952510039722,0.9895563945626441,1.73153315940093,0.3833274813280177,0.8347362949291226,-1.661196149018497,-1.048560551572933,0.06821035224830296,2.1448071645214695,-1.294745573422823,-0.09468962128300809,-0.2620802638484,1.413339977889541,0.8172058898599804,-0.11489521263147381,-0.4748827921445147,-0.36745999292207737,0.8470682409371721,0.6605675913929755
2006-05-01,1.1678185653708912,0.8577995262705069,0.22888734305849076,0.7299023434879615,0.8258029976568129,-1.8074281997165984,1.7237693944843224,0.2165305113926388,2.007782999448809,-1.0583270599785926,-0.31893150420975674,-1.1077510347735704,2.2899769558378584,0.3017088764260842,0.00010436524517673027,-0.4376704041909316,-0.45489567515082435,0.6605675913929755,1.9284231477494904
2006-05-02,0.019764925172738698,0.43807311939112115,0.5406066335684425,1.0023876619574437,0.7364747145207778,-0.4189194215705819,1.2108395789489448,-0.40954642709940775,1.7051308372037668,-1.5026686345562283,-0.7745207598831062,-1.045464136600481,2.0826267526853797,-0.6913605553442931,0.2904829527006871,-0.4634748206774781,1.9363033447338593,1.9284231477494904,2.4275820532813235
2006-05-03,0.08404724155872989,-0.26471838949970533,0.22628644047281002,1.210396662362615,0.64755722258018,1.922976210440769,-1.1404396667400054,0.33087218398035,1.329529202032952,-1.6496922274682437,-1.50088914672703,-1.8001291368562589,0.9493980175499444,-0.6945299263288385,1.7861056858558009,-0.172016126338144,1.4423251209207353,2.4275820532813235,1.572716351031371
2006-05-04,-0.9218739438580329,-0.9081411743030288,-0.9107949577589435,1.3679647618720692,0.5525071702511597,1.9353282112752668,0.06519566505447594,-0.13175357563661502,0.7217051336798402,-1.6726616611129508,-1.3045804674781216,-1.5212716335688568,0.17290913010264047,-0.17341998446735027,-0.10423141042741729,0.011903984141910753,-1.0053081813864513,1.572716351031371,0.9911725020702465
2006-05-05,0.321329347742805,-1.329823288458734,-0.20255260296743696,1.4793723796713685,0.4131999262123506,0.15555970364799,-0.9771881003649068,-0.035784669968414985,0.3241914669596863,-0.755743286123839,-1.1291614154665053,-1.9988281968921233,0.28745463837952717,-0.32114502029037617,0.9668653395997668,0.43290378565651505,-0.6976911972721999,0.9911725020702465,2.550436038439739
2006-05-06,0.32469141679075053,-1.6137107320903057,-1.0979347841964835,1.5545886961959983,0.33127373594571025,-2.1177884385035304,-0.5995742029175904,-0.031993755862356255,0.1573123775567557,-0.0175944902793169,-0.2739428040580143,0.386958446593262,1.4097649482998134,0.09182598702980475,2.820498280303699,1.2059596895344005,1.8848946011026717,2.550436038439739,2.0307168441254766
2006-05-07,-0.35213850128043545,-1.8236795956578173,-0.20588680567642076,1.8629111914625975,0.7522324652098983,-1.7119604794778902,0.7132359503830498,0.7797675384089465,0.005682158129694752,0.47566554671983363,1.260676609247401,1.2002044748571485,2.1895846406949904,0.4404833964723623,0.7421191903595991,1.362719822405068,-0.408659727210332,2.0307168441254766,1.7160704814695158
2006-05-08,-0.025453071944412726,-1.8536748792470055,0.638987792639859,1.9292937842057287,0.8060503261865899,1.1742427151413597,1.3114899113282628,-1.1803807823235657,-0.2357884355679632,0.3011182403072757,1.3102524265865885,0.58961700184007,1.6794037919604958,0.8780937248545121,0.43713675539804553,1.3438445564395332,-1.3585831047585577,1.7160704814695158,1.884757502868558
2006-05-09,0.015571204737114312,-1.5226236076511352,0.0335587565097866,1.7717270536097889,0.832442974250111,2.322962598398566,-0.7433036670008835,1.4363287472857902,0.03709769270999398,0.2805758325867835,1.2129594727849176,0.6321615181898922,0.9307233149750006,-0.20761818704900648,1.1545462604391659,1.5661228358139434,0.14454553601111927,1.884757502868558,0.5193272630351761
2006-05-10,0.04929031793006132,-0.6874343956307629,-0.651734649198307,1.7674158824980153,0.900635052008894,1.0201996327122609,-1.0350234944552974,-1.1869835567930251,0.41768405075593723,0.5928314325459161,1.3638082215033582,1.0758531531258655,0.8584518023048076,-1.60384744505799,2.584987008559711,1.887023999134143,-1.251167034862379,0.5193272630351761,1.0489657619717347
2006-05-11,0.4126695548475593,0.20484580901867844,-0.6748312714114969,1.7448314903930708,0.948255233737476,-1.9542558916849628,1.2357228312422461,0.027026954347238747,1.1611868683535518,0.2637237338047311,0.9361531564079023,0.6921189925617879,0.6034613336039533,-0.5377868839366776,-0.7439131214724295,1.5849598230130033,0.6784787809944173,1.0489657619717347,3.2648665445615594
2006-05-12,-1.0754377085312459,0.9254475781392911,-0.04535975893926872,1.7462421492282842,0.9583836410967903,-1.7128781089639993,-0.2723570193721125,0.906517875711101,1.7713386291505429,-0.4291037962930769,0.33092198510163745,1.8846711025152578,1.704817794811635,1.084368142204099,1.0669014776710455,1.7225141437204863,2.6534089692866583,3.2648665445615594,2.2912150120468686
2006-05-13,0.7565707510507155,1.4577707628234307,0.8509282809885624,1.6865937984004522,0.9709545251692119,-0.5966922056305043,-1.069819186415319,-1.1252311016958627,1.8806080332959136,-0.7052339555029842,-0.0463892992799181,1.204362029876717,1.544457684205714,2.067970521103937,1.1019807134857238,1.8769652979542817,-3.3788451180336136,2.2912150120468686,2.002336075310589
2006-05-14,-0.6906791399991181,1.588498806123389,0.44933052603658785,1.5958143741110462,0.95538223838051,1.57222829459374,0.6027501778307536,0.8559128283566284,1.5200565875856578,-0.10243620412841314,0.42972059625215303,0.16980297641988312,1.742066525658775,2.667059390780762,-1.3426163094410795,1.8352729275455617,-0.9601375045680443,2.002336075310589,2.8996707293059645
2006-05-15,0.9604424843748508,1.6913541277707858,0.43065249693239654,1.45138568653943,0.8979105962361256,0.8815342824359114,1.074314921118939,-0.13513777953828238,0.6875434370653888,0.6051986846685864,-0.034765764068700085,-0.6121586853353455,2.1032034210705897,1.939457188908554,-0.14053494573300981,1.7476616946410002,2.395098830867168,2.8996707293059645,2.2285920305058085
2006-05-16,-0.9090543998588405,1.4954644633124174,0.8301776986019789,1.1252486367210268,0.7266067913699596,-0.33466093212341064,-0.4895988576916019,-0.9728316505075798,-0.4063682254828593,2.0518479224764996,-1.3737033491010575,-1.0185628962254225,1.5846214072583413,1.4713953974835696,-1.0260168231776112,1.6078968865370236,-2.4467244633225493,2.2285920305058085,2.196823345581282
2006-05-17,-0.9888997112798957,0.9144649674196459,-0.42878308149959543,0.8222816137851264,0.5788155836559257,-0.2219064481583708,-0.8237488416942933,1.1695044237698877,-0.47973375271386637,2.9686610018347426,-0.2438187165058762,0.36945654617057,1.7003317756923955,1.9705169770088835,0.7645232578631617,1.8785459392321937,0.4277043309627348,2.196823345581282,1.8126873902516958
2006-05-18,1.9074063684989029,0.18614610184335145,-1.3979677466603593,0.47880489653862995,0.4560945700448535,0.2583986294498561,0.6364671606620227,-0.2247619763496907,0.7462035011967949,1.7035332470929845,1.6214904443109548,1.7390166485415213,1.0898875263598846,2.309246837895784,0.5290766127210107,1.9855943971125065,0.09675481617507146,1.8126873902516958,2.780366073461727
2006-05-19,-1.756880150320193,-0.2806864228647809,-1.0780716406476414,0.025086413278095923,0.2731396041827399,-0.1395383756845698,-0.09800488281889774,-0.622081072074633,1.5568510871111214,0.23676485511864914,0.5430257752104768,-0.32931717253003445,1.4933556621458621,1.8355626523452369,-0.0612411311071497,1.507038669351007,2.049258454562633,2.780366073461727,1.9438333553337563
2006-05-20,0.8695207686109637,-0.5484426394621641,-0.45921366311269685,-0.42921594241031524,0.05740102277469252,-0.6034804926555302,-0.5554431515051224,1.0152638878850533,0.7169801125921754,-0.2552702179816451,-0.3671043842581871,-1.1227763966881843,1.1222228368333886,0.8417599418816374,-0.3699242353048229,1.261677227183934,-2.661336011705209,1.9438333553337563,1.676255957649491
2006-05-21,-0.8446078561098621,-0.69298391071901,1.2521361849096575,-0.90881660136416,-0.08631946040704211,-0.1931770054186679,0.11796979899715443,-0.7159100299935075,-0.04131955516097747,-0.7215486964115324,-0.4031744290989328,-0.7940222827872855,0.5583575964873276,-0.8147792450315647,-0.4200070859456424,1.0298239083874803,0.299752010416347,1.676255957649491,0.648328706856851
2006-05-22,1.3949027937958787,-0.7463828726815231,0.8145796012105382,-1.3219087892652375,-0.20830502471720538,0.3203484634282761,0.8190295281421048,-0.09836287885884408,-0.2872001433841727,-0.3811271774703519,-0.2520550158822148,0.13786204857832926,-0.05249195789043067,-0.6893147541557307,-1.4057960918495511,0.492334380395101,-1.3323560012980082,0.648328706856851,0.9705021593824268
2006-05-23,-0.9768981690547012,-0.6844441890862909,-0.37792609780851905,-1.5896554746085612,-0.30763418802055803,0.298972597731444,0.259831759589263,0.98378578961048,-0.7790179362201237,0.4559188453130129,-0.2926432790339485,1.6056481162895397,-0.8874758448744824,-1.4704586013543735,-1.980244016900494,-0.7088601576298006,0.25929233631527643,0.9705021593824268,-0.19459995132733962
2006-05-24,-1.1469586330183241,-0.4813748970761695,-0.9697946999842151,-1.7764311734327043,-0.4002468831003632,0.5087318352788786,-0.45881513350996966,-1.6692360948249527,-0.9131009298583198,0.06775624738777788,0.23868739051674695,1.6958886809683245,-0.9278943116836758,-1.4757524744615491,-1.3315420440772736,-0.8083941049994584,-1.0439191743873149,-0.19459995132733962,-0.4420985818832079
2006-05-25,1.4208821048596711,-0.2049568524702679,0.02210351331577274,-1.879216007816036,-0.48510579391847986,0.2980388100046244,-1.1982860203180405,1.9638692933031021,-0.551000200653265,-0.8409415136882952,0.22842492076160129,-0.5756073579463941,-0.8484795730072724,-0.2683564664252874,-0.9025246104933224,-1.049719761724552,-0.2902822343657565,-0.4420985818832079,-0.42913925079945725
2006-05-26,-1.1504043986332133,0.1534793704049862,1.737667696915801,-1.958378143672723,-0.5365627157588354,-0.4649821533134412,-0.4410299201383594,-1.787447480086776,-0.33660174145864197,-0.8599502114792406,0.16453422872845724,-1.291613745072397,-1.1470405743880239,-0.2187381346532111,0.14663676398919817,-1.1871351145464317,-0.10903525397547123,-0.42913925079945725,-0.8209982661636609
2006-05-27,-0.35089460789330995,0.5318579021851126,0.024419345563855367,-1.9553928443190964,-0.6202279753541127,-1.5232905682767763,1.6847512236864262,1.1822872773031181,-0.5130490196581744,-0.8062379290407566,-0.19382514924125063,-0.26625073650436226,-0.26820102106023735,1.574893017641974,-0.7659300794996999,-1.2412889362769965,-0.3992720671602178,-0.8209982661636609,-0.5763142434271916
2006-05-28,1.7812690863433935,0.8432571463962889,-0.35741729953629053,-1.9540672379694186,-0.7667426277594627,-0.4496683345733646,0.2863278784867554,-0.6099441051809074,-0.5411923906027151,-1.4080649978306956,0.8591170480612312,0.17911557900700692,0.6739924136994095,0.41657251151364644,-0.4637050778648792,-1.24119886942787,-0.060497633449764346,-0.5763142434271916,-0.44653076082258614
2006-05-29,-1.5828550964755523,0.874763772977961,0.3748311010221236,-1.9149596678989995,-0.7851179920647953,1.0877513803917869,-0.5659399795785853,0.42053007294546346,-0.14841371525806987,-1.6828655845228255,-0.2723909040108074,0.35486851818867654,1.0168789780438323,0.10461810343173926,-0.4941134848630596,-1.1596419592256013,0.6448579336834115,-0.44653076082258614,-0.3520229667047436
2006-05-30,-0.15177800815721287,0.5991684043508327,-0.7085973801480379,-1.8167307894102969,-0.8204612889179317,1.9116178293966697,-0.002131006765316621,-0.5048665172922139,0.15400402612529857,-0.780085036235103,-0.9345073822677986,-0.016165757032605425,1.7383496538813235,0.24050798469395984,0.554702973001477,-1.1953852692322284,0.2156388712342301,-0.3520229667047436,-0.5589807235374187
2006-05-31,1.5624803612972664,0.35146051866328987,1.2487156027328163,-1.6039100573329823,-0.896640143995824,-0.006825440587844175,0.19775316844136656,0.5332091723058561,0.5328076899217596,-0.9814312798807192,-0.19942406373276833,-0.09913289259466912,1.0191505209535223,-0.6699908794854088,-1.0654670932623975,-1.305174722973904,-0.475952138586057,-0.5589807235374187,0.05189875806500789
2006-06-01,-1.6613479419953443,0.1348155906157019,1.9978003697129025,-1.4562188247195822,-0.8657213546201371,-1.6044453176210287,-1.0234561423684605,-0.4086046363429443,0.4371463534241601,-1.3537737775455245,-1.0905810431057268,-0.9579559695313732,1.1473801204041023,-0.7322462060277679,-0.12611553017019644,-1.270260191538286,1.1234147280548257,0.05189875806500789,0.12485608058242174
2006-06-02,0.4986059054054233,-0.06061529338763981,-0.06437565825543648,-1.1986338130418757,-0.7344547547694552,-1.0337259559271055,-0.12724899955397484,0.1308183414739197,0.05572868026236743,-0.2626929845669334,-1.0267051513549432,-0.37168448834008566,2.2286248962477058,-0.3809727907678329,0.8688212625347073,-1.0868519071346536,0.19117408761281302,0.12485608058242174,0.5908845357223047
2006-06-03,-0.002951417445272651,-0.26941218519315874,-1.0471977671184964,-1.0390758331274637,-0.6934497296242778,0.38046866784985595,1.2760960807361907,0.2202755985581015,0.20757539792514929,0.4400600187205804,1.2612433541559342,0.15861815693911335,-0.5429807355945173,-0.044745089479408334,1.5973915882691767,-0.6939092033311219,0.44396001539411306,0.5908845357223047,0.24416588895137353
2006-06-04,0.617490757245903,-0.4167114631291858,-1.3585972411772391,-0.8107136614877483,-0.6053669733949669,1.0676493484147134,-0.02633425428631132,-0.3705445149486696,0.9332616866645789,0.6508735308975047,1.3365506158447216,0.7721302737973257,-0.9316386512405678,1.1203615827654987,0.861019235216833,-0.42215243411466574,-0.2998815935902967,0.24416588895137353,0.6945232390495726
2006-06-05,-0.9272204689431308,-0.581039820810995,-0.44326961023620726,-0.5521084961100249,-0.5067271249326675,0.497891843632553,-0.028770726783886952,0.29124339856559883,0.876729724807048,1.7746057014522847,0.9772925857707487,1.4732611417122865,0.8884047000324582,-0.7183536442054176,1.1932801762961345,-0.022577554372483617,0.36885795881485933,0.6945232390495726,1.4072739502217044
2006-06-06,0.13907527480271387,-0.5210570065057447,0.5834235929520929,-0.26739720112151366,-0.34631219735168367,-0.44217007983425966,-0.2993528765203931,-0.1206792787235255,0.8349182301113962,1.7814430273039161,1.563587873407941,2.0534627072594076,2.193458484670032,-1.50241619330345,0.9021923460972984,0.35861168266766313,1.698097527595552,1.4072739502217044,1.0157104804689208
2006-06-07,1.5400036711036762,-0.361071427275078,0.10804989852235755,0.026599833302302072,-0.21727957205511128,-0.42038632110343105,-0.17465180041484338,-0.03831649355025001,0.834510053594127,1.5611443532603413,1.4276930506058338,2.1547619469299737,0.9308250196486577,-0.7577331415648676,0.3986865839943101,0.49586780227867416,-0.9265017270574503,1.0157104804689208,0.826177265178296
2006-06-08,-1.1081018050724194,-0.27081775548372317,-0.08649580344783017,0.07130562201403848,-0.4543215947355824,0.008590759796679797,-0.2437520423700802,0.07891852918835769,0.5790591984626619,1.545762822369223,1.8855352186980712,0.38001901491691875,0.43559934685161555,0.5658655739049763,-0.2678467015187839,0.5063823843008507,-0.24916225476339893,0.826177265178296,2.041720444650024
2006-06-09,0.25699040730589945,-0.1636058334042551,-0.8960155986715995,0.21463952380945792,-0.4756726119665103,0.553899046504532,-0.14333027286661876,-0.33126567729830814,0.4824755182376437,1.5682949372626938,0.9193081437750424,-0.38349728355113116,-0.5216544214554492,0.9376951034986755,1.8380836450925544,1.0484553617413925,1.9496146150315063,2.041720444650024,1.6688630210964808
2006-06-10,1.5321574379761165,0.15728388732136322,-0.6205098151936494,0.406767544546732,-0.5126645119408118,-0.022526214929416286,0.6338543203279178,0.28454325276490744,0.8412022414130823,1.6938468427377735,-0.061513871949623294,0.00475697474415707,0.027929844761818375,-1.0602735048882164,1.639812488399081,1.401989868845185,-2.2367660268722074,1.6688630210964808,1.3025758700907863
2006-06-11,-2.794965163370058,-0.008711553996028904,-0.2646140183146611,0.5555235026618007,-0.43202384763569013,-0.5706757886175471,1.6229070467560263,0.08138369966437212,0.5575908815024272,1.4510523041277175,1.1929017465700757,-0.014891393517109575,0.5681084050857207,-0.42811887186638387,0.714802764703027,1.838579236889112,-1.4955690154792678,1.3025758700907863,0.9514163925646884
2006-06-12,1.567176595262137,-0.18545709577870642,0.2521206051198906,0.6582133184916648,-0.42980901772525665,0.12081049524282471,-0.3332484698662927,-0.6615956437219472,0.46455029005595,0.6881621423876773,1.0888905626064094,-0.9476963590284114,1.0194208001765874,0.35913382694931584,1.1899789056136159,1.9790104134426012,-0.39526468722254804,0.9514163925646884,1.51290290284636
2006-06-13,0.3796628053305507,-0.24299946871601405,0.47492563900337037,0.750037727769329,-0.4559405126617713,1.0023425680319942,-2.061755650866979,1.2065070939228375,-0.07089779357635412,0.2842536169583622,-0.7179695932556872,-1.594481197155641,1.1860681950831673,-1.5395034081709187,-0.8816316995896175,2.093002602064998,0.9092829394833432,1.51290290284636,1.3979997537215667
2006-06-14,-1.5905159366840125,-0.09624795185711471,0.5434013228132667,0.794817955123404,-0.4384483278742658,0.13462222580720778,0.7574347815683288,-1.5352077878964279,-0.8216248828411176,0.4112067667899741,-1.4562075819252176,-1.8399849971449778,0.1702824580352676,-1.0478241032295414,0.016877582978544595,2.021098619575705,-0.5469392826841677,1.3979997537215667,1.1866750858030772
2006-06-15,1.0089272136908707,0.14619824154444824,1.3777535961013339,0.8077835230010355,-0.4109153212699919,-1.1607245240005435,0.9084339848252014,1.3035110965495722,-0.7275501834422672,0.5643484518709044,-0.3882055022618564,1.0233813077771274,-0.38761098280861206,-0.21029971278696663,1.7185330686058224,2.026964700662413,-1.2240796849866706,1.1866750858030772,1.619234281809719
2006-06-16,-0.16273663368222674,0.4593012545182326,0.7925443496979437,0.6914570486313089,-0.45515097643450386,-0.9497989180050416,-0.21351102505614622,-0.5160783598534494,-0.22809934498390297,-1.0280735701511496,-0.16039062829632234,0.2626653495982447,0.35783132613686336,0.48943017261434707,0.9772553795735861,1.687885441297894,0.9957418573556701,1.619234281809719,1.395123738426208
2006-06-17,0.09101413830875348,0.6090273312670476,-0.6174635765082048,0.6562660239463461,-0.3798418837511065,0.9010531773407351,0.8969425348695332,-0.2811161460324222,0.6659834559129693,-1.0882894790720667,0.4376376626888396,-1.0373237580403274,0.3421912393307672,0.5568766699230786,0.5328475724604647,1.7029526610033356,-0.47322217029147556,1.395123738426208,0.8744049965905002
2006-06-18,-0.6976687439469801,0.4836985877750922,-0.015351237763147904,0.6067918314523985,-0.3378966605440497,1.182814181195691,-0.6482008354358306,0.6169603718592381,1.1124158515561358,-0.8310216067977649,0.6361837463252905,-0.9863514045286623,0.7215478240348254,0.33117450165315204,-0.5304953209003974,1.4776027661500388,-1.0026193175577764,0.8744049965905002,0.2112043398705205
2006-06-19,0.5217675280755703,0.17344448956362812,0.3199795937059248,0.4925311566863669,-0.4141831091453169,-0.3645296094688087,-0.37996128826213865,-0.2584848626778162,0.958111889492479,-0.48319611297629655,-0.9609077538943707,-1.3624853306488305,1.291240969946051,0.5453162318658556,0.4117050787729293,1.4180542964186582,-0.49011550320527897,0.2112043398705205,0.5606491454417624
2006-06-20,0.45975642266174294,-0.1846332650971101,-0.03140722907050685,0.4002569219836265,-0.3483958087963999,-1.003124240662193,0.5834584861796664,-0.9403213574849163,0.3790766920622183,-1.1545649588973401,-1.4899594294611602,-1.4086518804259591,1.2686903139321433,1.7259138801433016,0.26654244615181244,1.4609230698666766,0.27076161337699384,0.5606491454417624,1.146671739056448
2006-06-21,-1.0111259148724052,-0.5871923771693404,-0.2966136499039682,0.28279374896996495,-0.22748152694234258,-0.7681825590496912,-0.282412019709235,1.5557024077802195,0.03160905173963256,0.06312595441216395,-1.1479215604347381,0.3605703120024318,0.20254396372394373,-0.1406323349423142,0.02036153075472697,1.33102684311398,1.2867503021653781,1.146671739056448,0.8841508939325374
2006-06-22,1.2737669829690805,-0.9957937867674909,-1.200699935645423,0.15635308793227493,-0.1566371778727655,0.2781038042798005,-0.34225040372846277,-1.4830642999721284,-0.31676523754644453,0.6381432673396786,0.4619355030221078,0.24182064239780213,1.3201218357715132,-0.5354668995780735,1.1639039414793078,1.1351038488098681,-0.8872112414860942,0.8841508939325374,0.5694259705392563
2006-06-23,-1.389609831048575,-1.3182566644741378,-0.9527805468668082,0.029404518181462787,-0.0849413095597187,1.0446135313213063,0.08996591562814915,1.1564484051379624,0.027456838158396762,-0.2659906913190131,0.6723286059611591,-0.5511341942966251,0.8145656595713276,-0.7109296749697466,-0.6708756540267463,0.6650299585063466,0.1005598766747707,0.5694259705392563,0.12294389918843265
2006-06-24,-0.30190562293088496,-1.459468656756596,-1.0689616909397224,-0.16916375567230588,-0.03128327446719468,0.9105916817702682,0.22006891469104978,-0.6450689002808818,0.38543349195914545,-0.45960581492414865,-0.09149113380427136,-0.8451580975525748,-0.6338828393182304,-0.39412035206536483,-0.9133972550227173,0.4101898818881495,-1.112999726019095,0.12294389918843265,0.17907220294677503
2006-06-25,1.8093723545334661,-1.0703395784447016,-0.046031802059469946,-0.2673654207831863,0.037780694534613246,-0.3823365841335385,0.6597380804750811,0.08223552763089714,0.6472708282922657,-0.03875883751920038,-0.12367189449699059,-0.39377576776949486,-0.8240498673117987,-0.0168730313555879,-1.1985197948750688,0.0024407966397970338,0.08128103988073311,0.17907220294677503,-0.18527623070398544
2006-06-26,-2.1766413302356185,-0.3759953465334356,1.9922914886819334,-0.3477210199077753,0.10618401852539308,-1.3455824838522281,-0.6080035156004087,0.1759848466208412,0.8424903561399942,0.49854174550546687,-0.6250316844999205,-0.3050836062041358,0.3735622616624783,0.8222688105377595,-0.8107083763668702,-0.17171212672551903,-0.4620717682540478,-0.18527623070398544,0.02037174650298922
2006-06-27,0.05985099175938351,0.18683631840117818,0.33394023679249996,-0.4565014220805699,0.19151441273610045,-0.20052442926264127,-0.4479306803636261,-0.03652549448638972,0.19985790033089315,-0.08630145208489665,0.29296480260187474,-0.04271515793281412,1.063516051617631,1.5145910686777355,-0.0630578937979278,-0.1790326112982049,0.35146665713343483,0.02037174650298922,0.09426640638171181
2006-06-28,1.1656118505396944,0.540396890738973,-1.5278565918749256,-0.49481002450183514,0.2576391759134774,0.6955621538359912,0.7371011746244905,-0.25137749896909606,-0.45172534960636673,-0.5608541698836624,0.6801594839772113,0.0312583092496498,-0.011794071925146312,0.12260847829411618,-0.30099054897974087,-0.3885775857662881,0.12210898703579222,0.09426640638171181,0.7101012444301809
2006-06-29,-0.7583728407954033,0.6856226872160613,-0.7477680430419005,-0.5021343682930424,0.35863465812906314,0.4076371201994774,-0.8773170856757392,0.5011764050000326,-0.27039896612565795,-1.0821201789871417,0.5843856587015164,-0.08268758885293974,-0.009578398778017878,0.4159238162389485,0.3306768484441784,-0.4689016654422329,1.2632137676468964,0.7101012444301809,0.3848503503662627
2006-06-30,-0.4697963370913752,0.6482109703377317,0.48206639085636244,-0.44805531519311437,0.45055034948026046,-0.10680370578557542,-0.37479115614437347,-0.5082706426603749,0.06535714917537905,-1.043080168621861,-1.1142894226780786,-1.668159250829819,-0.22111079356302213,1.0357985571386659,-1.6604369484291692,-0.7610273935758363,-0.47389714402117633,0.3848503503662627,0.2730515573525721
2006-07-01,0.6984114482832909,0.42695029521446115,2.261902356189786,-0.4206417198873349,0.4922509659389817,-0.06844093215268288,0.9367942549359061,0.039963287025817175,-0.4611890366379124,0.6405113276820804,-1.5797475766810636,-1.04377848860013,-0.5370904132062186,0.22545061716556067,-2.2528710365808657,-0.9056062880249649,-0.2903726363551187,0.2730515573525721,-0.22371192267088646
2006-07-02,-0.35289426822771097,0.04765403737528627,1.9565702533045213,-0.4529225026667299,0.5105436378524135,-0.16334550829244848,0.6609961703836743,0.4278753082303108,-2.099540001883386,-0.028626450561187036,-0.8562310420883559,-0.8225720611684846,-1.8182389008552662,0.7900773788680527,-1.8624304492719366,-1.219398979128571,-1.2136759120241822,-0.22371192267088646,0.15831279065648074
2006-07-03,0.31803191305118583,-0.34546809894963654,-0.3702340522993033,-0.38732107662128334,0.5430750584738624,-0.11860859668293873,-0.6038637497697877,-0.44996117507550865,-1.9714730298246463,0.006096948536822763,-0.4132163754827116,0.47435671645315364,-1.4154210516110666,0.02636506112806308,-1.308730576601583,-1.3501512467071064,1.0015158280464453,0.15831279065648074,0.06407798581381624
2006-07-04,-0.16581745222574507,-0.49159853664654746,-1.0142347724556111,-0.4030432949799174,0.371508218190977,0.001741170542860817,-0.3857545010463005,0.03832266099205994,-0.5289902649004588,0.4083189746572152,0.4886113845057631,0.9184971361760784,-1.0976581727646877,-0.08603109581155188,-0.3480885411976693,-1.382235463638869,-0.2612793245205783,0.06407798581381624,-0.13444899619946094
2006-07-05,-0.24726719802279498,-0.5173246766885023,-1.1279367365386703,-0.3432098591825782,0.2834274169235868,0.008246536129801377,-1.484215686840934,0.5534609780296296,0.6017553105310516,2.1851511810493833,1.519579693201904,-0.31438266004918203,-1.2009266410107504,0.4951245011892401,0.9061220306394608,-1.2473561805470235,-0.349348505021341,-0.13444899619946094,-0.004272582829286205
2006-07-06,0.33005116630214554,-0.3302737953843302,-0.7528854878430633,-0.22712831631730657,0.2408428321829719,-0.06269560523348205,0.03189239336322776,-1.1207942517342806,-0.6701964132335368,2.4256356283714946,1.1939412669752927,0.6320588861836909,-0.8117002108472479,1.6922577267004844,0.6317636252235214,-1.1386675485589441,0.19674697432050772,-0.004272582829286205,-0.13624567915178099
2006-07-07,-0.4271855581738795,0.19484447909770602,-0.06361268227325505,-0.10084317890374904,0.19192475712713683,0.33324729408421566,2.13771617328423,1.453265170990892,-1.3368096246483585,0.09451804205718817,-0.2310140439881082,1.5794529706690998,-0.11644442446947932,1.94049046044648,0.29575524250185864,-0.9813782647936327,-0.29427044164985994,-0.13624567915178099,-0.09078603754434127
2006-07-08,0.3896236900867771,0.6665907548760356,0.5976676504440992,-0.011127627008579529,0.10701011745018732,0.36380643808945784,-0.9287648407982827,-1.4592183742831808,-0.9619547367121817,-0.03064412483938951,-0.44695399396834234,0.10814357584977595,0.41846489915616353,-0.0962191061352425,-0.18031267570029422,-0.8701660355529317,0.18791529500549786,-0.09078603754434127,0.04425919689353526
2006-07-09,-0.08061381286398009,0.978139567350981,-0.03591637386311628,0.1319475622487077,0.05813635539379559,-0.27474842990723103,-0.610741209427597,0.9157189786670553,-0.8178888283191796,0.34208018940945734,0.9401691640311998,1.3328419752028016,1.3678847338265963,-0.5458742423956149,-0.5211955348553304,-0.8486254759035867,0.39586751009098076,0.04425919689353526,-0.28762509526933866
2006-07-10,-0.336961561918921,1.1167694129665526,-0.021565619441287057,1.4046030526565767,0.1134266797574479,-0.4638401337654461,1.2441947269930334,-0.11321614171808599,0.29139295345462884,-0.36521093716021574,1.4717648626217388,0.9374910432073857,0.2962717662813163,-0.9416536825519292,-1.2765340200385884,-0.9947690507076883,-0.8985000326860251,-0.28762509526933866,-0.3984600998391572
2006-07-11,-0.8970017521665644,0.9683841705874716,-0.9848821410555095,1.3331490957964256,0.05011123834752947,0.39906982775593225,-0.1071144014183531,-0.47648081231709966,0.050786005036876435,-0.022744834660804795,0.9412783726151642,-1.4648171779666266,-0.09569339906566816,-1.3183873970687134,-0.8865652663575272,-1.0705329898095628,-0.14708485599723156,-0.3984600998391572,-0.2988800306031006
2006-07-12,2.2223601511469866,0.27258915448436233,-0.9871542608348843,1.0944264420660328,-0.012122084661809734,0.37061920880061233,-0.8493292538490251,0.8510227525758434,-1.1566466788586467,-0.7138113709631837,0.398763070502873,-0.8032288763773121,0.5487628063238518,-1.2951208382508108,0.7173461000078464,-0.9679903190556826,0.0385289632953635,-0.2988800306031006,-0.4305747327946823
2006-07-13,-0.5638269364430585,-0.5197833530236204,0.38285379558839794,0.8986386922166342,-0.20137215787605817,-0.8115259783989514,-0.9215778242993365,-0.8299039280443449,-1.4579532534895197,-1.2230260989799682,-0.325285207392895,1.0577537153566492,0.568659151538855,0.18324982169007203,-0.6289379050900922,-0.8263135419793289,-0.5295353567225636,-0.4305747327946823,-0.2400628497829146
2006-07-14,-1.669357022914281,-1.0788590408467822,-0.7868335639235379,0.6876413936104545,-0.2775696513127509,-0.8580955176166749,1.3386665845840986,0.45964214065763725,-0.627262234364295,-0.20153706452809844,-0.22051498039428227,2.236468863120406,0.23994887442834642,0.5547244312443558,-0.29123425727443736,-0.5596401248023424,1.2071444834256522,-0.2400628497829146,-0.28586639699438293
2006-07-15,2.4186625061346003,-1.5206963903514303,-1.2044440896627706,0.3301108402159141,-0.43660781159355466,0.9856583387296449,0.9846842324370999,0.030455564540719463,-0.28922776903661945,1.0498337100327682,1.8176942061548378,0.5373325883505272,-0.43542407583479814,-0.24476932419523517,-0.4409183624945335,-0.33290662393452664,-0.038717479064996334,-0.28586639699438293,0.0016424748868583447
2006-07-16,-1.0575538585932294,-1.7432526832905009,0.388989565528401,0.036538345492543874,-0.4834743930599308,1.1440589146254165,-1.8786494687428004,-0.34579976100792004,-0.39075523706736964,0.5998357799391426,0.35162424813777793,-0.4438771812035128,-0.8504735132235137,-0.4777120836301662,0.5945361764242278,-0.04809485836604937,0.4971294324367064,0.0016424748868583447,-0.22521794142685705
2006-07-17,-0.611738387106547,-1.7038503311771245,0.47538570294652444,-0.2837955907693412,-0.5186833196749309,-0.08377550604545689,0.20529576524135482,0.38296541105893356,-0.9733662355240629,0.7536967962243648,-0.36320930280606967,-0.4741739968036632,-1.3294113543152917,1.6466177108937925,0.23443535581548536,0.035902384290430654,-0.46113098246399925,-0.22521794142685705,-0.18279278405867877
2006-07-18,1.586751556271281,-1.3398093579200379,0.8683568860240644,-0.5893061042083291,-0.5237418521032123,-1.3430570095392917,1.5091715994800343,-0.18857304099060898,-0.4467315943951963,-0.09146934252698591,0.2108627266569299,2.6517428540188606,-1.4789137707616433,0.7954992979569874,-0.00443838700888546,-0.16727218068959143,0.29520286627997216,-0.18279278405867877,-0.013572798851318886
2006-07-19,-1.1115345119450362,-0.8521623664533586,1.452919283902083,-1.2896269384946053,-0.6603188997783196,-0.6572334711450705,0.16776904158215486,-0.0675371282492371,0.08383965859374175,0.7133886745180368,1.3287659718261267,1.0304457479257128,-0.16548073229753008,0.4108117032886581,0.6101704189819576,-0.16454636900341318,0.3404749530555356,-0.013572798851318886,0.04947245405245922
2006-07-20,-0.9827323811017615,-0.46865582165357683,0.6382071233019424,-1.597471774601137,-0.6411710636988699,0.6431458047712943,-0.6758642155416755,0.2020046418915207,-0.05620166326169038,1.4839183944939782,1.1902687687798954,-0.30716140706841893,0.42998983828128395,1.162580505336588,0.37213849959064293,-0.1469545517449545,0.17365958977341062,0.04947245405245922,0.22959420954719592
2006-07-21,2.346533120778208,-0.13242945889056595,1.1414883171882078,-1.6788260849433891,-0.6103334299424519,0.7775817074698766,-1.095137502087525,-0.1460969335686018,-0.4255688073995498,-0.0824562944315433,0.6885069528095166,-1.0544994241000216,-0.27521431006269315,2.0809184799431506,-0.44268819325887354,-0.18342062256431138,0.5572836265678696,0.22959420954719592,0.010888066159816401
2006-07-22,-1.5296853770309027,0.12529240963941995,-0.22273492224368668,-1.7909244837261746,-0.5457142941190087,0.32535401330941827,-0.10672165244494748,-0.04263467833659047,-0.11311442071996092,-0.69953223845665,0.23940008711194014,0.5848973851378647,-0.4445322359277529,1.3598904058585746,0.09484753139622767,-0.09035812719071563,-0.8420417169106474,0.010888066159816401,-0.20439739350416927
2006-07-23,1.0840977113059755,0.328836152072135,-0.36405955189331957,-1.8580212266602034,-0.4715830592815465,-0.34014308051539605,0.6647024495764752,0.3114110445153469,0.17089809606104095,0.8344499674889607,0.18296374644822794,1.2414112355103921,0.8780423606713145,0.20083655108452864,-0.05699664590968457,0.07477744729399725,-0.3839188020113348,-0.20439739350416927,-0.321141796087501
2006-07-24,-1.9205350458456474,0.49406741134514737,0.43573027414314164,-1.897119313191579,-0.38383927851843347,-0.29151848949925496,0.9196951540440763,-0.5212407446650783,-0.3095705506696963,-0.370915518329268,1.500408192394107,0.4628320543384282,1.2261561390413356,-0.6652322136571183,0.8263594619257678,0.2730359158942968,-0.2915032104290798,-0.321141796087501,-0.42684776737703123
2006-07-25,1.8491444083308113,0.4227316495935982,0.39552378124818965,-1.8891207816076525,-0.2827803371231392,-0.1318517565106065,0.5666253952026423,0.3805785433909897,-0.7854906494089392,-2.2437459288467956,0.8529200651834679,-0.8470180672811275,0.44953463303507385,-0.3995720546037303,-0.21528593730080495,0.15843138384812375,-0.5254584697066543,-0.42684776737703123,-0.4729002531214757
2006-07-26,-0.6056886139081431,0.3486772172348371,0.9537325616466016,-1.8732760241993964,-0.16722140193656201,-0.1317318459132606,-1.624068096963582,0.010303836421852222,0.6876245466041455,-1.4375130317992797,0.4292702638373675,0.6984647480161006,-0.2665148783828349,-1.3482009763261285,0.6659797623388156,0.33110453122181416,0.23425080522598954,-0.4729002531214757,-0.639469720016998
2006-07-27,-0.14222770842456445,0.24701244354965807,0.5691466502862678,-1.8151337758194928,-0.03915171049080135,0.1598032198582913,-0.10014158130966569,-0.4686434414138574,1.5982596843997425,-0.4668330856841484,0.35619749974723863,1.8371699740906717,-0.8033552906902891,-1.3758564604482948,0.7454621901780325,0.46500360197314694,-0.34053696306846915,-0.639469720016998,-0.40916521444938375
2006-07-28,-0.6177362091944635,0.15919827856127217,-2.2051454607659915,-1.7130041277314205,0.09920379209409329,0.4470518764323063,1.5091013735074457,0.9275599239557367,1.8810872073200444,-0.6866425851582794,1.8836569560714858,0.9791305646376083,0.486202494861767,-0.8128176490509686,0.8098658725839646,0.6078747435497678,0.01585993749522276,-0.40916521444938375,-0.36739732083665505
2006-07-29,1.0080343244284005,0.03928878705853549,-2.236191547735632,-1.5793880076628717,0.20076973971450246,-0.3288688462241852,-1.506891709809749,-1.369467580767229,1.1158643166708828,-1.3608786117269054,1.8368374248952224,0.051708647894755926,0.7380557392861887,-1.2656708219055608,1.5894257206269087,0.8746749238982486,0.03772517243719805,-0.36739732083665505,-0.07889813995703664
2006-07-30,0.22336826266376647,-0.0409039828613512,-0.9504389924889431,-1.3754007697665893,0.33792216177485696,-0.6798331074166252,0.0493176280407763,1.8225658741471902,0.7874254717546642,1.1804777193265632,-0.6427920637165868,0.2168627177255477,0.4369560114164867,-1.2030293922959558,-0.4942933742659969,0.7863965876892036,0.6646155521907535,-0.07889813995703664,-0.1874121976191649
2006-07-31,-1.7665922551247004,0.006733977937610432,-0.8010391130309169,-1.0010907822212005,0.4292922056806485,0.5924398026027428,2.070299531700818,-2.3525679736078473,1.3378250367300757,1.83679511790309,-0.9659995729963021,-1.1781280681003334,0.10164993883602906,0.024124198007274368,-0.9695058668372883,0.5848008518145444,-0.2654438524605044,-0.1874121976191649,-0.1439111753290438
2006-08-01,2.2106576279843098,0.09513174230366865,0.01587961497975812,-0.7101130300443855,0.42918667835810465,1.4143621075067365,0.3312322745552729,2.851169939065942,0.9506677952874384,1.2238558900608576,-0.586690976524067,-1.0359394092456684,1.0769200933939795,0.5657885227443551,-1.287087541552725,0.23973328975500913,0.053334646748075774,-0.1439111753290438,-0.7442098301555802
2006-08-02,-1.0114386833344633,0.42231844637026555,1.667098627755772,-0.4194687462846446,0.5249654383104705,-0.5609355672954645,-2.275513851269568,-2.6504732839542546,-0.4313524671560535,0.5573663418159298,-0.006037473916633528,-1.2085710909630754,0.6380694228105297,-1.0310421077308116,-0.7748161512226396,0.07473495605910631,-1.4372478738492138,-0.7442098301555802,-0.511916156390604
2006-08-03,-0.42375213209017226,0.6196829225741508,0.8558845323087766,-0.15277538078722483,0.6769812271613823,-1.6124905179752442,-0.733980128834891,1.9696162205616567,-1.2940898910367746,0.45467838277852773,-0.7230307841768687,-0.6807283848491299,-0.4721938068918868,-0.5801024966701753,-1.6158786702704588,-0.1065246273527724,0.21657124114908133,-0.511916156390604,-0.1429428409051972
2006-08-04,2.051769161784872,0.8248949079381543,0.35581066661068633,0.10343758775409362,0.7164011972809,-0.09048987240869417,2.2658247994919334,-1.1454883713982442,-0.07578468593209754,-0.19846526437491233,-0.3385760302157988,0.26125790108808256,-1.470733969463443,0.7756433050695793,-1.3299487200435136,-0.3309435563833748,1.3209630675007404,-0.1429428409051972,-0.7151052964115975
2006-08-05,-2.4825521522405958,0.9005525900551152,0.867064116777606,0.3583383493462687,0.7775458458693705,1.2225320453236965,-0.28905665544681536,0.19801691759255277,0.6851811169580923,-0.28502445103342156,-1.14675269150303,-1.779024431503977,-0.3603337977376307,0.41562382094636835,-1.53930859082903,-0.47219141494770733,-1.449079199111516,-0.7151052964115975,-0.8184887250311529
2006-08-06,1.2530558434389278,0.9035812687276894,0.3001549499447005,0.6360907800914833,0.7997671889582293,0.7520228374410866,-0.11728583555467945,0.49308672304086676,0.3264636765821162,-0.5757132410441993,-0.4613074136811862,-1.5098329199716631,0.9500549336583191,0.20699542888254557,-1.0662753264483489,-0.6737659556383734,0.3535044697901026,-0.8184887250311529,-0.8589286335677969
2006-08-07,-0.27758162295036026,0.8453269919790513,0.2315664469207774,0.8429976656128493,0.8106187277661785,-0.3153335720321766,-0.3738167809710225,-0.535440367408233,-0.3708528419954211,-0.9317602439738155,-1.2895157674988418,-1.0136065334807463,0.9598284682684383,0.04510481405435575,-0.9599627874824201,-0.7892949636319789,-0.08879052257612996,-0.8589286335677969,-0.35053626581243397
2006-08-08,0.20981250055989517,0.6322845657480738,0.6724778575847182,1.0296607328996525,0.8052293416465885,-0.4747846214234387,-0.901648484927124,0.36651106073419054,-0.43022502631476817,-1.224280271887238,-1.5674104493299632,-1.5954515708760593,1.474449994500638,-0.4638013016021717,-0.2277887067363192,-0.8790912316394734,0.798559334282924,-0.35053626581243397,-0.5813113043216468
2006-08-09,-1.3914111836660346,0.42765374070886886,0.06654204038167692,1.2279990094542925,0.9614187114748989,-0.5198591206016767,0.9927780014006929,-0.2588191324817127,-1.1732765893784816,-1.3999307499055778,-0.7737588022199328,-0.6152338962060631,0.8866258304817145,-0.6565958129861341,-0.5899130786956142,-1.1261329973212877,-0.5918115100955853,-0.5813113043216468,-0.9882697306263557
2006-08-10,1.1988112856390492,0.13503727142990063,0.12752631577103207,1.3419773691051455,0.9106724954714482,-0.020650774130803608,0.06903573556608288,0.24631727495211495,-0.9627997055126769,-1.2115104721809908,-0.5340248104914264,-0.54308182962312,0.7642424959318422,-1.0972388009527936,-0.7705454108747125,-1.3615788736454666,-0.433679451140958,-0.9882697306263557,-0.9675516415139163
2006-08-11,-1.0150585176645737,-0.12144074631560692,-0.3622486951130979,-0.7852075805575432,-0.6041909789114971,0.5706847728328435,-0.7397115061066616,-0.3875291077206256,-1.087085763258293,-0.14434370114274223,-1.213235217550147,-1.6209830051195695,1.7784074179124945,-0.826433009880215,-1.2733498852322125,-1.8685251105154215,0.022341568122936136,-0.9675516415139163,-0.7515855493305851
2006-08-12,-0.5453219734811726,-0.13033531498033502,-0.6018275904701663,-0.7614459661514285,-0.6531899576981511,0.0774634554479263,-0.9662554196496106,0.7702740232964149,-1.6464749209310212,1.193347537410266,-0.4906218546567342,-0.09985592729112672,0.4721570252783541,-1.0159902565794732,-0.35554280634017,-1.8511591525982842,0.22801872208467905,-0.7515855493305851,-0.7555372901980547
2006-08-13,1.3029386691161582,0.8165743601947149,-1.0340445781594487,-0.6754890626939362,-0.5620293426813664,-0.8802107101178762,1.5456202185039287,-1.1638163633467924,-1.8266289477593423,-0.38972521396473736,1.3928055626312865,0.760314824167107,-0.9872964855549649,-0.5761062669671706,-0.6051597835743514,-1.6948815329186893,0.13147259940784584,-0.7555372901980547,-0.8447934248011834
2006-08-14,-1.4253356181970533,1.0600612124920799,0.6560446559329005,-0.6521280591056801,-0.48114013960444435,-0.44845295173097227,0.930056656115069,0.7976481705873976,-0.5276691075560339,-1.6831764246958114,0.019234486592530926,-0.5806815711598476,-1.2566578351766413,0.8794348043234455,-0.882687271632498,-1.611584334250449,-0.3823811787731845,-0.8447934248011834,-1.0937799966794206
2006-08-15,0.09095011793580823,1.1957555981720358,2.666160645211683,-0.535036405525633,-0.4370277407948825,0.875694128719319,-1.442694221802579,-0.39478316171259736,0.16493054097558676,-2.0029515466338177,-0.8039463525405678,-1.6964460479338652,-0.23423585337319794,-0.0877535260967361,-1.2802578299982066,-1.6423484070874637,-0.4870423403203223,-1.0937799966794206,-1.1813354726291811
2006-08-16,1.2787167999799105,1.0855429920180921,0.3685852304575738,-0.411681283087973,-0.36613311410748073,0.7987943732427543,-1.0088052479705047,0.08761169848712363,0.19638970583460025,-1.4662345065549287,-0.2627671913238059,-1.7296627962618134,0.40217481211156125,-1.2767736853598826,-0.5320325082946055,-1.5618552784505695,0.06284270617734945,-1.1813354726291811,-0.8178995159261947
2006-08-17,-0.785000090545016,0.6146663637122547,0.022947051469262836,-0.25818369554712245,-0.30611770600229304,-0.5976832188653477,1.1878518131259737,0.07933859961354167,0.17979486088382912,0.20293477350175704,-0.597798128442699,1.0253130744364884,0.6382874392068103,-1.327498668123711,0.4966653636910235,-1.3398160185870431,1.3123902309329836,-0.8178995159261947,-0.5514460233612264
2006-08-18,-0.6888021366841198,-0.02002872798687256,-0.6877703478797041,-0.09940537459579216,-0.23738905453136142,-0.9915662556379669,0.4698146025203945,-0.06886315462266428,0.01155582004463483,0.3831953723793948,-0.318530120245824,0.6015034023763474,-0.7833280466211252,-0.05988164481860937,0.8936557907411308,-1.0833966759723512,0.6664418354667428,-0.5514460233612264,-0.5588500900694431
2006-08-19,0.645790675753405,-0.40438971190809875,-1.655453083145558,0.04971189634901172,-0.2003850856809115,0.34134706476598575,-0.5012033467245125,-0.1115281103969645,-0.011750841907792804,0.5857625537141965,0.8474118419629126,0.37406371381967174,0.44374914527732284,0.17857867807391767,0.3938230354750265,-0.8907192374121784,-0.3043714920410319,-0.5588500900694431,-0.43516615233387884
2006-08-20,0.33841713681451024,-0.5255360087887633,0.046237858424068856,0.22335647472850276,-0.1524854649997592,0.5613249172692428,1.157443180575448,0.32681593082474514,0.3309187254220213,0.7269811563935407,0.8560372846416833,-0.14126800836609693,0.6133734223690424,0.9548342096213721,-0.19306741218519416,-0.7789854092754002,0.584748781134314,-0.43516615233387884,-0.5728447587948733
2006-08-21,-1.2574557835278393,-0.4970696698950135,0.24845442008110594,0.39067264468302065,-0.06773609804692131,-0.24765512891913377,-0.8900282175448472,-0.5925118450779215,-0.005118810916999543,1.1639513208282035,-0.002013781848104566,-0.1521790233445479,-0.5370500452499812,-0.08395066836355863,0.30156713132406926,-0.7189273328984781,-0.46893003563861674,-0.5728447587948733,-0.8765514199924423
2006-08-22,0.4440329157088442,-0.33659525712578,-1.2235122095854685,0.5328913590608275,0.0887497160308533,-0.27096042696360656,-0.8774296092805993,0.8165547873422562,-0.8005628088525363,0.24478637925610527,0.5715520182230398,-1.2731867611955128,-0.32521322233180805,0.1198946898645086,0.5676956752178812,-0.5347497969441461,-0.17449228519472545,-0.8765514199924423,-0.5680258887508831
2006-08-23,0.7438691164995408,-0.09127272327349902,0.8166982651139246,0.6976847130298125,0.18141476953894548,0.5327861016958576,-0.04370091191678379,-0.8964861704925329,-0.9272181558884668,-0.43272571229418644,-0.20328713907246374,-1.2140985782728961,-0.1498823745066545,-1.0393349950860271,-1.5928313654081743,-0.5551638018454893,0.45150962948028917,-0.5680258887508831,-0.7594274434562651
2006-08-24,-1.1359688673840054,0.1944143368064853,1.2813461275501656,0.8601225554783376,0.26219185473031353,0.39889614919573996,0.9741424931861344,0.8634804354970008,-1.0977752040036128,0.43199860087377717,-1.9265015599867206,-0.7913055812474656,0.02802798351929308,-0.17599493720271125,-0.733157677128346,-0.49662505886558295,-0.4218586883872891,-0.7594274434562651,-0.4090239751176262
2006-08-25,1.0368036340037072,0.2960006714692122,0.10970710412245739,1.02876377732263,0.3621147039909055,-0.8332608972533728,1.7377524032338725,-0.9201482393796048,-1.1231411541258844,-0.7069289649002625,-0.1377234625086097,0.611910046868791,2.059524144944263,-0.8221126039009392,-0.2644071749081484,-0.4804240705674042,0.6551699380069819,-0.4090239751176262,-0.4205093538573219
2006-08-26,-1.0690215552539373,0.13889548968318668,0.7760607804034837,1.1858907914382388,0.4650021296537926,-1.1760605640996902,-1.6481921149602654,0.8736910690273225,-0.7883593892017972,-1.5743118608917201,0.014997635734452185,0.39167157428153804,1.9904829273639448,-0.46937925788063156,0.8838392543935257,-0.33553835235280655,0.10116295251904503,-0.4205093538573219,0.6070214300338249
2006-08-27,1.0809770082257555,-0.23135778284141126,0.24667961487310325,1.3292938995803563,0.5357844382116324,0.4552967182356399,-1.647338598720798,-0.42611537298491664,0.3591394496276463,0.5781198125352965,2.284965834664657,0.28344325587870384,1.677098723807376,0.42910482338030703,1.784802129000399,0.021598195231388995,1.3535670732203973,0.6070214300338249,0.08067283252731623
2006-08-28,-1.323655878192875,-0.6283954629789552,-1.1211974368343693,1.4398421245459168,0.6337845349276944,1.6786709598264018,1.5406872746239164,-0.7633712909966462,1.3214418254893634,0.7911637609377076,1.2023416197711556,-0.9616308672775923,1.4427131497815702,0.4482127655443991,-0.4854118169982796,0.23953875636959304,-1.6171056936556423,0.08067283252731623,-0.24197129003792706
2006-08-29,1.8741867140486927,-0.8890386505307972,-1.6911756204352828,1.51668004599931,0.7110562830755146,0.7348190522848316,1.8500748096964141,1.7885847172013252,1.0230589753036876,0.38009647352573933,0.20956349710150465,-0.9486371558406578,-0.09857077339691334,-1.2055439354056552,-1.0875957405271568,0.1904441443979614,-0.3791567136556631,-0.24197129003792706,0.7158604330665043
2006-08-30,-1.5996419642606416,-1.070083116567403,-1.613310131139929,1.4660037540008688,0.7623619631332504,-1.311968790430136,-0.9201098657087171,-1.921329811223325,0.5742149038750898,-0.15499048245404054,-1.0694796596779697,-0.7861569004482911,-0.4075268947011213,-1.4420857864537715,0.05581096022522459,0.12232670208779184,1.1203664405316427,0.7158604330665043,-0.52099587490241
2006-08-31,0.9656541803100105,-0.9642415082474569,0.833024588106989,1.4700536042208945,0.7771388607237137,-1.5441434600905015,-0.6158629476512747,1.8270445448158648,-0.14022582360969246,0.2590804590282257,-0.3295929004048593,0.4696883961597468,0.6147033325736386,-0.7315472683045676,0.2037802465472071,0.03913735338144031,-1.02990844566305,-0.52099587490241,-0.5117131501602532
2006-09-01,-0.32121879885743987,-0.5513432067477667,2.0409915813211748,1.4318704769376076,0.794884597497806,0.3497243221879826,-0.2562994441282684,-1.6601174239840057,-0.2017427462557919,0.13198648117737788,-0.1939920365405663,-0.24406055845254274,0.5394534365711235,0.6001427274026357,-0.6416332966554744,-0.10106859091734686,-0.11464766084896572,-0.5117131501602532,-0.5815689594390737
2006-09-02,0.23109849010337474,0.08202538256396866,1.4100294707958951,1.340928214526581,0.7700294871224924,1.1898203691527531,-0.6579305727903363,1.3176704088839342,-0.1698274464908238,-0.5244034458191535,-0.3093290567066732,-1.0039701384465518,-0.4997775627642273,-0.09933381998154146,-0.1081504964038539,-0.0884033704952653,-0.36940442275056234,-0.5815689594390737,-0.6022195106339873
2006-09-03,-0.30731781210619946,0.7015968160668422,1.1255517587507151,1.2122629393075446,0.7145455618559206,0.7101676629671602,0.7512910581312222,-0.5112172330374442,-0.16516207222397739,-1.4561320244715914,0.9002625451330385,0.036657198938574664,-0.2851838785697439,-0.8197631959825945,-0.7006663504452619,-0.22514064643645443,0.016710612586791282,-0.6022195106339873,-0.7240416293975028
2006-09-04,0.08086354723851137,1.2301982191673657,-1.122970944492306,0.973438856751976,0.6315775064044077,-0.5129365651064726,0.1724559389900098,-0.6543154592626008,-0.21421425797486696,-1.1710254488232639,0.1652828273095198,0.29692322428215384,-0.848786110022414,-1.207379982915728,-0.9328937536690592,-0.43342767626127665,-0.11114963812860984,-0.7240416293975028,-0.7420309261116456
2006-09-05,0.10782225306422169,1.514719782781002,-2.4488192992906126,0.7866917407459543,0.5256857643406706,-0.7360966105126843,1.279800157852817,1.5649356049564647,-0.300533647014017,-0.9772960374021918,1.297805093627702,-0.3518879837589227,-0.3386678254966399,-1.4187888455998996,-1.3178153271253643,-0.3833002306821265,-0.6235795399210683,-0.7420309261116456,-0.6317651706412304
2006-09-06,0.18013482276011378,1.3983279052915543,-0.09887701253225657,0.5025750514066102,0.3805386397841917,-0.19321741051670413,-0.12734284150639913,-1.9693406855287996,-0.1992039559355831,-0.7364667228967416,-0.454403145098711,-1.8881474507724367,-0.24269892330747722,-0.6596000578825468,-0.03303972448936967,-0.29174783015376754,0.7480131571547721,-0.6317651706412304,-0.09762571652013215
2006-09-07,-0.7860564284004349,0.9170675077632352,1.4712993187888597,-0.01741233334876867,0.20182441788326289,0.24971980957225462,-1.7127330278675177,1.8280833347663,0.10799442233408281,-0.4384790902996433,-2.299070402366219,-0.47109943990461134,0.7698984324923124,0.8018421519595244,0.4484866013877967,-0.17746554884912152,1.1605020616277084,-0.09762571652013215,-0.42486119729461574
2006-09-08,0.4856609618379282,0.34079260484039664,0.06058524067038294,-0.3710400995454699,-0.008935560272968435,0.13644399816968458,-0.5565835582285787,-1.1259328824347121,0.6214853869348465,0.13866751353092852,-0.6203052540835043,0.34961123729621907,1.6014703316713663,1.278295897064268,2.016073546207892,0.04807839215010067,-0.6166875252218181,-0.42486119729461574,-0.1436863717322554
2006-09-09,-0.8311795355493521,-0.17695971860397613,-0.20980315106669226,-0.6680643464903101,-0.24393130347109013,-0.10577130113872894,1.408251148688809,0.17558565251895197,0.5044452365173547,0.08067456952477582,-0.8177382907941375,0.3647380801665069,1.5907733096678938,2.1046715844331048,0.0939309606522889,-0.2666432994704976,0.8764285179596976,-0.1436863717322554,-0.155806130763343
2006-09-10,1.6283904414962547,-0.6402727613972213,0.23883524260206632,-0.8908050818301536,-0.4904112743740787,0.12311205559939349,1.638307830816761,0.5056606538606785,0.6840223283918055,-0.4189185283048391,-0.6560079741042436,-0.8735018144807009,0.2687939188860564,0.6033345679896154,-0.178795083804454,-0.2330618290080661,-0.08602493139987305,-0.155806130763343,-0.48746480630800076
2006-09-11,-1.2564233407618455,-0.9838618220573635,0.14792341990699115,-1.0911605639239894,-0.7008401650758485,0.3442677428867195,-0.8691161882700029,-0.822251532147127,0.8866123150542811,-0.5543423927372295,-0.08316401131395608,-1.5238949379038074,0.23682964390498212,0.006342744253792304,-0.9208093229675658,-0.17221116706594172,-0.6599079189562768,-0.48746480630800076,-0.7454814980961517
2006-09-12,0.13499014720532795,-1.0839806277316886,-0.9565397195690266,-1.247275014484461,0.0983646269743103,-0.1237963019731286,-0.8242896440675548,0.8623736606670299,0.510392807519485,-0.4025626595063295,1.0555570464038297,-1.3731622656185982,-0.5925145602875294,-0.3497352518637439,-0.52719574411333,-0.2972066566573192,-0.43131120961106684,-0.7454814980961517,-0.44273649761809025
2006-09-13,0.8108164517768794,-0.847998283022314,-0.9963539722619358,-1.3448859203592918,-0.12368007273707829,-0.042423926778219864,-0.39460486876397727,-0.7773354574855806,0.45565862363031284,-0.4268871339195261,1.2208229921936924,-1.0047499772855242,-0.2780617091497361,-0.10729968123390003,-0.621156025938972,-0.4452250942657278,0.18259951476779931,-0.44273649761809025,-0.13035160536390525
2006-09-14,-0.5878392232977545,-0.4961852096240346,0.7150552173811144,-1.4375884824266572,-0.37294445838213086,0.2749710535975567,-0.6679427471700715,0.5372724497388153,0.4475534571291109,-0.6510435857407284,0.13011431665109285,-0.8762901286120222,-0.44323049006407195,-0.36283041852289244,-0.16058549546275408,-0.38081570147125826,0.21603673784278266,-0.13035160536390525,0.24481759336816322
2006-09-15,-0.2152861770409827,-0.3583371971667776,1.2038622475169813,-1.6830562503318558,-0.4291802748411536,0.10456959008449726,0.3868073381065978,-0.24956628203616008,0.3035013256329927,-0.1436191419439174,-0.6653610462175394,0.9197619064601138,0.40802815753177163,0.4612364720962797,-0.7328070079141773,-0.48701594968312034,0.509641055628025,0.24481759336816322,-0.3483257662783401
2006-09-16,0.3633055319218137,-0.2715607433992139,0.4891786996403567,-1.7012474627453282,-0.5267763088163973,-0.5533663596211772,1.2155315755241858,0.143518031872956,-0.40397929780109365,0.3575350201645843,-0.07296903653132474,0.3168949479485424,-0.09366621317171407,-0.08032671436241652,0.44463237590456706,-0.33910483137749325,-0.8518322656785585,-0.3483257662783401,-0.3254992178766865
2006-09-17,0.7653431254616011,-0.21442800646266344,-0.5160012960355901,-1.667390853474554,-0.6079580645743796,-0.3251672099565165,0.12157112641931236,-0.3187670971119015,-1.3547848954278185,-0.33457154741332346,-0.05156724919335224,-0.23992862444441135,0.057281137393074534,-1.1440659083276579,-0.6717047223440639,-0.2929819481021241,-0.07628000861208846,-0.3254992178766865,-0.33443394023133693
2006-09-18,-1.5876244322943731,-0.2024974067584139,-0.3179830898239939,-1.6600394440317452,-0.6688890335544642,0.48680221503541493,-0.49604244863362945,0.6074183245082448,-1.0522025738512164,-0.05187047819881376,-0.8033868551567306,-0.05845441173944233,-0.06935728636621044,-2.1628022515532543,1.8840937250421483,0.057622654450588895,0.0457823232474649,-0.33443394023133693,-0.47448419007384657
2006-09-19,-0.5485273006764991,-0.20068511483202517,-0.12505167338526166,-1.6201398275695955,-0.7169422681700955,0.281420203032223,-0.7373295910566542,-0.69891967991746,-0.7043585755808517,-0.160328640934715,0.23398763355754593,0.9101692441481641,-0.44036126244044665,-1.1893099193683214,0.5496854609065551,0.16784466480287588,-0.42937885175251633,-0.47448419007384657,-0.39778142375791753
2006-09-20,2.198864527531622,-0.12993138370261978,-0.7625497847785713,-1.6097580085880743,-0.7546360500620973,-0.443848447198383,-0.4820824496877429,0.491201700799079,-0.41370258475842386,-0.6691516842081263,-0.5897320024374614,-0.4428747455946442,-0.4900625401660423,-0.2233414082573719,1.255262436823563,0.31729612038585153,0.2666020685300599,-0.39778142375791753,-0.34534048223621266
2006-09-21,-0.8986433550699363,0.04963109309714291,-0.11831712961563559,-1.2065463939611125,-0.8044612283651212,-0.03981099208545397,-1.0968454774708163,0.06617940998092581,-0.2293901354401901,-1.025258143126162,-0.047886202006232885,-1.2521980008201616,0.1095056844710162,0.5304995652037668,-0.2373946043615266,-0.13304703091409523,-0.11660132463953118,-0.34534048223621266,-0.21730107221155662
2006-09-22,-2.260622406140304,0.2908899694224081,0.6065016018353278,-0.8590314834979152,-0.8158201829483674,0.5762280401980117,1.606771095102019,-0.8483310304394605,-0.09895477899613092,-0.3667824338059892,0.04369185981366031,-1.9369405627691059,1.1249475871623265,-0.04637721425178059,-1.176829360830982,-0.3324507664621057,0.16627592471358102,-0.21730107221155662,-0.21668362095576552
2006-09-23,2.5159569112033453,0.5886652447969342,-0.10616293385443169,-0.41673174270473406,-0.7837842748523339,0.05218584661401503,1.2950428994084802,1.3425747069351324,-0.25956967980630075,-1.1067177619652335,0.2722397033796523,-1.3595199346336564,-0.2648349207046459,-1.9216018692241472,-0.7242164209480226,-0.4457497535017005,0.07739711513111222,-0.21668362095576552,0.13327908522955853
2006-09-24,-0.9020487773728876,0.8235837769728153,-0.5002184129966566,-0.02096854529819057,-0.7758047915964165,-0.89245522703699,-1.397864417837745,-1.3840235369845995,-0.4809338802849395,-0.9511511087154761,-1.3738742284644792,-1.404942096722811,-0.7150884303405849,-1.5355246689536506,-1.311790112282675,-0.49944826552675126,0.5381301443764813,0.13327908522955853,0.8085400732538104
2006-09-25,-0.6261304979886078,0.9498538352889021,-0.20559932298324354,0.24461904016665967,-0.7535564565103007,-0.4138901495776753,-0.14724294969310972,1.113914733129781,-0.7928063231169767,-0.19981698438298612,-1.380471158051813,-0.21395277960588147,-0.43433000393725946,-1.9089092001915637,-0.48780703834676686,-0.4579920530424649,1.8076026525611997,0.8085400732538104,-0.1274213358056751
2006-09-26,-0.04320747578535197,0.9722262461349657,-0.381031994974808,0.4814350779450774,-0.7224386334752864,0.9115514168788739,-0.8370786607781868,-0.7941186629104712,-0.865019354951124,0.19867027400948556,-0.7445248460427567,-0.6992092382774712,-0.8316051429954906,-0.531211827144565,-0.7686820410674833,-0.5197383745184885,-1.4463254099004952,-0.1274213358056751,-0.38105762712521707
2006-09-27,0.9085997274842708,0.8872283782546033,0.20019933079439442,0.6629124142877628,-0.6662590872645862,0.8421425350760257,0.12938366777584503,0.6522704359416396,-1.1048713122949094,-1.3025538839898751,-1.2987805094138236,-1.7858257411895708,-1.8075685185613153,0.7402185948632857,-1.1475529101519817,-0.8247089712189755,-0.24436510583277585,-0.38105762712521707,-0.8476937740222268
2006-09-28,-0.7826862297279715,0.6355878307157636,1.4328037478045015,0.8202102512732578,-0.36025783380249626,-0.06315867566856939,0.8564406628733648,-0.792885656714488,-1.01373812468736,-1.0629394020031002,-1.4929781865292442,-1.9892884732780969,-0.4455462698802859,0.25923371908689113,-1.4680426477178175,-0.9213189735829801,-1.3336629742173307,-0.8476937740222268,-0.8587012914461695
2006-09-29,-0.20576204811026585,0.14967703478421204,1.0589661273751358,0.9279587836109314,-0.23379748141373555,-1.1114056140235595,0.6652551167562206,1.0696908200280575,-0.7097251339495793,-0.714632961497776,-1.7039887354164371,-0.49646613223877956,0.34138260627905886,-0.8386469694165796,-0.9378786858275017,-1.1020679917900391,-0.3414292956888055,-0.8587012914461695,-1.0758872326380007
2006-09-30,-0.034238417808702244,-0.51829144780981,-0.10377752845531783,1.0144935620091835,-0.08755185019456416,-0.5381584375570561,-0.7099065045665099,-1.3422622331318184,-0.6240816369240849,-0.6261827372486154,-0.9629965801557073,-0.6360377977436389,0.9877774483878398,-1.0463388915356648,-0.8432123205060148,-1.0852114673984563,0.021161479087424714,-1.0758872326380007,-0.5925470109123876
2006-10-01,0.3786888326590306,-0.8816098186280376,-0.910783002722233,1.0868622883997994,0.0825487534435834,0.21231462600312692,-0.38319194669653023,1.5448267163236458,-0.8058180901074965,-1.1212960543477957,-0.9844085082489316,-1.3367301610173128,0.5450009460526318,-0.6521294863679536,0.7055295432759169,-1.1707692596942882,0.4667628559936881,-0.5925470109123876,-0.8581785903871602
2006-10-02,-0.0027739444961575677,-0.9769890765771467,-0.8596273796963434,1.145467237053542,0.21611472965099077,0.9807135147481106,0.7457867573036031,-1.5142802249263603,-0.8243430046547298,-1.930465444563829,-0.5387225351727947,-0.7760813407379925,0.7557632238338908,0.8250568637750568,-0.237074824140013,-1.2137035494232986,-0.3326438744186371,-0.8581785903871602,-0.16675118277617204
2006-10-03,-0.4307668516198153,-0.8777350696202096,0.02503756412125512,1.1833067584925296,0.35335095422972546,0.6430093498915532,-1.3074008351774362,1.2673553722182405,-0.8551726103189466,-1.424003371622015,-1.2595938269877558,-0.8826183149894195,0.37911131381793894,-0.01352585238408986,0.9637855235151466,-1.303477652433566,1.3105693269732899,-0.16675118277617204,0.4926538864906961
2006-10-04,0.045782566906887034,-0.6281253827708463,0.8238229329103238,1.1764379416400184,0.4098149853033826,-0.16807569616212822,0.2771442898725935,-0.6833727488296626,-0.5803535310273962,-0.32233809798459445,-0.5817334180069806,-0.3624987235689342,0.13449199157709657,-0.33158242777841845,0.4657456524768221,-1.2563782729027102,0.8203042038112459,0.4926538864906961,0.21091975894191986
2006-10-05,0.14474866618528906,-0.2023634624204746,0.262657617615138,1.159885615589141,0.452842730146661,-1.5922865422546642,1.5600127652393094,0.30565420814573296,-0.5307971292789595,0.5221308611940524,0.11395861599135915,-0.403955629133606,-0.6195035479132134,-0.13722720153986964,-0.24770164366945635,-1.164309166504954,-0.18026254976368333,0.21091975894191986,-0.25367438708327605
2006-10-06,-0.060764414615717355,0.36996557239082756,0.22775788298182859,1.178336024893775,0.46372390400158636,-0.8703599992675867,0.15275018488084066,-0.12105539546327933,-0.880385672451557,0.5657657542380063,-0.1881421900617777,-1.1923302249435614,-0.212193604478089,0.08179249647467109,-0.9858108174603453,-1.1479018333003552,-0.8928058608782387,-0.25367438708327605,-0.5363517315365355
2006-10-07,0.8172072509310274,0.8558547896741975,0.9918031836764838,1.0722675103615902,0.4769683399483676,0.9038326400093908,-1.0327970406925064,0.008086445286507343,-1.3213258026676378,0.10237815021738947,-1.0790346391021313,-0.8105070242559346,-0.8507725530782362,-0.8497555248812818,-1.175172251828512,-1.0903429564779687,-0.6784477001979224,-0.5363517315365355,-0.792560117326339
2006-10-08,-1.820354574632171,0.9256620614184221,-0.19791130127686124,0.9120699565403019,0.4690818345686112,1.7676092627347013,-0.20973331368697906,0.08645935356277921,-1.4654054241990364,0.591131469378328,-0.6140690553130969,-0.5428097172915651,-1.9899847213767696,-0.43823576820736726,-1.498677343247432,-1.2939571298382606,-0.9279442913015018,-0.792560117326339,-1.0030049099458054
2006-10-09,0.5591613779126566,0.6449884056096421,-1.999384158438139,0.538832181540683,0.4325987062288962,0.35932822982461154,-0.02266869581461893,-0.034833314754093604,-1.6943477444642074,0.21076822932301434,0.20784419701614829,0.17300042923698364,-1.498352265435773,0.6265950397592019,-1.0903411347059964,-1.3841599794143318,-0.022956749140341244,-1.0030049099458054,-0.9361555031328092
2006-10-10,1.8168756924522902,0.26253451923805177,-0.6815770252585961,0.2608480768952113,0.42285304559811027,-1.6206397568642112,0.04643865198747082,-0.17494834430903675,-1.3850185058482725,-0.5714752657009291,1.0367705423956897,0.06577321483007117,0.14013502733681,-1.0691023378269053,-0.47403284806165846,-1.3215066291753317,0.17149151503159776,-0.9361555031328092,-0.7429808882782644
2006-10-11,-2.7962389369732015,-0.14240961482326867,1.5015481547542202,0.024398343586265324,0.40675156543635504,-2.3250197303481235,0.5206940444695799,0.4688723349192229,-0.7126239982942337,-0.3965043773915146,0.37498322326857775,0.8632395039490052,0.7917511750975367,-0.0883279062547978,1.8197723377463324,-0.8298420038434585,0.27338951086122193,-0.7429808882782644,0.057595264630379596
2006-10-12,1.6603982005984652,-0.5977468764363475,1.431083691895996,-0.2344496061225559,0.2715875198833044,0.4969970597178487,0.1314361377936658,-0.888157018308765,-0.25091162958879926,-0.6540873535519591,0.5936783020377646,0.252263069710752,0.576770150232469,0.7774750819369907,2.452404973394378,-0.33592433204010463,1.4712703444061879,0.057595264630379596,0.2471660837086109
2006-10-13,-0.22006664081099633,-1.044195203663543,0.33376273321533567,-0.385235497132713,0.23458241941014163,1.7557754085718162,-0.15834648805411047,1.3098461324349961,0.24207426216019856,-1.0797954835744292,1.6119954638646978,0.1960661074787434,0.2699154728677006,0.765528075215972,0.5963162171705464,-0.07321736050306424,0.3363630993094331,0.2471660837086109,1.7259382408925448
2006-10-14,-0.35318499966022343,-1.3050981511822117,-0.7619703077519364,-0.4183384736025221,-0.13788563210126167,0.7585938812697363,-0.8011537639565207,-0.6244523359355543,0.41450252638802315,-1.0301562914491238,0.04860637382849788,0.29205805323349493,-0.4374872253939605,0.766623475638499,1.5816583758290903,0.14061182326106658,1.7711981161287413,1.7259382408925448,0.4344656207742602
2006-10-15,0.8393824050647134,-1.1726818707715205,-1.4339910945577958,-0.405998658567823,-0.1688684755925223,-1.4123486562034675,-0.1787499079618107,-0.6706710822564896,0.4522261434549187,-0.7680844960018082,1.3263409941349555,0.5310990118311039,-0.7953741511980584,-0.7338582014334735,-0.07252132548536973,0.16624427424329558,-2.627309699413101,0.4344656207742602,0.44775621491755524
2006-10-16,-0.36559843966186867,-0.4278196850306355,0.2897530491532492,-0.27088914881578574,-0.16571723604735733,-0.669236222193477,1.8971950756169305,1.3206863049932245,0.45808033776807816,-0.4104559265933041,1.2906618500934088,1.9672424267709194,-0.7519047484426212,-0.6555759122882707,1.7399913529845257,0.451722401487113,0.14267647447173162,0.44775621491755524,1.0424483556258102
2006-10-17,-1.621959313008079,0.2550102181438545,0.34511130795456335,-0.24829434360688865,-0.1637812491426061,0.9858297348407936,0.09623875683563393,-1.3450080863822045,0.7309602264517226,-0.772617552742934,0.3806531066158122,1.558567167144502,0.03905584184338628,-0.544879050377175,0.6997378643532443,0.5193387372916964,1.2410892776436788,1.0424483556258102,1.2188590131421144
2006-10-18,1.9948191353985665,0.7583773579628894,-1.2113427670116863,-0.20155062754035682,-0.17147211051169017,1.0775237472579344,-2.45506710794616,0.6625871003411423,1.378254537131615,-0.797232164286948,1.0103149905943767,0.21194560118031355,0.04853020306660547,-0.9121146414682036,2.4598266201757357,0.8937768810539256,0.9670715264611245,1.2188590131421144,0.4256760248615143
2006-10-19,-0.0789718704127071,1.1516938081868184,-0.4765168576692851,-0.1820785935753657,-0.14254168877527715,0.10231057247783198,0.9108932716875765,0.7068252466316953,1.774119211446805,-0.5199166830313185,0.006436144284871811,0.6513576259183939,-0.30409684204155896,-0.9055282411795819,-0.23384819214261776,1.1167811585576848,-1.1628895656162324,0.4256760248615143,0.45206528661324374
2006-10-20,-1.7833978595370352,1.4499760207832695,0.9749859584773569,-0.11796107049558975,-0.09312987690147558,-1.157790883857548,1.498758423040271,-1.3940116228500767,2.0278866552084613,-0.1460034336960511,-0.24759800596018164,2.0127330138421686,-0.03761987072014016,0.6485123776373145,0.9964278005874184,1.478080563970719,-0.09735362278627127,0.45206528661324374,1.321603526421729
2006-10-21,0.8569367292474762,1.5707999567691957,0.8593783435684464,-0.044570355893692154,-0.01705120588677573,-1.284600477878513,-1.0002691823822094,0.8915224391757548,2.3720161110398372,0.9102881258092488,0.19986228935623424,2.060054054802713,0.962230018975005,0.7014156756633438,-0.42558268983708775,1.5872395535465251,1.6874553426371028,1.321603526421729,0.29287654548783393
2006-10-22,0.6581304376862686,1.431129169998284,0.9559390195972542,0.213328103772265,0.06239516224333376,0.47951765514105105,-0.5870276655233218,0.7960462754327765,2.293566726115945,0.3568347061734107,-0.6361734026552375,0.945958116059846,-0.35546345243210603,0.6010337369514459,-1.0304758519941013,1.7174436089828564,-1.4010652927557354,0.29287654548783393,0.33443446850021796
2006-10-23,-0.8226784768822424,1.0278156542264771,-0.1200138850855492,0.33703933164451805,0.05450378126203577,1.8304728007623872,-0.07523288234771401,-2.192823293938554,1.167638374760613,-0.3938185783215664,-1.5786322935834949,-0.9956866163534852,0.08485650859079949,1.2158897252056686,0.12313875977880867,2.2791565740165307,-0.002579651704762324,0.33443446850021796,1.3611983122890245
2006-10-24,-0.29694937345142824,0.374829212933901,-0.6307806510067057,0.4788223581984108,0.16456691536019036,0.8935124210918743,-0.8269460193191666,2.731436392919608,0.36898631842151797,-0.6432746774275947,-1.96679864995835,-1.9848765840122162,-0.45479391936346814,1.550775968570838,0.5908293018725664,2.171534418317633,1.464448153998143,1.3611983122890245,0.07996611439448795
2006-10-25,1.1745640926775245,-0.3889091278705576,1.0228473783553533,0.6586635011074501,0.19189601620217733,-1.1974186077657265,1.290882365638351,-2.564089870412729,0.1482195955275004,-0.48391784486889705,-1.8155466137502636,-1.4182645650421304,-0.3491997111411333,-0.2601148423360094,-0.9593562463801878,1.2540169176720708,-1.2080287484933894,0.07996611439448795,-0.15462155942254066
2006-10-26,-1.2872090676280663,-1.1715878003231355,0.6210056726696633,0.7444185715659005,0.29457112091872656,-1.7196396763686332,1.8348496978205386,1.3719446142758667,-0.2702252456883467,-0.900213052896483,-1.0351286204206043,-0.2017342417890935,0.7783247570535952,-0.30097464157897474,-0.44170402049419694,0.9465959255860152,-0.2127856670248135,-0.15462155942254066,-0.8000048014568022
2006-10-27,1.7205101407677015,-1.4775061180095765,-0.9175066307266331,0.6986016610512981,0.41439002624081145,0.10751391156387714,-1.7315445280088022,0.38565767273837287,-0.2960854534550965,-0.5872905281894866,1.6777478332868474,-0.6999528041735689,0.3367345782021184,-0.3912821341209488,0.5579393069697868,0.6880775074027351,-0.5110231000945161,-0.8000048014568022,-0.584408731686388
2006-10-28,-2.117979122260403,-1.426733355538841,-0.2531179405073191,0.6840466693188968,0.5182751600473359,0.6836938888414108,-2.044333264694987,-0.978761650454082,-0.5085305344132405,-0.2860821531608355,0.63547492634945,-0.1932609057404785,-0.7139023466506143,-0.2634881540542494,-1.5200341944430427,0.40372877892985687,0.28496287141940413,-0.584408731686388,-0.033775865591438484
2006-10-29,1.7322301751682339,-1.1932274195914003,0.06681343508025028,0.6392932739255269,0.6232399370869458,0.31484109588571807,1.7052086371865687,0.39841489116558665,-0.5783443193480423,-0.062314544463368086,-0.5882063260925569,0.7502953603647712,-1.0676019893330828,0.285610327600418,-0.13121254131353227,-0.11318680181165622,0.6361729197112936,-0.033775865591438484,0.5637754302578725
2006-10-30,-1.1882684856951697,-0.805383258247841,-0.6206109376197371,0.5842656759688543,0.7225534484094103,0.5768403542617974,1.5827470991635337,0.5947716024055673,-0.5328963582483012,0.8154718146115779,0.0029011094298144495,0.9212810785206091,0.1401228094906456,0.012230966112550581,-0.8419622873432808,-0.4889464905085533,0.6632272614549878,0.5637754302578725,0.13883419842425304
2006-10-31,0.5395365226808676,-0.26419368620849687,-0.23071283808668766,0.5194363859382222,0.821748771156488,0.6118189504719321,-1.071015937874011,-1.3636456942682695,-0.6997540002344897,0.6219034531899893,0.29003356538402947,-0.6755487889666197,0.19137643971285748,-0.9108790978247236,-0.06120166192684697,-0.828469451443203,-0.42498019762129174,0.13883419842425304,0.22938183102913526
2006-11-01,-0.005899295093300861,0.39614731116835533,-0.8148245101831151,0.4521190206848896,0.9094535050711924,-0.5682882271979456,0.5766661210490202,1.5774026775338996,-0.5837903983852447,0.3570105446687137,0.9128871847052953,0.13307974926911673,-0.44622282990597784,-0.5678007979112116,2.590327298511856,-0.30872179553231394,0.14658704184937713,0.22938183102913526,-0.5299879559473408
2006-11-02,0.3429557268761244,0.8764664649996308,-1.7399820394426204,0.45075851963197283,0.9786627524907955,-1.8840112593218339,0.11408777070653725,-0.9902535300801882,-0.6720596722784588,0.03867483632511509,0.280163854319918,0.3021175552358901,-0.32286403189620067,-1.2437414368455348,-1.3481049878368174,-0.7189853860771416,-0.6931137723251791,-0.5299879559473408,-0.9293917172822813
2006-11-03,-1.0892990653894226,1.066148849775635,0.5167871702341498,0.38970246371045386,0.9986410848325679,-0.830825079055755,-1.2734966164300414,-0.33818066226306354,-0.7473966642975955,-0.45717550848534955,0.6615340896423807,0.6780651511040402,-0.6915912871853602,-1.3139700472370828,-1.5674794396107938,-0.9994729067491649,-0.7210244751274426,-0.9293917172822813,-0.832467928948687
2006-11-04,1.294730996977939,1.0975709880802014,1.636146053562524,0.2832991820620962,0.9248824091659867,1.785545558818685,1.2421243590752786,1.5260168901827236,-0.5980546181639461,-0.8503823216874619,0.13247914719573567,0.6914055309018181,-0.3128631041414674,-1.8712947328222114,-0.7394229589389225,-1.0004921154851756,-0.12672849027419808,-0.832467928948687,-1.0810735257591828
2006-11-05,-0.3449105746879807,0.9111247184032442,1.6950498531433436,0.23725117463774903,0.7076060170087909,2.275095337344613,-0.14657378782603633,-1.5556440630490909,-0.7659995294217944,-1.0376086199488486,-0.30707728352098673,-0.8569150960033287,-1.2261593402815405,-1.1292023797688913,-1.4654444513218654,-1.3995370622438519,0.023191916084189603,-1.0810735257591828,-1.738180931482558
2006-11-06,-1.191042681893059,0.49253318101506427,1.2198036200301892,0.1787818916000161,0.5971625893144924,-0.7588397835727682,-0.3810512773986845,0.5627300952397192,-0.9346481071973649,-0.25966548993768274,-0.6625469524828546,-1.397945739290688,-1.100241776484574,-0.5155049568562171,-0.3736237310320426,-1.8020770285743175,-0.20157774178229823,-1.738180931482558,-1.2367545668671693
2006-11-07,1.6696567750059481,-0.012124560414162107,0.5014100438739106,0.08559922900362245,0.48373631902734193,-2.1400979670956786,1.5187009692806146,0.4605765529347697,-0.9441830976096297,0.766407623563782,1.0799216042070559,0.20853121818327916,-0.9267976698034122,-0.5395494915142132,0.06322351192875256,-1.7394738039526003,-0.15184007751717235,-1.2367545668671693,-0.738840121893833
2006-11-08,-1.0156668058296265,-0.474851505244299,-0.8178052632396866,0.030897697727885098,0.3558123528211599,-0.5674513190126775,-0.020805519444283604,-0.8335228193289096,-0.8818175678671649,0.9683896314845881,1.563176655281889,1.6660491772304924,-1.034880346528681,-0.7740030971345929,-0.6813467949642446,-1.6924659447054013,0.30201409678974384,-0.738840121893833,-0.6085858472981658
2006-11-09,-0.19954250951660618,-0.7461770431698536,-1.8911822840845018,-0.13350152451782485,0.15432788236299225,1.5592318370371296,-1.4389571619595638,0.4001328425442342,-0.3062538491848323,1.1144719560457024,2.4208534350502173,1.2539613872050928,-0.2126378946682359,-1.2323750469746537,0.8294064116149059,-1.2372716741234588,0.3084179156933757,-0.6085858472981658,-0.448833426434572
2006-11-10,0.8655174984516778,-0.7033412092256743,-1.3453111844413637,-0.23655805442386815,0.006288855142398466,0.3313419095118724,-0.3672600688347125,0.7284493895168158,0.1783561432710203,1.0500691014606578,1.3707402993993056,0.9967571136579572,-1.1355150072831277,-0.7680786516970408,-0.3882984105343011,-1.0490349401664387,0.04277870316558083,-0.448833426434572,-0.009824083609446258
2006-11-11,0.04448367048855766,-0.5099245101779557,0.06852778663726874,-0.2737857917530708,-0.07112552131779253,-1.2817113044999893,1.0337159750188412,-1.5666176089997164,-0.19736898164013536,0.056519745915913515,0.26886924434270243,0.03902629940118174,-0.7015295626321952,0.2104911466849167,-0.11818774528970542,-1.0676135993590925,0.7000579569753264,-0.009824083609446258,-0.6991581581546815
2006-11-12,-1.4290196244503148,-0.22345409912697958,0.8151766456883289,-0.2996456994420232,-0.14489615204079365,0.23533409716805848,0.47621502926189363,1.7032205116050283,-0.3486774973354709,-0.04648791449779606,-0.18600531244027085,-1.4261532985772984,0.6391755775338316,0.03053032898879794,-0.4511590425497507,-0.9194569827029367,-1.4843046583763613,-0.6991581581546815,0.24667964880594298
2006-11-13,1.0939811336535352,-0.027348642999030982,-0.1365877623661692,-0.32797045590418844,-0.20508777771889744,1.4349325560067716,-0.614134386972937,-1.3465627589236653,0.18630956536882848,0.26261787416700033,0.8114453227589613,-1.04021398481678,0.7573908873581602,-0.6996875013082122,0.3249978642168384,-0.7082886382450085,2.110993645003712,0.24667964880594298,-0.2800397114768388
2006-11-14,-0.4364198275943878,0.008648908890700736,0.5346549906011234,-0.32217209052488244,-0.26590076977406485,-0.04574271759196111,0.28438791237390754,0.4910452205871175,0.7735720187018982,0.31710042880461153,0.3696492957919804,0.7072455146626185,0.6205987143853122,-0.08201095124557051,-0.026682937134094815,-1.1387665881652023,-1.1297909380318196,-0.2800397114768388,1.4258489994819814
2006-11-15,-0.13822495535525328,-0.15634417346233,0.942588071502091,-0.44136929356933463,-0.8799162932183775,-1.2274947341126434,0.027431742081769954,0.25162047318220815,1.0569982350472245,0.9217313856495014,0.8211794252039263,1.2816165548116047,0.3528202151395177,2.35659570185287,2.663869397969602,-0.3930044679230824,2.1818474089848023,1.4258489994819814,1.1879643259470478
2006-11-16,0.8637819218308869,-0.5298787504607805,-1.429206693140984,-0.40580442489127005,-1.0266980191174664,-1.1318666950153904,-0.3955306997421393,-1.0230792597997698,1.1423812396482125,0.9296373721638002,1.1975180744114906,1.4758087075621997,1.079063959486809,1.8914138364131967,2.2304520953371245,0.46298880267581083,0.6142733664969336,1.1879643259470478,2.038739038740717
2006-11-17,-0.5972255727092299,-1.4200451126370337,-1.425793476934693,-0.31030848697796015,-1.1884253760530643,-0.3514049003180773,0.6694969500554174,1.300862275931246,1.0538672560424243,0.5086573128806834,1.1538479088698146,0.5970933351336466,0.9211656138813556,1.3199305316039167,-0.14830988196839126,0.6012369454270596,0.7974245744639664,2.038739038740717,1.698052440966232
2006-11-18,-0.6560929854266704,-1.6415445293786475,1.065443208795586,-0.25473775766565054,-1.3529172377346717,0.9213054577581788,-0.18703316505273743,-1.3797789343158995,0.7245625628598616,1.2467600188608843,-1.0541672483375526,-0.31091459534483584,0.9202681805075026,0.5307293481558761,-0.2508554439347999,0.7567390879301856,-1.963839606084879,1.698052440966232,0.998857875590244
2006-11-19,1.270887946709274,-1.4932579092209046,1.1568338980590887,-0.21726518388768779,-1.4920476056739873,1.0786650021536492,-0.31047478391849354,1.3226434194354983,0.7008608652190401,1.654357394144294,-1.8436282768380499,0.15303480271199513,1.200066444009269,-0.3537673808296096,-0.9826505504395118,0.6583440476975879,-1.2295155963750695,0.998857875590244,1.3135331242230057
2006-11-20,0.10698970329994076,-0.8527771149040264,-0.2975326846269737,-0.23192480256501974,-1.5832535942339028,0.15865103951633827,0.4263259019850833,-1.0931835586782785,0.6607051966207964,2.2067388567613158,-0.17594247012048986,-0.1773623000092125,0.22702179986672483,1.5392772461023112,1.0292306472978463,0.7383579417035981,-0.03139327178295533,1.3135331242230057,0.10623677635926523
2006-11-21,-1.7000831192913795,-0.17006525570432085,-0.8503736154361777,-0.18920525834799332,-1.6161238042848354,-0.9773297741461924,-0.8018624047313216,0.6747414568690108,0.3693529302714779,1.7624878413297154,0.06096579643819788,-0.07547699512790697,-0.6313726384743451,1.4051560770648441,0.3477696486284465,0.811251860246868,-0.9035338216990888,0.10623677635926523,2.0709008129779796
2006-11-22,0.8370652040283424,0.4059123370591799,-0.9006591315040889,-0.14290879982838517,-1.5631834135224882,-0.7853404969170996,0.09267884258859473,-0.766516714191599,1.0070540718827221,0.24508664806878813,0.3149861127992286,-1.4676275061204016,-0.24678891106642353,0.5409202827993137,1.5964929653631206,0.8874989194987808,1.8418615249548207,2.0709008129779796,0.9842963292177707
2006-11-23,0.07130490729011921,0.9737465759408669,-0.451462968012047,-0.17565790884928734,-1.4257626833024601,0.1830140118868804,3.0977081001236058,1.2152359981967058,1.2294688452546403,0.01647400636872039,0.925272363367937,-2.421807971800608,0.5443596388516911,0.35456970577433156,0.8732459902604397,0.9989591371562716,-1.5982301517248425,0.9842963292177707,0.7867186180738172
2006-11-24,-0.12832086035137164,1.4304117522881081,0.06910495944588434,-0.11453959664522324,-1.0864266626811991,0.5638901606943055,-0.25506257905171364,-1.565482095323758,0.5524963763477052,1.133504089465545,-1.6945770692377533,-2.2029031419697773,1.4532378109423685,0.019841643598129535,-0.3390107736777374,0.971575848004111,-0.28211835451270756,0.7867186180738172,0.5966395261998158
2006-11-25,-0.2165274578065842,1.7122608152704517,0.41572541222451453,-0.07322405883077056,-0.852719271310844,0.5173144528326549,-2.6156952399893822,1.6962598022449766,0.5289005395207172,1.7189081373107122,-1.136731169245714,-1.4850690205456842,0.5013910350899069,-1.0446557062813289,0.627611542113558,1.128831607646532,-0.20142105541240077,0.5966395261998158,0.7474159092787677
2006-11-26,0.009777116287029188,1.303808559575874,0.5641475780461734,-0.001281185748867329,-0.5927933941102517,-0.032589761068237084,0.654533036295975,-1.5884147288400958,0.8772720917572658,0.367261169153288,-0.3765360535388803,-1.0573848058501105,-0.11708913379390605,0.7637198577245168,-0.5330824269094179,1.0545875717838884,0.39038745410934905,0.7474159092787677,1.0719313551164067
2006-11-27,0.445379469530483,0.49248041444759333,-0.14434199274756337,0.04910480419771945,-0.3617568993482938,-0.6745704715392559,1.7837880407525657,1.1954356351106272,0.8295393660244933,-1.1635260222229256,-0.027184706663458996,-1.053147985742347,-0.20990473497893863,1.0612288059788229,0.20408144605884795,1.0207314131708534,0.7544239128692126,1.0719313551164067,1.4056733559424894
2006-11-28,-0.8245621401888088,-0.19654787985206254,0.8344979648300102,0.08772374954603858,-0.21580438647232697,-0.5937167671369556,-0.3954898506284376,-0.5157958028403543,0.42987714818982564,-1.2284981547682539,-0.22202902555576465,-0.8006351277875442,0.09970197003224919,1.0937826399918087,0.5776355010979404,0.7887406796327983,0.35492782268654777,1.4056733559424894,0.622601408903492
2006-11-29,-0.1642904017807083,-0.6406053115985497,1.4003719454079886,0.1442922538784726,-0.01285592058339209,0.4897563557570201,-0.9229756906256897,-0.2022958928515964,-0.2630693463154325,-0.0687213274117154,0.1253810469241375,0.28805827596165945,-0.02559084042327397,0.4064293570742195,-0.3322360730267881,0.41812466993504327,-1.7399165290159613,0.622601408903492,0.3294168370876714
2006-11-30,0.4172769343764338,-0.891443072371616,-1.303900176710115,0.20157488079594965,0.17428867982091809,1.0456080518732955,-0.599261762964601,0.5767650645419939,-1.435812406460475,0.1784400790515642,0.4936012142562844,0.0760400163661956,0.15937815437053907,-0.13352181007056024,0.10952926999567923,0.42401648273899445,-0.29703656252863847,0.3294168370876714,0.170996743566063
2006-12-01,0.5591962616337587,-0.9237441653586895,-1.5002067863008166,0.26734381686364095,0.29544554856421823,-0.25465845829704553,1.031834114924147,-0.5745287992903639,-2.0910050976891807,-0.4501192418013762,0.8646970202721763,0.10967201175645455,0.3312355542412085,-0.21927513194404435,-0.7934768449591364,0.37177176173659093,-0.8363019565162291,0.170996743566063,-0.053809477812359646
2006-12-02,-1.822159423023678,-0.5603872167731018,0.8109690587065724,0.31941410038296636,0.45541480226299214,-0.9740722317031877,-0.5650784915734111,0.4292542426514188,-1.9494438098145699,-0.710789394624004,0.6142809684748061,-0.042229770102006264,-0.6419237639000839,-0.21905736302566428,-0.28605905970795614,0.4454440420828586,-0.3257640541888405,-0.053809477812359646,0.31245162181524627
2006-12-03,0.3353099864608147,0.2750284447248862,0.885217384020046,0.37146864661179196,0.6077161359954665,-0.43453927157595906,-1.0986928232003628,-0.4322310517937628,-1.3263584148760574,-0.7613155163259928,0.89681768464075,0.3939323467420708,-0.656971283413303,-0.6432658677517965,0.7031493030476499,0.4346599165551178,1.4562092893163472,0.31245162181524627,-0.0113366011063536
2006-12-04,2.791539083321947,0.7746842619289417,-0.31459403796898716,0.3238958938442804,0.7657201273158653,0.8247757109009113,1.1816804800351846,0.8085871203637333,-0.9153555957592169,-1.410042216261754,1.5917112635034154,0.2978318026513642,0.5522668729453306,-0.8971646090289818,-0.31195929049885235,0.3483419546866992,-0.5174490651344427,-0.0113366011063536,-0.0694305539359985
2006-12-05,-2.256985660369736,0.9258617475646006,0.10335379729789425,0.37661776037458644,0.896962837596907,0.9792238963072147,1.0669355769966296,-1.415389135116579,0.1991254566131424,-1.5849398809954347,-0.22875830602641462,-0.757909577797171,0.6337110593063464,-0.2535209450056053,-0.8245319248287224,-0.006365452669139156,-0.11540220605684617,-0.0694305539359985,0.19017922539692214
2006-12-06,0.9402502571118577,0.8912027490254902,1.461836931078061,0.3765840440139285,1.2590793154981552,-0.4774599829726805,-0.7768383441275531,1.7057090815292109,0.5027803572944063,-0.4700714096651839,-1.5113314361776176,-1.8901196743815694,-0.4536139113994531,-0.8255062397859863,0.5878770065972789,-0.05879240736172884,1.0015664132903115,0.19017922539692214,0.7351637832188276
2006-12-07,1.074274812768705,0.7312768141643159,-0.2730517609169983,0.40349628792098174,1.1693902783328622,-0.844317194981718,-0.6041499505233576,-1.76855551766851,-0.20621189133539689,1.1025837946188495,-1.7536254116488148,-1.9544480250290532,-1.0718786580607487,-0.15995674012152755,0.621862904154174,0.032662439980360225,0.9799628507249862,0.7351637832188276,1.6747223386307946
2006-12-08,0.15774708754258962,0.25281411915825436,-1.6520597493172735,0.43629489007271854,1.1567228220398647,-0.7416025621056531,0.19684750761053876,1.801933045836648,-0.8516228763008782,0.7622198432572941,-2.031703654519019,-0.9678287381101955,-1.5235216677904058,0.9511482483548948,0.8122008809660246,0.0704755681880696,1.409021468438605,1.6747223386307946,1.3926997838521382
2006-12-09,-1.0052511175430852,-0.4450020158596217,-0.661579835911813,0.44069487262926166,1.0947254365563803,0.13011034222377793,-0.1797298565115934,-1.7515116060930587,-0.45378583707415626,-0.671506554215203,-0.8770662910514976,0.1941167031121216,-1.2562099823487456,-0.33771054814875506,0.6550056126495108,0.18377666166458453,-0.6858876895827579,1.3926997838521382,1.0697755975717005
2006-12-10,-1.2898181975337348,-0.9807675792531914,-0.646657793346583,0.44096529294495745,1.0075527139321776,0.6453812310462259,0.18211044076009303,1.2940212516502982,0.320320030087,-0.050302350111113774,0.13422465752649398,0.9314322550539703,-0.4518821912405169,-0.07270448476277494,0.3998454420120763,0.18676892219057387,-1.317576924475218,1.0697755975717005,0.8810378393743935
2006-12-11,2.6877997636027,-1.2275472184172724,-0.047976175850737546,0.4600217284088146,0.8834655666378748,0.6984023988907806,1.067050661351164,-0.07626307315402882,0.19389655001254621,0.03419068647114252,1.3986028246036994,1.558047566347039,-0.3191334768213788,-1.4302567957406194,0.007028852035213115,0.13583656531428492,-0.482756625483038,0.8810378393743935,0.7650887967397116
2006-12-12,-2.060939079694244,-1.3296827375294191,1.2205437323375816,0.4158629969292552,0.8024419931464006,0.3676557343984636,-0.28392518031260516,-0.89937533462577,0.0667166742910961,-0.13949037995590058,-0.1505319034445771,0.6514562843701797,-0.6770927485221521,-0.35754682350556294,0.7681888045339949,0.24150817201872937,-0.2025357827215124,0.7650887967397116,1.376797842369799
2006-12-13,-0.025348753561862992,-1.3186414589263027,-0.18023366368768556,0.37556194821699934,0.7115191913141826,-0.6066945271735124,-1.439771349196073,1.2174892127342938,-0.36576682092739216,0.7234659379128676,0.2798836332436597,0.452901431698908,-0.9028895310200569,-0.9128554103936457,1.4466793405072367,0.37702158693119114,2.250471467604937,1.376797842369799,2.049407213817249
2006-12-14,1.5834106673779855,-0.990892271689551,-0.4156552422036081,0.327961782919745,0.6181116109158895,-0.8166313773990708,0.14417475742531835,-1.0153631307684898,-0.12276344128997568,0.7649601597297045,1.1943183903354397,0.9982200397178417,-1.6674217929999466,0.31462791800942325,0.6745116998925469,0.6148359193586163,2.847111100804017,2.049407213817249,1.2571349864619283
2006-12-15,-1.2228946774705614,-0.587981205306086,0.2710518010627572,0.2671184934437925,0.5681012121374241,-0.3391590287539534,1.1747100470119118,0.549629365168863,0.08752489969833331,0.7494239601421375,0.4450743407479071,0.4609016901612239,-0.21987056417439943,0.6988395234684671,-0.021928907205683777,0.6991561538914859,-3.1603074699300246,1.2571349864619283,0.5353738215972617
2006-12-16,0.23180520265119722,-0.26132009328104705,0.736814769021607,0.2107727566810562,0.4593355014698055,0.6638876249007325,-0.28216374644092646,-0.009587026001156726,-0.15982582657550892,0.5965693266674513,0.318009040061958,0.4571349512007116,-0.3094295382836341,-0.4153731077579337,-0.7572840256734416,0.4606592054690001,-1.775302340891102,0.5353738215972617,0.09700415818539906
2006-12-17,-0.2457669785422646,0.031291514596426456,0.9055282412107589,0.67322689983735,-0.017683443069525875,1.0271528856852612,-0.11422031120267481,-0.5535219966403128,-0.35112459764120246,-0.34782557951987664,-0.0469738844069528,0.14276847895125802,-0.3112719072023445,-1.0324321363749858,-0.7093696610933353,0.46611390839648303,-0.9079970301913332,0.09700415818539906,0.015426442340541876
2006-12-18,0.5498195936441653,0.3019296279633788,0.32421634497403784,0.5139135706556796,0.19939275994326972,0.3573872597643022,1.0469278348921949,0.5091420347690842,0.12211112596191255,-0.8946363365977745,0.2750679129214331,-0.7709826707961412,-0.8121316443042291,-0.05586459038345576,-1.0841150732500766,0.403429150735828,-0.21981318396303162,0.015426442340541876,-0.17184269041471326
2006-12-19,0.2879656453024923,1.8142197304080447,0.42373508688168193,0.4437155728732153,0.34343112922996527,-0.8482517404128508,-0.05346099191786094,0.045230697853832984,0.2392002600367367,-0.1890184104702666,-1.1678865507696923,-1.3829734214098652,-0.5502363986143349,-0.2586780277944857,-1.3801048222590218,0.1482046866834478,-0.21647124143329416,-0.17184269041471326,-0.39843840581146384
2006-12-20,-1.2779033770020605,1.468881188004679,0.23943081728550208,0.19676582964168624,0.6516489134135475,-0.7075009638895039,-0.5556541532630338,-0.6599245293103636,-0.07009227950593873,0.9549109748580709,-1.3367214309974633,-1.44986240745004,-0.7187435726203301,-0.1155494917910371,-0.5238508488959756,-0.012501325895187479,-0.45029282461574527,-0.39843840581146384,-0.014718523370051965
2006-12-21,1.126082324685853,0.9146760083588069,-0.8590502821304911,0.012527690221331243,0.886705873036904,0.6643004334508898,-0.5332919856117829,0.9919067145452289,-0.19127375167159663,1.1393767273023363,-0.487086110584888,-0.4718712058859111,-0.288349821491748,-0.3662879513358274,1.084708304167651,-0.14979679648253813,0.7043309494057972,-0.014718523370051965,0.4352752740474725
2006-12-22,0.6961283879037302,0.44738138302133446,-2.588521929332193,-0.16949814182059977,1.0891098649636395,0.5315122945283299,-0.09149758616088675,-0.9370939168059179,-0.43984754973099427,0.4782257255837592,1.158113771573813,0.3926370419912105,-0.5592710581714855,-0.045710733155978074,-0.21454077804264007,-0.31750015319085756,1.4865894316696626,0.4352752740474725,0.43698214177412625
2006-12-23,-1.3194177111866714,-0.08784887173672935,-1.175317195674003,-0.3687181522508052,1.2080751672520935,-0.06252702647303635,0.8872524187260404,0.6483161202879616,-0.5386661234271436,0.6135231439285452,0.34416237028549723,0.21457035303739158,-0.4690664128522102,0.3794242719627405,0.4600040328375908,-0.34488846005631574,-0.24577565018570793,0.43698214177412625,-0.16302923992809534
2006-12-24,-0.305581411931345,-0.7363006744103168,0.8660938522258682,-0.5787373788448489,1.2738065616929923,-0.1253373226446668,0.12328393952516029,-0.044717326686291255,-0.46462087290916776,0.691192043653022,1.1197110894683033,-0.09910617935169748,-1.2734533681445563,-0.6769792745410977,0.23779323751296483,-0.2660337968951799,-1.2730648299313987,-0.16302923992809534,-0.13467936980326287
2006-12-25,1.1152851719036219,-1.3160791192154033,1.6145422779235246,-0.7553943975057643,1.2828055156290448,-0.1704781041671647,-0.013746794803904975,-0.5545551651789243,-0.6496559710106983,0.9814141085468014,1.4147618570141225,0.08261888165713195,-0.7015088178252293,0.6711757323282249,0.3512076452917544,-0.2745780956728685,0.010905250024301512,-0.13467936980326287,-0.29484037991323436
2006-12-26,-0.3606561501723326,-1.6444442287031467,0.3124606897592891,-0.9588371093579683,1.2954375462660985,-0.6669486375343759,-0.41846112956659504,0.6025927472736362,-0.5978140378967659,0.9588619685971231,1.1922741174552303,-0.021429463450440778,-0.09245495435647895,-0.6732230443287148,-0.6839035648671623,-0.5336029683873151,-0.3317060211299255,-0.29484037991323436,-0.43101901465774567
2006-12-27,0.013424111141998287,-1.7269196101251743,-0.7047266084807036,-1.1765215400573157,1.2540532819075552,-0.24111978775566448,-0.5466313759570219,-0.46443460808109616,-0.4083878288013405,0.9459069368580688,0.9663545792664684,1.650302669448026,-0.8315046793170952,-0.7387773366642799,-0.12113587257370094,-0.6097715439140933,-0.31191002853142274,-0.43101901465774567,-0.041196125075188265
2006-12-28,-0.8702153242513624,-1.585710318794784,-0.6635253163338624,-1.3845422187439156,1.1983340942718879,0.9369811029653017,0.7965950483560875,0.16140991312955705,0.0054392448369388205,0.8557543447058052,0.46337294121675965,1.4881157035381183,-1.0199225914646157,-0.592670181823176,0.3655481854057073,-0.5415771232072008,0.6361476899896537,-0.041196125075188265,-0.22275345593626428
2006-12-29,1.7654276927259684,-1.3157952113804519,-0.32843447034538603,-1.5108046173858576,1.1348628083699888,0.7741841464148701,0.3139781077412263,0.3546749473823841,-0.22331171287946455,0.3688467992577477,0.2956331369947278,-0.03912080426887279,-0.5170375033958127,0.393989479320131,0.7709919933762244,-0.3771958224639853,-0.3255795489017849,-0.22275345593626428,-0.3696993321985232
2006-12-30,0.019597232682818936,-1.0294420661333874,0.24031796583920062,-1.5353111195894371,1.0777259607582708,0.28641254479483635,-0.8484866457497244,-0.9582930138691939,-1.0018146485609036,0.2551223427765121,-1.0174996930680906,-0.9528849654795091,-0.14235109699478604,1.1001817475541191,-0.22098890105852406,-0.3039119052359279,-0.35593486280895364,-0.3696993321985232,-0.3821869371730396
2006-12-31,-0.5003406236293483,-0.6732813375985881,1.3026155130018409,-1.4590047244880884,0.9854830499795791,-0.962816401758782,-0.33738593290569124,1.2212053801268965,-1.2013225967030086,0.317495098861087,-1.6379214403076525,-0.8615787402089768,-0.4044241739035442,0.978423226198274,-0.5717078006035524,-0.11969520708084401,0.07438569664177551,-0.3821869371730396,-0.4290979105043671
2007-01-01,-0.07220521961884446,-0.3254716571033879,0.3640146804156105,-1.2590538729105367,0.8107384093479661,-1.519746103979994,-0.369242014029717,-1.1271573267613648,-1.1220350140051236,0.7296001845836981,-0.7585505732195265,-0.7460077337731207,0.28383307990547324,1.1099603412548646,-0.2571632024537398,0.18538322068618057,0.1653776756837178,-0.3320730125019636,-0.14522949655050998
2007-01-02,-0.009171045111632161,-0.03643514218105389,-1.3844765894947075,-0.9630580946479989,0.6307350640642974,0.29365349136203284,1.3585780214716126,0.7934029220242279,-1.1294927491811864,0.3440642045177449,-0.266797364553634,-0.35856282186624694,0.3109211862569757,1.2535291912509567,-0.056016485612865825,0.3021478636762218,0.17421203827719886,-0.14522949655050998,0.00309114979521684
2007-01-03,0.7058101949187903,0.06748495101075691,0.677152130913698,-0.8035266352610244,0.47009993455272353,2.2208456460927093,1.1286993746711766,-0.00327224606811898,-1.242246653124215,-0.0884182748480432,-0.4771081039684441,-1.0717017378560916,-0.34180581512236374,0.29279127804180644,0.2411129531767232,0.2098325545742504,0.5073174347856676,0.00309114979521684,0.11954575564594111
2007-01-04,-0.42519263954873293,0.34889596663622796,1.0491113793733806,-0.6506843287223409,0.28614964656597836,1.483513394770558,-1.4634153605782174,-0.7041907400753558,-1.3544760786303236,0.7192556519566352,-0.9133519777938325,-0.7472506085694336,-1.0074545380611954,0.1370598215512194,-0.32688106078160994,0.1919836521214526,0.3635333135067188,0.11954575564594111,0.04914659733342773
2007-01-05,-1.0109547090210365,0.5654406928943576,-0.520312490377578,-0.4346801688157636,0.12175141656122249,-0.950381081218648,-1.4848893145008126,0.9396410666196527,-1.2615789357999785,1.2056389984399662,-0.33302881662382966,0.7121767588001328,-1.401198490753421,-0.9337368712948512,-0.3317889331120741,0.005451051925073402,-0.2543957022798928,0.04914659733342773,-0.18636748169815823
2007-01-06,1.1237254005383255,0.8005659657335312,0.06619748839888721,-0.28384109521637796,-0.1188479546050479,-1.707574738039246,0.7698969574392303,-0.9088856920226062,-0.9019245455777377,0.7767775270368448,1.121342965925035,1.4573549853843613,-1.3694407750901836,-0.705530330479617,-0.5145570399141506,-0.1943534746626411,-0.38514188824049544,-0.18636748169815823,0.010547256680720358
2007-01-07,0.22168177029973693,1.063414085380881,0.43736659917412296,-0.16162143408877747,-0.3727474040091198,-0.29371692347314204,1.1511721753408166,0.7623318449549302,-0.7597313462845957,-0.0477228243150526,0.9811202940338053,0.07610479536698482,-0.5536692762241965,-1.2223857354995558,-0.5401597746798341,-0.3538807001197991,0.5300542865920598,0.010547256680720358,-0.22119242838268593
2007-01-08,-1.2246578419531282,1.299897353740438,0.3026882025813087,-0.0048458250663987535,-0.5752160679184315,0.6796939384449527,-0.44728580486088104,-0.49074764171084473,-1.182556182621649,0.25764751820494064,0.2781360757457898,-0.5036244292374367,0.048751388113567926,-1.7848021520095654,-0.8710411914989256,-0.4001656408333501,-0.5590814122595741,-0.22119242838268593,-0.27890661482852175
2007-01-09,1.9710426899253335,1.4994463852722821,-0.2380311029452396,0.1186323301422544,-0.7911753502451185,0.8471248256813098,0.4568634103913137,0.2960301300221639,-0.5198107391596231,-0.4451379666046276,-0.840227426810351,-0.5610381123231566,0.16332983144404148,-0.8606913621853055,-0.6919161694343868,-0.47267578502274293,-0.2648851848468075,-0.27890661482852175,-0.4143910519260528
2007-01-10,-0.572230039557528,1.6464342812627457,-1.6838851146283376,0.29267257354557746,-0.9382979483604802,0.08712869599208241,-0.6077785451958896,-0.18030503341259987,0.7705664180279224,-0.6886834656128975,-0.2334360136358054,-0.8464393809850093,0.09730606586014909,-0.9818144057861358,1.1086864404418808,-0.3531609769429106,-0.687750548838249,-0.4143910519260528,-0.013904188040953296
2007-01-11,-1.8014938715895261,1.7068938092737322,-0.46386203456236164,0.42016931851573414,-1.0696379337845439,-0.3644435717974802,-0.4260232891837079,0.0396752973694363,0.8256720853770659,-0.9153519654081694,-0.6922862370522929,-1.9643089647858176,0.21820354720423557,-0.42867974983422,0.33135392887135096,-0.3797439163985192,1.1545078065163,-0.013904188040953296,-0.08543876819244424
2007-01-12,1.8330650303060254,1.659975859594587,0.2808396239953454,0.5392509779869359,-1.2175559987771094,-0.0863380789204664,1.1444143757610854,0.24440049811554346,-0.28113907965708707,-1.1385013079279562,-1.6204918809856785,-1.8291895465800463,0.2575399337612194,0.34174491631673076,-0.18961220841832102,-0.38495814597602473,-0.18800254496269436,-0.08543876819244424,0.8451147227435086
2007-01-13,-0.5767113667268027,1.4004685738483835,-0.8472131462604012,0.6478379441337976,-1.2552846583160964,0.07847859776802031,-1.2024771093545341,-0.6279325684718235,-0.9212926233441787,-1.3093509334924167,-1.9964545617648646,-1.707755108563076,0.7198548069050996,0.7193684593843412,0.9643431811257436,-0.24642329990735265,1.997922224662874,0.8451147227435086,0.49987762969436084
2007-01-14,-0.7783532129067191,0.957650890167295,0.0063737366606847175,0.7392424147663255,-1.264726335115197,-0.5296342203483737,-1.2314760909800166,1.0730700373395234,-0.7300497917726565,-1.5642829364295763,-0.7837321208909726,-0.6838455583149717,-0.19104621169311017,0.7668793704336663,1.680076575130134,-0.11176794453803007,-1.1272274612713458,0.49987762969436084,0.5047054721202916
2007-01-15,0.2868164033925424,0.28836869301172535,0.836624874802716,0.803202687219052,-1.2496018104283475,-0.47989948231064367,1.6944395580040992,-1.3200981006693793,-1.076059005895923,-0.32603089886442027,-0.22598852382784376,-1.0396619891684291,-0.559019862690032,-0.04976062322612445,2.60456339868875,0.10429735078072402,-0.29441400699541437,0.5047054721202916,0.5393813872569065
2007-01-16,0.648617125978451,-0.39095120922779236,0.2549905639860499,0.8186688127325092,-1.2003029476328173,0.8882771463992253,-0.5941305696348256,0.9832122148450065,-1.7334612751578342,-0.30216117927284036,-0.8797555256598231,-1.8228752435717985,-0.28667293158451,-0.6553833767310959,0.43103775299828384,0.13379781209981495,0.18829661527994168,0.5393813872569065,0.30254219092146284
2007-01-17,-0.09141781719724826,-0.9838462775382694,-0.2170359588326614,0.792225116401341,-1.136616545472706,0.9025117899252453,-1.1179219693756028,-0.2614543784969587,-1.936454546499952,-0.9033192145141061,-1.1730309717549643,-1.5837628817214113,-1.4028637916861473,-0.8466415886448972,0.6618448946116108,0.26294190371665627,-0.3354599603825325,0.30254219092146284,0.11448959141326381
2007-01-18,-0.5075677166817146,-1.3940169130075064,0.05131867866579968,-0.9934505474451478,-0.7274827752907987,-0.5431393095979163,1.3877809079932089,-0.07875860253810478,-0.5709439777209042,-1.3613363795067837,-0.6776699767027162,-1.3455288412436224,-2.4892829581370366,-0.428247207589337,0.8490022855306266,0.4325437610215656,-0.19486394588286593,0.11448959141326381,0.21937746694571839
2007-01-19,0.35240360210653493,-1.5199789087553068,0.48118501340884334,-1.0381031895847892,-0.7611836557737739,-0.6961707325722255,-0.6057490548122259,0.7184239055172034,-0.32699706325993677,-0.8180100116311896,-1.166184312195235,-1.910844547020908,-1.4542181235624743,-0.9443641382194307,0.8463996460719355,0.7062715942686136,0.3165019479116102,0.21937746694571839,1.7778980236603725
2007-01-20,0.4553922056598873,-0.6560394480869844,0.5809823684910694,-1.2411497473318664,-0.6700396423937008,-0.806605852289425,-0.32141858403963003,-0.9949322772745751,-0.1841289626969747,-0.47048345561891214,-1.240533416674999,-1.5855956525712347,-0.10285220248444275,-1.2527347160723565,0.7649239064592824,0.9677879371756272,1.4306511380711635,1.7778980236603725,0.8983478238895467
2007-01-21,-0.6808162303426823,-0.8477467113255889,0.4676447739482182,-1.2661309667055927,-0.7166768439336588,0.1221657954460131,1.6207227679934684,0.6061466034700271,-0.192914134188502,-0.03068184409540069,-0.8821315046210156,-0.6468902897117298,-0.29543133609718863,0.4693495027367872,-0.04995352912717979,1.1993701897396656,-0.9626468335970357,0.8983478238895467,1.063858750515729
2007-01-22,0.22103292119914356,-1.0548406109389765,0.7007921931414776,-1.2516849754155455,-0.6991178786446637,1.2774451106481184,-1.3058707271001084,0.25341671621994877,-0.5490965197933138,0.22127560433495905,-0.40401104309124625,-0.5589853354395353,-0.3517721459900846,0.20242726638087874,0.3149106727795569,1.4187029753302267,-0.0786752379363539,1.063858750515729,0.11886279577129015
2007-01-23,0.34023325601107135,-1.3190662973325318,0.2707977626057821,-1.2885541493726111,-0.617552398912632,1.1017194700277215,-1.4134798477300623,-1.1436882322960082,-1.0187474712019067,0.18866063756243076,-0.4398894236671674,-0.42587386708330704,-0.43300598129764933,0.5636259573758542,-0.21278149597336676,1.219115608138139,-0.8609284599236605,0.11886279577129015,0.5518911246025913
2007-01-24,-0.8750744075025303,-1.6924004600401674,1.2796215044521353,-1.2104907215067426,-0.5531004278316238,-0.5033347847608293,0.45475962455888974,1.450404591768359,-0.8383289256185169,0.4488316452631855,0.1943408291015345,-0.058209477153619245,-1.1756646697064448,0.09250015465444657,-0.5536537597742985,1.0902666204422382,0.7215495917254973,0.5518911246025913,0.12565966048424318
2007-01-25,1.479567399492565,-1.8975842778717043,1.5863479791280624,-1.113283949340985,-0.47660252389492364,-2.6360851770260587,1.4342294003771827,-1.2853973278593407,-0.6275573317952501,1.2125892558970608,0.6162127255536906,-0.19833448534122228,-0.8775254161376693,-0.42326829296221885,-1.3309414720482173,0.9123420549439173,-2.9315885870709506,0.12565966048424318,-0.04641978770189372
2007-01-26,-0.9103668370989489,-1.881035293088893,-1.1672136779751763,-0.9892867991201744,-0.38282845146502475,-0.7394517232896752,0.4852102375929294,1.0282763462298115,0.045009769426508243,-0.16592386111240726,0.6277248884874946,1.111868435580968,-0.8439162618389949,-0.3492333815559345,-0.49154443456123637,0.7182301057422457,-0.7297556759709177,-0.04641978770189372,0.07697834429597136
2007-01-27,-0.8521443480597326,-1.4098303216611328,-1.8787127853877055,-0.9810276728072276,-0.399448574735436,2.08673557842152,-0.9927631797917317,-0.8119806722935922,1.9618119535501253,0.6885678016520679,1.3747088481697443,1.964337621684181,-1.3831385159245961,-0.8195583391719542,2.6564927099047906,0.9011939088130696,0.35937191084256415,0.07697834429597136,0.13163367399059592
2007-01-28,2.092555357807619,-0.7260914469080477,-0.37788272052456695,-0.8273261279067209,-0.25014070446911785,1.9776629443336147,-1.231189654821211,0.641974754620753,1.268715260208369,0.9831622490433667,0.675699720947928,0.8628891470421381,-1.9540340839722912,-1.1737429360120477,1.1841312875950762,0.78739708997105,0.09975035978083101,0.13163367399059592,0.3659573280514642
2007-01-29,-2.329289013263082,-0.08362566651053298,1.7625985834602433,-0.6467571743820656,-0.07780745146841221,0.06609454800420647,0.7547358741837396,-0.5448039039391964,0.3789285885571851,-0.41318792680379157,-1.0284793021969951,-0.43502363387598286,-1.0242249140694188,-0.0014920319422122702,-0.42393497406855934,0.6513457331584481,0.5143734672300958,0.3659573280514642,-0.11838853691922074
2007-01-30,-0.17002683262760238,0.4016133543519522,1.0140040121135838,-0.44919498662796653,0.054490391058704984,-1.8141628459318548,1.5294830208804742,0.3686256618462735,0.7222805977710397,-0.5620200617279473,-0.8471564160506719,-1.0559552513135224,-1.1683290086978009,1.2679924622833343,-0.5764022162164001,0.3303751351663542,-0.7566572762711504,-0.11838853691922074,-0.10675084399739326
2007-01-31,0.6347334838331102,0.7569344169572524,-0.1745752301661559,-0.18741478988930005,0.2094104259993166,-1.966188200444893,-1.0617496997107958,-0.1805155730528027,0.3140685927365141,0.10251039873027386,-1.252828798143181,-1.9443628040607033,-1.393956892373367,0.961262423871916,-1.1020696375178065,-0.03489039505007748,0.0786987959619647,-0.10675084399739326,-0.3671914289357958
2007-02-01,0.1629636462774256,1.0045576635524447,-0.6357248365650795,0.047454334928987714,0.3092511395284545,0.07257157863994501,-0.7148950737381468,-0.049314926140166804,0.2265005188645799,0.8230532784784504,-1.2140868415242045,-1.011898731622121,-0.45093567631542053,-0.6274477922376658,0.09693766733368665,-0.12520017239854636,-0.47905902055286903,-0.3671914289357958,-0.40894864382537105
2007-02-02,-1.23561846860654,1.257742348035563,-0.02709389688404481,0.38676896638129094,0.414198976654837,1.4062175468118598,0.8536585711534861,0.07216792804646785,-0.3304743527811764,2.0466879100515185,-1.1397141845680299,-0.3597921150727446,-0.47820358260696244,0.7327064437761637,-1.125998630026096,-0.4886025783692706,-0.08785952748381404,-0.40894864382537105,-0.5245457320716578
2007-02-03,1.8263539591793916,1.5941165074977266,-0.5964651892758148,0.6189272959554694,0.5366399426992744,1.5270678155358945,0.2325045884080052,-0.14884447562547432,-0.672890135746081,1.72681682930191,-0.6252773890379821,-0.026975685421587407,-0.35279015521538803,-0.27401622229654843,-1.0152394690347109,-0.6733506556757907,-0.22496331068216213,-0.5245457320716578,-0.628447942447553
2007-02-04,-0.7800847092930836,1.9180679817679753,-2.0996851601839555,0.8122662241162082,0.6324703425121057,-0.00599882496685181,-0.6641438589957481,0.14912684150727828,-1.2426847313157816,0.36853436980431614,0.25513372168882725,-0.06170560013866301,0.2714823061431233,0.933593001887032,-1.0468645901750757,-0.8231319176221996,-0.024963338397544135,-0.628447942447553,-0.6732823008974482
2007-02-05,-0.6820256435748978,1.5085239423703607,-0.5182219933105642,0.9766256150240279,0.7261506188273484,-0.35133858040507004,0.3551466531983182,-0.191663071819185,-0.840339137276344,0.2150522438020108,-0.18669110778445291,-0.05049163915685923,0.3728915201290511,0.41619672540835456,-0.8359667481111366,-0.8480877058810149,-0.18890834641131912,-0.6732823008974482,-0.6835332003609602
2007-02-06,1.6822586402483317,1.002848270586697,-0.19047081642611366,1.0321288910353674,0.8079179862125865,-0.2911640960267522,-0.11580139594032844,0.40306642070633336,-0.4159745901141139,-0.1176078003743612,0.11336320053187428,-0.13500641801880622,0.9581236256971223,-0.8428669606965247,-0.9388248622637255,-0.8857428895988937,-0.35582023452657435,-0.6835332003609602,-0.6643152974706508
2007-02-07,-1.553452991508927,0.7561061677843361,-0.03810486071464914,1.1411789364331841,0.9183629849058799,-0.6654427113641187,-0.46372387015604394,-0.8111345243970132,0.12147683469355189,0.5124412420815951,-0.5136691428012072,-0.3020866268980098,0.9164617369596342,-0.6589025146592783,-0.7641021758410028,-0.8881508104852083,-0.07167533356897224,-0.6643152974706508,-0.731366183166623
2007-02-08,0.7349393516132774,0.6494155655263787,1.0521247943193095,1.2099067959300371,1.020864636011844,-0.4671702213450299,0.608487091734557,1.0786067705879416,0.10207869672586785,1.1620789822349986,-0.24618639994692737,-0.7862055869889079,1.1211887290596743,-0.6307703183925348,-1.226018096363185,-0.9215054284427088,-0.40309504635252646,-0.731366183166623,-0.790991190041335
2007-02-09,-0.18315587800467079,0.6395506332033606,0.7628260005789729,1.2862669502002821,1.1010805053878439,0.5430435622127568,0.09647346694230759,-1.0159094900414116,0.3030488781599944,0.5953375497709661,-0.8333510807571937,-0.439509803483378,1.4192400118443034,-0.5419986420519542,-1.420151963480967,-1.2405759570635615,0.044537734226913935,-0.790991190041335,-0.9546515840339793
2007-02-10,0.07080050672742126,0.6015355038380162,1.4706065325175997,1.3145372503008392,1.1946783109539423,0.8110278259469176,0.37195851685248277,0.6828721115151295,0.9532497713500221,0.17872559944514851,-0.2729865348519518,0.04433133084178196,1.8811772828954298,-1.0373948560278887,-0.9355330409443252,-1.4453057092083825,0.14519248268038806,-0.9546515840339793,-0.5649804533508296
2007-02-11,-0.08193253230451236,0.44617012666440553,1.5064347318472011,1.2619743066032263,1.1830431949332294,0.4068408513701334,-0.7374403904182606,0.0620929608791933,0.9351169984613311,0.8880249679340166,-0.21787690271042534,0.18444126458775575,1.608649407248806,0.06719953136308537,-0.4879085792911982,-1.482900803871222,-0.133573191752904,-0.5649804533508296,-0.5190239344087834
2007-02-12,-0.006086466515158857,-0.060773443810114985,-0.055112372837408045,1.2339039402928116,1.1914983981222544,-0.325499522926328,0.32435398134392984,-0.8798904308636206,0.09989617563213513,1.1632528188723843,-0.4354156876879086,0.076800995963033,2.1892536087714136,1.603607785771539,-1.1334489702986281,-1.572020517310052,-0.19266456631676018,-0.5190239344087834,-0.7918936745722964
2007-02-13,-0.3023097259882947,-0.5469778286573508,-0.3615774522989956,1.1831268295810171,1.1645405668526647,-0.7154491080243682,0.2626456076756752,1.1141322307381483,-0.4035395034816172,1.6654897162750657,-0.7761031771768245,0.1541215899098061,1.8146804461063128,1.5341914724700538,-1.0478561942001094,-1.6053906360202084,0.27468694966196294,-0.7918936745722964,-0.8167660560453646
2007-02-14,0.7761421208761253,-0.8883785296902524,0.23176325384164298,1.1185414789582506,1.0601197454239448,-0.48784874928168087,-1.0621355059662654,-0.7377125840539784,-0.4618589643859132,1.8428767979427783,-0.5213135477790221,0.4864953410736883,0.7978643125471804,1.2928263198729377,-1.2909258800040624,-1.7563249133874856,-0.6402084453071588,-0.8167660560453646,-0.9986319776472178
2007-02-15,-0.550739246770704,-1.1128926672559039,-0.48961262088330487,1.0292898581922338,0.9121771095669827,-0.05157554902234433,0.3101096661642042,-0.23181518887546265,0.36344379257474846,1.2622339117503292,0.31566772034455903,0.8805718628033744,1.0664619243334714,-0.13394513999525257,-0.564105989423247,-1.7316854292531594,0.022319604110820703,-0.9986319776472178,-0.7011396721830657
2007-02-16,-0.3010236104627371,-1.3438466231793558,-0.5967371454310554,0.9092639032475008,0.740460427501198,0.9765222247740164,1.4246366618088568,1.0711106271966455,1.1509004600659998,1.1199141366857503,1.2649827206931559,1.2360885677984548,1.1554539631839067,-0.7039428848361742,0.5152189693350202,-1.5988019184142246,0.8898946464512016,-0.7011396721830657,-0.6052101213631941
2007-02-17,1.045575814822944,-1.4865560047193178,-1.658208409930624,0.5658626539851841,0.5262083972831714,0.6307938350567494,-0.9310220892922361,-1.4051864290500744,1.5994962841064313,0.26384662051290364,1.2582237622348054,1.6900170401614036,0.5470690060123589,-0.5083653656533718,0.44261926980066635,-1.3532977618262865,0.5694819410225272,-0.6052101213631941,-0.6190292149996159
2007-02-18,-0.18222893738948306,-1.4777356705616438,-2.276549620031464,0.37487638731325057,0.3540322342872848,-0.6308356487119544,-1.346136997841623,1.4384192839170395,1.4725081058614962,-0.1882479806540662,1.1076481728063097,1.2888396530920827,0.33763252025994595,-1.377358652434738,0.4579513590915261,-1.0891542205353777,0.19707813489716375,-0.6190292149996159,-0.6626785794913018
2007-02-19,-1.3190301306425822,-1.1911117936646654,-0.245468460767378,1.108619273158295,0.5111127551818092,-0.9240437143672121,1.4958641827510315,-0.929536093563529,1.9651971303266123,-1.693867911292038,-0.5533245033088416,0.3427664809253026,0.5131215155131468,-1.1558587363002835,-0.6228223895021329,-1.0160806576272614,-0.44778887364098385,-0.6626785794913018,-0.42615441774905055
2007-02-20,0.625353325420191,-0.5774440856820433,-0.2876306404886332,1.125482428410884,0.37603394708781906,0.2312958231888543,-0.8172233936528881,0.8883005477811714,1.9130305280977051,-0.6704945510888417,-0.5008589795814729,-0.2717674839507486,0.8880317868594292,-0.12310988560579514,0.19756588478815004,-0.8502057217260296,0.02220343685264286,-0.42615441774905055,-0.5699663298235109
2007-02-21,0.762228188074149,1.207651993770195,-1.5090480428809703,1.2819606121040168,0.22392049331441158,0.2911570841040174,-1.0498760598161485,-0.8592767200688525,-0.01535994645757336,0.04671822133870353,-0.8536843506193934,-0.21773112363058658,0.8214696700603463,-0.299893753541433,-1.303451576966803,-0.8919143487341507,-0.2778550384848277,-0.5699663298235109,-0.7465700247021324
2007-02-22,-0.9261870627711635,1.5853857709983064,-0.8774177070178406,1.2312186481907805,0.03317491737502592,-0.6438644896320583,0.6104305027670823,0.8328497877743514,0.23886566952796784,-0.8260864943961604,-1.182449859977509,0.863514633733569,1.1720789247325345,-0.5110239959521398,-0.5977456878188098,-0.8275964953067854,-0.3366084194952991,-0.7465700247021324,-0.9042197375636242
2007-02-23,0.6155078954961856,1.6701755186187297,1.5714105700026126,1.1492858023154306,-0.12045729025401117,-0.2018467802428656,-0.6079588953980862,-0.7122996260691987,1.3574148473084071,-0.5958276524347569,-0.4149909328136606,-0.6106367614163289,0.946267866967204,-0.7093276207566221,-0.7422634583816058,-0.8508972545471891,-0.3543967684634135,-0.9042197375636242,-1.0078682514909434
2007-02-24,-0.0036649441039492293,1.5529624244008282,1.475244068964581,1.0504967218609043,-0.280845506749344,0.9562537371188186,1.2043063989594,0.6346732886409302,1.3394871928993342,-0.457738872469191,-1.257203439901022,-0.9192240022679244,1.44570485549784,0.4889729824890169,-1.233179841898082,-1.044207458563704,-0.33553885148361934,-1.0078682514909434,-0.8511996175255838
2007-02-25,-1.062156835865282,1.0878710064709423,1.022245587164535,0.9129855137423353,-0.44912469721732645,0.3144954533375052,1.4582713618351437,-0.6176760223842861,0.760582862781209,0.2989115325003538,-1.2748964759118737,-1.2243384868105092,1.4065875355371746,0.6333074159956106,-1.2528120112537713,-1.0937361701153199,-0.28107675618370065,-0.8511996175255838,-0.9784037261753049
2007-02-26,1.4108775419943709,0.3235685909263944,0.16733186700143493,0.7477625619831849,-0.6184360014734539,-1.0820025489709026,-1.1404943016669815,0.7103559313231957,-0.4341268578443569,1.0020996921211338,-0.8537497350908924,-0.4769186222416012,0.4356181401046125,1.5310857743212878,-0.6229439145327815,-0.8973986940775903,-0.10396219740505647,-0.9784037261753049,-0.979218767390038
2007-02-27,-0.5603621565796991,-0.5416239368249949,-0.37376465544720316,0.46401001778471473,-0.7295971247950852,-0.4775068076781293,-1.8223224932173938,-0.732003170948057,-1.5999660004503111,1.476486870766114,-1.038584039153532,0.4363961070973275,0.0062012378373101935,2.1427391833695255,-0.9001797494856969,-0.8632371370978181,0.2499669589040662,-0.979218767390038,-0.7659071493537666
2007-02-28,-0.38092681457944194,-1.3167041047937003,0.784652288251109,0.39337402649304537,-0.8166337230787392,0.4082438455333242,-0.1279410987209712,0.368025457972856,-1.8955597623674276,1.1153551097126198,0.28102558026729907,0.6240634564444414,0.20574230754829664,0.6258114383516794,-1.2565195001982206,-1.0288450427358344,-0.20311371496146977,-0.7659071493537666,-0.8173277540632587
2007-03-01,0.3427064763538959,-1.7858218802933423,1.2871018613789564,0.20826580139386566,-0.7883608620388323,0.9038339845367501,1.0165040343132168,1.0205709151685316,-1.3799543689795424,1.262777371144221,0.8910509214791955,0.8065961459623894,1.2429373066751936,0.4283628147212355,-1.4371014162653302,-1.3028478605791927,-0.15214255906150093,-0.8235657207580194,-0.7283775411830334
2007-03-02,0.38352066679530833,-1.971003255231245,-0.5289926942603523,0.04613406662435413,-0.7147326359219943,0.0605428707019992,0.7821299480395865,-2.088442169637198,-0.8852400098348768,0.769130700233138,1.3401754889109163,0.7137993500346617,1.0728554453253931,-0.21010762272561195,-1.196215746065143,-1.455902225339177,-0.11708644711114524,-0.7283775411830334,-0.7387774654249879
2007-03-03,0.447856686039248,-1.4214933696092544,-1.528766354489599,-0.24560350579565657,-0.6917746839155493,-0.32224073322640434,1.8092027743956478,2.6602371282596295,-0.8389445683805795,1.0916688908935852,0.9248901512790106,0.9698212293614641,0.7869184490968361,0.03781349739175473,-1.419778136066539,-1.580327574022507,-0.13891248337206852,-0.7387774654249879,-0.6883063978376959
2007-03-04,-1.1178908120474285,-0.6106517145016584,-0.9191574774879827,-0.6649122927127215,-0.6381620344297017,-0.6242776230940137,-0.7343483054118781,-2.7765219184255767,-1.0071632563740256,0.3321364874641247,1.3161312061840118,1.1162729462211944,0.5686578625648777,-0.16466364833974298,-1.5518959302849067,-1.6516325226199151,-0.17560526714291616,-0.6883063978376959,-0.9092928867009524
2007-03-05,-0.2921036305261465,0.0028000883539239948,-0.1921706942571391,-0.891998601374676,-0.5756181486073372,-0.5496924751846258,-2.2783014830348747,2.568626943302348,-0.6292337281258081,-0.20560019288146028,1.5292400856733896,0.49868430475875086,0.8479603932752483,0.42157830642732086,-0.6684206327532538,-1.7544709022005223,0.2741413217809157,-0.9092928867009524,-1.1710549186640025
2007-03-06,0.803039882257868,0.387247647647984,0.16935278400433995,-1.091360499165426,-0.479589247656049,0.6737365561121599,0.03703044075464844,-1.710582365444928,-0.036794160427132704,-0.254520738716064,1.3700074756333256,-0.1598172930613035,-0.323350704481569,-0.4916997229273605,1.0824263833592425,-1.5972020124733364,0.04336654568845712,-1.1710549186640025,-0.8112457333823403
2007-03-07,-0.11779749127292205,0.4860541361428732,0.26022379549845726,-1.131043133751313,-0.42943374121981037,1.2246833454824124,1.5610914169090995,0.3246398787792356,0.03651752180528808,0.6180601705673511,0.2464181628598845,-1.0432419099601686,0.4388401121380308,0.15608270270316968,-1.530563762158837,-1.6925762162129085,-0.11405473965966414,-0.8112457333823403,-0.7097027596822078
2007-03-08,-0.17565018550691747,0.3162753059373463,0.1414655177103474,-1.2226970541450497,-0.36497213772145515,0.08919862080095979,0.6630918872904098,0.6775575346529707,-0.3211378931883733,1.2071567078188217,-0.30385889428738116,-0.433318734584477,0.8010373088979056,-0.02733685439161561,0.3657271072904568,-1.53067698233589,0.41445699596036367,-0.7097027596822078,-0.6386708795112844
2007-03-09,-0.5460296262662122,-0.11940103318109148,-1.0766434430444236,-1.2934703092446846,-0.26601133976766683,-1.3941206160907196,-0.05419421346582241,-1.1269030239243991,-0.3714968643136634,0.660803916044034,0.4695120005554834,0.07177703629490244,0.07958305184871699,0.9292590143858971,1.0784896186149568,-1.193314765302871,0.2331150240034901,-0.6386708795112844,-0.16181416484215064
2007-03-10,0.32881641989416255,-0.621096161573606,-0.5763015691167412,-1.3443447719920147,-0.18885497115128708,-1.1285395065523947,-0.07569692242360473,1.0068504251164978,-0.32902221294239925,-0.24327669633637009,0.8460117557494743,0.06519275732911062,-0.6828819205337833,1.1836846633755516,0.629409289456109,-0.9045491099909071,0.8149255130087473,-0.16181416484215064,-0.38392918878076304
2007-03-11,1.0751625802568634,-1.0312813396129907,0.5624222524674946,-1.3818509427396815,-0.10534956258730387,0.4306596958977714,-1.2729078308527382,-0.42482300854984123,-0.3305214283902364,-0.9567816462240429,0.45183766837637784,0.2127656801158637,0.2740978450835831,0.8959826656377337,0.06162336604940769,-0.8154089987952317,-0.5616274280448735,-0.38392918878076304,-0.4354886770455623
2007-03-12,-1.1035335559781752,-1.1827525371240522,0.05856225015000578,-1.392566643948048,-0.08678250907786424,1.1488020261113885,-0.47999692434885627,-0.12464928178237533,-0.0818322152716186,-1.0623384184268068,0.4293701573872201,0.5174117340928291,0.07741456538350858,-0.03399831140702105,-1.0945679396319452,-0.848149849687264,0.18064276419511535,-0.4354886770455623,-0.17881601933655222
2007-03-13,-0.010823541460722955,-1.1145116866470826,-1.3276181732776093,-1.3485508032196063,-0.07372053899231357,0.43361497362408175,1.7805293943154026,0.44388544093149174,0.30056736109748633,-1.1658181758447856,0.7980367544618883,0.21388190035142485,-0.538701611069049,-0.10829504153125194,-0.4358991634553579,-0.7721826715520603,0.8874977869943732,-0.17881601933655222,-0.3897124067199562
2007-03-14,-0.09045546447658596,-0.6553634905611895,-0.607719423919144,-1.371685576527353,0.04339008714210537,-0.05608052771124143,0.25915271128739886,-0.41997931217594564,0.11513458825887919,-1.3305396394840427,0.5813016057622263,-0.5944280824688202,-0.6405578815926022,-0.14500319098383546,-0.7418071012774011,-0.7450720946437414,-0.31583730078825023,-0.3897124067199562,-0.5248054795564694
2007-03-15,1.6761361475256693,-0.0015691922877180656,-0.4093584540298558,-1.358874856276204,0.23280166198069543,0.01398599772389835,-0.579569650817924,0.1344135564293401,-0.16598971568943527,0.13344374780121454,0.8949704120891843,0.11110317650654582,1.3157912209665923,0.44384639343034826,-0.4962834686263883,-0.6662387276209356,-0.25941753040934307,-0.5248054795564694,-0.40365812963164066
2007-03-16,-1.935510483938629,0.547782398757145,1.1856001488466035,-1.33215095801147,0.3667769284898431,-0.6155908074344254,-0.7378976140805297,0.12576331759819484,-0.4047440363024076,0.7377356732129053,-0.601250627777771,0.10324824077088848,1.8690760918608802,0.29057774180240964,0.1315509322150904,-0.442168543306421,0.2979791169707574,-0.40365812963164066,0.017091086112309077
2007-03-17,0.2811022675905449,0.8483661282480399,0.9718064171736077,-1.2684486853378567,0.1870155719470004,-1.4708238173872157,-0.12570407340921194,-0.18651766755335838,-0.06282321438008331,0.3114362467665412,-0.7131447675839168,0.6954902871994022,0.3117297199232371,0.4787841785613255,0.49263362805499944,-0.11361055162331987,0.8518029636477712,0.017091086112309077,0.18962830336537734
2007-03-18,1.5831995503658636,0.9800590301604093,0.1230536365183463,-1.1189483530007933,0.23909734425711104,-0.30543848715680316,1.6873601126739948,0.17401119774608417,1.0831203714042088,-0.3746235635297547,0.31777445488019845,0.6697037111900072,0.6763900998859851,-0.21485417531871845,-0.9102511971364968,-0.1957482142518863,0.35736354568598877,0.18962830336537734,0.4358047541120432
2007-03-19,-1.1351677908170197,1.0414413986900362,0.34944581499513055,-0.8494361217407813,0.2573970540400206,1.8717632669586253,-0.8352832835656363,-0.261482793135667,0.6225789344553364,-0.7201647181739897,0.18698644317241014,-0.18799156380785773,-1.104866053135161,0.5102409262216336,0.05670038174625393,-0.26658025316878636,0.5161145568322709,0.4358047541120432,0.2018256831976656
2007-03-20,-0.38625532104798205,1.0522913796767215,-0.9669957834100584,-0.48847357502622496,0.3407344777064335,1.3623663399579142,-1.324414587617986,0.6424537379096557,-0.0008025873967007571,-0.8305577972293171,-1.1291409229047955,-1.3082381676219894,0.17443452245069746,0.3138465219005824,-0.4927919127376981,-0.15325056168610046,-0.3907912266917029,0.2018256831976656,-0.04866187510637521
2007-03-21,1.7246776280530887,1.034678347732665,-0.6208679567224213,-0.12311089606470405,0.3176814316108085,-0.6340786820431691,0.8594660835375036,-1.2883537763543478,-0.6311554745627564,-0.7818049961354638,-1.188147540306463,-1.3959017201115753,0.15022443745298172,-0.369950718958154,-0.8513483829671212,-0.3280115130351167,-0.3924421826647105,-0.04866187510637521,0.1140367481298756
2007-03-22,-1.646372550257165,0.6573611085981728,1.6001516116051444,0.17728511152411003,0.2845684413612951,-1.1065218553470246,0.3237486203531695,2.0096444673273917,-0.8935335715072514,-0.28789525044034286,-1.125039454488991,-0.9088512868784958,0.15529195697096726,1.3254634015529465,-0.936724702138405,-0.6250116869840772,0.2502382263738917,0.1140367481298756,-0.18976463670549806
2007-03-23,1.169877876954425,0.34902609836796245,1.6550487175321507,1.0698560796913674,-0.8431944098809333,-0.5391293366455377,0.3398118431812392,-2.5488762249213552,-0.5739805497194941,0.24573572035912533,-0.4067260261768198,-0.3476053966116232,1.4529288195816543,0.4762972102020095,0.5280428748617235,-0.6362063020280115,-0.4254746797123447,-0.18976463670549806,-0.33921735694637817
2007-03-24,0.41132625734778505,0.23700570457045833,-0.811884787299293,1.0417110698214582,-0.7923931993938861,0.1209331723555955,-0.5101309399932202,2.220936235386251,0.17883138418706732,-0.6135711240261201,0.709462182600956,0.3518825779713967,0.9453041213631098,-0.14130631031883603,1.0922873281379297,-0.4358380623661474,-0.29966292939654493,-0.33921735694637817,-0.05585417053715592
2007-03-25,-0.8044792402926186,0.7507540076090987,-1.8389324334796162,0.991157080300843,-0.7517051810596732,0.8261676345027222,-0.7148110753763574,-1.2363253622917176,0.7640339541964534,-0.6020904889239476,0.049442701148741365,0.10709216835905738,-0.46043444094797925,0.061063516455800354,0.9782602135452476,-0.20212699520848162,1.0460602128194134,-0.05585417053715592,0.3581626276370526
2007-03-26,-0.18452671965639622,0.7705945857218501,-0.08622231736413308,0.9467642580273838,-0.6836347801062159,0.7667480496070264,0.8282917013258618,0.47605062978457846,0.7914405917082193,-0.14343892621780746,-0.10439042857556836,-0.31506231573953974,-1.0819061503238154,-0.5652143443582457,1.9562204337276878,0.12413187749422183,1.2069288225411232,0.3581626276370526,0.28765358136982905
2007-03-27,1.4224040543463432,0.8848964645288323,0.5035801075412887,0.8983017868021184,-0.6125600732401475,-0.739309725796282,0.4004794492111136,-0.1523663788526029,0.9773545724513582,0.3854234664487066,-0.5082773226715943,0.423612954351798,-0.051635509619037984,1.2301623843184846,0.8170568373249064,0.2808621607536828,-0.2985273806642882,0.28765358136982905,1.835598638493448
2007-03-28,-0.5119793531998401,1.0523869977952154,0.3702147952782339,0.8256115170594588,-0.4845552461246278,-1.150571382264335,-0.5135932148768068,0.2913182618630012,1.5140661021898725,-0.0960314287039638,-0.09144367040761811,0.9804631389458259,1.7540543746297073,2.2432959272031026,1.7535665969838774,0.4764022471621698,2.839181294550083,1.835598638493448,1.42950933311887
2007-03-29,-0.160253873396278,1.1675383289644272,-0.6703780694549519,0.7680892988426625,-0.39226457928870123,0.5657443714863818,0.06890852088996037,-0.502563144717522,1.8781052538073648,-0.6802071882609554,0.40966902052104487,0.6128245821681663,1.5406991984638843,1.9088343091706157,1.4202333008511225,0.571395127763424,-1.5813629386166985,1.42950933311887,1.7568280882656797
2007-03-30,1.2223821792410325,0.7671368482790786,-0.7046909972945403,0.8343812431871027,-0.23716481828008015,1.1950451019233326,-1.3852507350284464,0.49593177090366297,1.8097549852243815,-1.86732552511011,-0.22651083109246703,-0.02548626167321501,0.06598007234601808,0.29304261180052094,1.4415954825061095,0.6609079763496875,0.3384413522521208,1.7568280882656797,1.5657822122559244
2007-03-31,-1.1216881430168344,0.0639563455464359,-0.09966843023101493,0.7471153172413508,-0.0771072566618253,-0.5142470330277626,0.7861709157005315,-0.26944265084728103,1.0544874675960934,-0.9388385411901743,-0.926767437223773,0.4565743744105339,-0.341197377611771,0.13697997744140425,1.3049086346621404,0.9670995390401292,-1.2798438347994505,1.5657822122559244,2.4074627356875857
2007-04-01,0.35339669553149683,-0.4509117431800846,0.08899222414232534,0.6455812024080907,0.05881901798917066,-1.367880532500989,1.2329266599254307,-0.43117885752095714,-0.6403721093842671,-0.6157204570788383,-0.8193393689339181,0.09029113912659034,-0.6096706939896273,1.2669438741451913,3.37014123273777,1.4961313086893566,2.7148621192688984,2.4074627356875857,2.2197170921746983
2007-04-02,1.1023818996594246,-0.8628629446668903,0.11191435468696237,0.5055725573832419,0.2015005626051502,0.41712314879031065,-1.0511072882584602,1.4510509204198756,-1.5535946432688807,-0.906462176584095,-0.716268586038273,-0.08302532853608954,1.243597168486606,0.7621972946607146,0.4359536464189015,1.6765164587104142,-0.9642623735420217,2.2197170921746983,1.6328083152196062
2007-04-03,-1.3873733837345514,-1.2291792769024956,0.14810376020017219,0.33737261801133156,0.31961269044175195,1.3770639272835845,-1.2225958633934377,-1.3104251195039098,-1.9882673505566153,-1.3904498597700836,-0.41899684370211904,0.19731219585075,0.6617526315093948,0.3493507487916729,0.958803461001913,1.9968790684385818,-1.6089821153905806,1.6328083152196062,0.9216075674800496
2007-04-04,0.2326000856390504,-1.6007710978757155,0.35767143198548107,0.08628667912710886,0.4470414936142413,-0.0288653692752702,0.15941267394598782,0.9818842905530532,-1.0516519006670646,-0.4781097892805946,0.30578842009831725,1.038888511302039,-0.17170027685553163,0.7909948545526662,1.712657064726462,2.477265726082577,-0.9047189497360419,0.9216075674800496,2.5493238852185125
2007-04-05,1.7187142227796168,-1.9343472344620125,1.3612695198929752,-0.20419691370673307,0.6117084494515437,-1.2800417004972755,1.4188592328404241,-0.568483106787677,0.4599178618124603,0.6401807926979995,1.605557282727073,1.3191867103931845,0.6959457383714477,1.1256899094325448,0.8628723433014485,2.632953139886134,3.152183385999004,2.5493238852185125,0.4755034073931976
2007-04-06,-2.368179235126286,-2.0958034098757143,0.6504218518851507,-0.5003483946163836,0.7100206008538129,-0.5454187098313099,-0.0952045721672142,0.32380234551889764,0.8201558158726507,1.7053293512681191,1.5681074189562163,1.2957428346128024,2.400355036757008,1.592961913573587,1.1680042268299116,2.7396303116244978,-2.898824537667153,0.4755034073931976,1.0038964642185262
2007-04-07,0.9297745572553936,-1.8950323171201093,0.09085622052497641,-0.7600811915633883,0.7699614280772011,1.0780930606339474,-0.18723736413130426,-0.42403558786329953,0.9129733486745216,1.0855390923778925,0.841729528438825,0.7773515275048414,1.3704818282461904,1.1015939697432091,1.091212456456345,2.790615972234326,1.2076650762497183,1.0038964642185262,2.1379261017861335
2007-04-08,0.6218084568431942,-1.6159861218436693,-0.15227563654153406,-0.8759858093332659,0.7852422135065855,0.8324539030393266,-0.5349599555722969,0.7511352628344253,1.4930352142710912,0.2430079913701687,0.5510957321942453,0.4151980586974661,0.6551312391668755,1.3179505849105828,1.086046499101878,2.5254222061004667,3.126259957180926,2.1379261017861335,1.6034183236076975
2007-04-09,-1.5024539598373465,-1.2487509932554504,-0.5868556763321924,-0.9764553228267003,0.8217583781876833,-0.32819092447325776,-0.5188150704739691,-1.0088656987936946,0.636511273235061,1.1158794457017693,0.6885196439547839,-0.0065789620392658794,-0.08377693144266483,1.528619637881362,0.8170431876480779,2.3586317414892894,-2.29712515033414,1.6034183236076975,1.172681870594806
2007-04-10,1.03954871852007,-0.9277861417975748,-1.9293885148683487,-1.0179292148979726,0.7673659811423165,-0.7271575539642001,1.4838299252230005,0.9664154833810606,-0.390490716486097,2.2972680579521185,-0.27469511533065577,0.6760765529361109,0.445549796871888,0.48124533538467934,-1.3265768224407009,1.9559737232689447,-0.9588368036060465,1.172681870594806,0.5051486976266184
2007-04-11,-0.5167382915041477,-0.5066124012066595,-2.3334862633591733,-1.041285332516247,0.737943440145637,0.14615302514748144,0.1648043184990447,-0.5517387580987136,-0.7261339446964743,2.7736873668101234,-0.530716137479696,1.414663666558685,0.3194684697494765,-0.9508880648638648,-0.39969968303263803,1.800840539997053,-1.6251152556562736,0.5051486976266184,0.07680818448895177
2007-04-12,0.18382341169314556,0.19244843641975987,0.5325081827058782,-1.0435503175693406,0.6823245241861223,0.558477215364717,-0.7993873433193416,0.07466990541416078,-0.26659857568786993,2.210126495270175,0.9705234861284336,2.0333287011305736,0.7677636859610113,-0.6034241549444311,-1.406209801118075,1.4279716021842526,-0.8085023110498689,0.07680818448895177,-0.2676567178943655
2007-04-13,-0.34907524920945127,1.122791784348205,1.7898381277721858,-1.0444819017919702,0.6649165467715181,0.1026299494700975,-0.6082355566853938,0.2071296353016576,-0.06861679476729816,0.33022690162095386,0.9519695651191779,2.337120353233731,-0.8283797391199536,-1.3990519727303863,-1.6667988498221142,1.0250111673625233,-0.48510237829205305,-0.2676567178943655,-0.4057819792083408
2007-04-14,0.4148903063712875,1.3205160619995213,1.8669938283278977,-1.1333991705507345,0.614946480647719,-0.378561501955187,1.1875366702830044,-0.15548614806886113,-0.17625380689235884,0.2571910878540126,1.9353845093163593,1.1927901260797946,-0.8694333444758734,0.2081278549188243,-1.2426392121058771,0.2304994527298523,-0.37614770568979367,-0.4057819792083408,-0.5282376048792231
2007-04-15,0.5721461094941022,1.2556919642047473,0.40871823340636515,-1.0795773753971487,0.48821019404662963,-0.40753007669885694,-0.5687183034618424,-0.21054956940043257,-0.30337361783456473,1.3713641141600852,1.8944837990653536,2.532105071827533,-0.9137067201668327,0.1499668964885877,-0.9980460974987465,-0.017781704131470184,-0.3988241961410658,-0.5282376048792231,-0.9047852520127937
2007-04-16,-2.0487624843599987,1.1413584074112781,-0.8829905927297904,-1.0164373787762029,0.36034361535483883,-0.4049454177438425,-0.6500422409413892,0.6163329383280478,-0.14624072917811928,0.6887854099309231,1.6081209241579808,2.3030091946721285,-1.0992921462537344,-0.1955031745906978,-1.2650634166962644,-0.3233723991296229,-0.6584784694104558,-0.9047852520127937,-0.9255374795083481
2007-04-17,2.1588409265239807,1.0581725250129903,0.1671875889935673,-0.9366282568468703,0.2346068315651979,0.48503532294276586,0.7586995719267495,-0.4784793987785891,1.0474085202765224,-0.5939115033416179,1.7956082419281467,0.4411128421296479,0.22122269005282333,0.27181154156812154,-0.7732381229702536,-0.6925567467082897,-0.06484024975968312,-0.9255374795083481,-0.9814576755515627
2007-04-18,-0.42581678719340826,1.0226543743237442,1.875950215939932,-0.8438382815815516,0.17576434780728584,2.1655823253829953,-0.4850077293067595,-0.3532321794927192,1.728588355254528,-0.050141358199793616,1.2732970703477733,-0.20243304247722782,0.295223535558948,0.45861081918506824,-0.7373125373774815,-0.8675158433510136,-0.14880754146279643,-0.9814576755515627,-0.23391040967183788
2007-04-19,-1.2864122193122824,1.003486326183361,0.559500405768703,-0.7285601547292366,0.03167189693439978,0.023395117910590756,0.9782801828514597,1.064277070542825,1.6677211749576,1.1010949208678986,0.20709720380450825,0.3213111449676543,0.5318402016133933,1.0815197211791492,-0.03434718269680428,-1.0224653071646996,1.0298389091694446,-0.23391040967183788,-0.035279401427354196
2007-04-20,0.8065415547798425,0.8145509757727913,-1.6348022933490227,-0.5943666964204148,-0.09884250174421781,-2.1629660466106118,-0.7156998493852479,-1.5595818298389112,2.144994030124551,0.046466526148154955,1.4542203538076495,1.3220812772671515,1.1052105291747487,1.3179209801959675,0.40629810403883426,-1.0513754775164594,0.3775703411747409,-0.035279401427354196,0.24630894788363628
2007-04-21,1.0467614866806279,0.4168147872380093,-2.0182908569248617,-0.47777190732530983,-0.21732310748117387,-1.1322858166815568,-0.6621542783428106,1.9981473535599417,2.386980398328209,-0.4710062247000118,1.831595712474419,1.5253327915555301,-0.07006270065012776,1.3396814938832864,1.2909301462152833,-0.9239304551929558,0.4697777004878394,0.24630894788363628,0.9393809250609826
2007-04-22,-1.5187689343719408,0.36883301412333025,-1.9793995951876324,-0.30368367087814985,-0.3188321508854516,1.384363135045558,0.6551809499213883,-1.9539062987758584,2.1665310089228695,-0.7706692279740562,2.2860207679312463,0.9153834647617356,-0.5313077957861729,0.6749044268200892,0.3194332549770062,-1.113197675078766,0.8275753878318203,0.9393809250609826,0.5988971175602199
2007-04-23,-0.016175149029013597,0.44903950120652386,-0.6038675809080122,-0.11088222247977342,-0.404644164318023,1.6606167923608302,-0.12121077295311943,1.0747287347905017,1.1401197761604809,-1.7891189555460274,1.4753036426033102,-0.09695261684490877,0.11119844608722748,0.7912784824346746,0.9462567815284739,-0.7902611034574406,-0.4515521879518733,0.5988971175602199,0.2349232165592051
2007-04-24,0.8607348026327748,0.5876909600860427,1.1265617745570153,-0.21213123446432203,0.5472659844343225,0.22439468649418423,-0.07657317239896387,-0.3778862265547764,0.07281658126939919,-0.9905717739051892,-0.3980788790368698,-1.1672493368857224,1.0647869444674074,0.3050169443458461,-0.1305742309361446,-0.8140364336429248,-0.4758673855865081,0.2349232165592051,0.010172030850483547
2007-04-25,-0.4103187830659082,0.7458749916489561,1.3654696091036886,-0.06961673096451552,0.41857418708744387,-0.9707402277524482,-0.6939640926982227,0.1848161153108171,-0.8853469475904364,0.006981402443143058,-0.833334791249681,-0.48193909429488885,0.9538518088190179,0.3368644621170522,-0.08867946425539198,-0.6720083989857772,-0.3924521276411572,0.010172030850483547,0.7984910310220199
2007-04-26,-0.10450084759904073,0.31630748706430767,0.6346094784783043,0.045038127463109846,0.24319443504003346,-1.8014292562330656,0.37956137976327425,-0.060861283524491695,-1.0569503688629633,-0.05294304136433448,0.5404217776105359,0.8036420696102964,-0.5121881720304958,-0.39741640014202567,-0.22427743825147012,-0.4372329128264345,1.0225642547705878,0.7984910310220199,1.5197704696478758
2007-04-27,-0.4739747434928324,0.23599147516140215,0.0060868362934453695,0.16526821666111322,0.08106946612838765,-1.2841784743556608,0.6445663576159992,-0.07126432635248302,-0.6444058986621569,-0.44211809564720017,0.6126971642980663,0.020666513344433257,-0.5289171832867408,-0.42463755628558586,-0.0566048985353844,-0.20259953643945644,2.095156318851795,1.5197704696478758,1.303520142307467
2007-04-28,1.3729318992213273,0.09675853639391467,0.3408657648121423,0.3262980930470168,-0.11260227730823132,1.2527007239001637,-1.112586799340327,0.32726094715990384,-0.0888816844479808,-0.7975043293981897,0.7360590596117812,0.5455530819470019,-0.5364830345240561,-1.2358867600077081,-0.27511073569710026,-0.040856379278339315,-0.39770826446675195,1.303520142307467,0.3222481595688354
2007-04-29,-2.025039817574286,0.015088576977778349,-0.09476010459310401,0.46194919273862795,-0.4006882596951579,1.7154189866841894,0.02623143193534203,-0.5832591635607188,-0.37936487327078006,-0.009277749452494296,0.6098643546437118,0.5135252046625517,-0.7906295215132637,-1.2705398207039125,-0.7850784066075641,0.06773546798809568,-1.6825023597097246,0.3222481595688354,0.35181841530291413
2007-04-30,1.9960635633094246,-0.025591427295204656,-0.34084233474861725,0.5871001611781266,-0.5905011524475487,1.475773911358574,1.2522002422216933,0.90363220150899,-0.5581454189642712,-0.25384704102776884,0.5595454265473809,-0.08355536546951899,-0.49037466314753847,-0.5791296905533468,0.6623595673104137,0.28259301602978515,0.11187370249806837,0.35181841530291413,0.4927161041461317
2007-05-01,-1.0810904564583559,-0.023242574821349154,0.8414481933349132,0.7240459379234849,-0.7016997803096586,-0.7251625162955244,-0.41270861318017815,-1.2172265531514508,0.11486094558215956,-0.5887673384076048,-0.1415126608321291,-0.4678239252450768,-0.3248179832861256,1.5968797483307482,0.2035574920707133,0.49916457689621074,0.08932336073290682,0.4927161041461317,0.23501715928243427
2007-05-02,-0.7106162311837615,-0.002779375867515769,1.3781214725599948,0.798039649451327,-0.8554571887131928,-2.043465161075643,-0.5206207380571751,1.177216860667434,0.11409402480078744,0.5420655767943069,-0.3778581027926845,-0.31631537496819373,0.31447910528470346,0.9356824965671996,-0.041492953166622916,0.5297747135049087,-0.33243352537107473,0.23501715928243427,-0.44941756085323725
2007-05-03,1.3781737404983232,0.02311348139332216,0.9825718687243109,0.8281260597524612,-0.9491480213264428,-1.45568482511607,0.45628700059549004,-0.7853799123264736,-0.2633223824418198,0.9955371061183762,1.089400492687868,0.303455317010624,2.3450155165650868,0.13028656633287755,-0.3233017362408032,0.3992311694752938,-1.3974353607489494,-0.44941756085323725,-0.39433714469438497
2007-05-04,-1.1601113835638754,0.034197725425203065,-0.31447977069192523,0.8321752870285426,-1.017062535871193,1.226100143708287,-0.007212239769459653,0.2957365743449656,-0.3208959434607646,0.7743686057891014,0.21475520228970857,0.8254914669741242,0.980331529033252,-0.33427136333083285,-0.09980065065459337,0.04303472421294831,0.026485179775367067,-0.39433714469438497,-0.33561586381599817
2007-05-05,0.027143445798362482,-0.03758479846798747,-0.7532455551942421,0.7996108625048639,-1.0932055868579238,2.1028405814242155,-1.188191028224492,0.2921061145143409,-0.17651844893433355,-0.17501920601422402,0.45426268222145205,-0.003257065037392697,-0.5022081757625614,-0.25648622451404146,0.35816210729303016,0.0633845638979735,0.08055902348021554,-0.33561586381599817,-0.24091732187619322
2007-05-06,0.45634963977378595,-0.1793705813112072,0.34305984194066214,0.7667344869015719,-1.1149526528076439,-0.19946601738602554,1.0894010395610432,-0.6904531249399498,0.016878063746015394,-0.37069356684304594,1.2629985919048674,-0.4405484723127065,-1.0964527799101784,-0.21986887658365684,-0.5805473878698582,-0.23220033166043066,0.1253523348914364,-0.24091732187619322,-0.8538271712741823
2007-05-07,-0.5687638252895145,-0.4381959881416959,-0.190763404982475,0.6701764584128601,-1.1349083505547835,-1.1715878067748327,0.455134361918918,0.6962349845918493,0.14629667352648276,-0.3222794523697575,0.4487527501587669,0.7190394588433919,0.04903448820476454,-0.10285479360627119,-0.03510098215769528,-0.21254116296858996,-0.9722381588759881,-0.8538271712741823,-0.1569863410305873
2007-05-08,0.007623089902050552,-0.8328205634181349,-2.560163873234136,0.6067362247398825,-1.1312793000532373,-0.33523153295403846,-0.8425754124901212,-0.675281127317193,0.7423853711798138,0.8621208205431133,1.1863529891352973,1.3093694809526955,0.8343849978963904,-0.7467263401421561,-0.10927176111312283,-0.2079555030350097,1.4751884252337708,-0.1569863410305873,1.022662681204337
2007-05-09,1.5455561334905759,-1.2380304641100437,-1.9297959774244315,0.4199167023487033,-1.1201301397393115,0.14490502577744233,0.952803241288456,0.77507537717049,0.9634691917028544,1.0547160814119803,1.7962649709094514,0.7524872073213773,0.5104237222372768,-0.6607455956807691,2.306894970819346,0.05943285153862821,2.0271061166299567,1.022662681204337,0.6571478139709612
2007-05-10,-2.12873478585912,-1.379079741596993,-0.24546989559735383,0.34065920162009955,-1.0743796536315071,0.016219833151681025,-0.9197063940086561,-1.0557181512340537,0.869409570264103,1.2747087402787352,1.1097129286334715,0.3529685800278944,-0.7158183248586518,0.26839008707439516,-0.6946770311131223,-0.06459375527947575,-0.2823048991103802,0.6571478139709612,0.9538738648331582
2007-05-11,1.2853805094736444,-1.226692903525576,-0.380108215503847,0.25644636488777206,-1.0168609584174415,0.9113198743917121,-0.5334538197197243,1.177942946935527,0.6927971821662757,1.2237604683311074,0.24401283302609625,-0.12004301619853074,-1.0323852160208826,0.6581815998390904,0.4670988895804532,0.024346217532109818,0.3879577656806791,0.9538738648331582,-0.28269484736334194
2007-05-12,1.3339547111298697,-0.9092920506416937,1.5944561740537662,0.18464582949436598,-0.9648472723431526,0.020571967932128035,0.46002196746078466,-0.9395460151373282,0.7591765748240408,1.8217997800895118,0.28051965450594,0.001137921452680251,-0.8572959605101416,0.3994316982929731,-0.5322949561287144,0.06333820184039515,-1.0344637948976667,-0.28269484736334194,-0.3710153226056841
2007-05-13,-2.489894935825986,-0.5231478348512628,1.8249055887992156,0.08563575713588606,-0.8431164869262981,-1.1421663065182055,-0.2916202074492666,0.6773457438470102,0.2225559157728322,1.7868191345895066,-0.0116168193228018,-0.22695649146225505,-0.020788755682862134,1.4395241316882406,-0.36517703822593284,-0.05897647418185746,0.1170413963994912,-0.3710153226056841,0.3527904309703177
2007-05-14,0.5628670909258235,-0.10375002400358097,0.05023665425153974,-0.025835936434351586,-0.6766796234957897,0.09063860184641215,1.3730321992134333,-0.49215668893387,0.3087326739128463,1.4065581111307917,0.849660842189419,0.5625410672794078,0.39694691698288087,0.8990319678259496,0.06555088806322497,-0.1016469358550592,1.990308557204935,0.3527904309703177,-0.4560441823737812
2007-05-15,1.752118602321543,0.38345248508921137,0.5202056674519352,-0.08389671854579757,-0.40724784983894563,1.5214970999290915,0.1445199755249285,0.4943030826018187,0.585042765908613,0.63355881655463,0.834535897926958,0.0037204213961874225,0.19220706258767886,1.003215391174517,-0.5804422800558816,-0.14704047821016328,-1.2759339774103091,-0.4560441823737812,-0.3500985110760692
2007-05-16,-1.479835812798437,0.8533374198472008,1.1138564629105603,-0.2495326628091947,-0.20122026090331252,0.46224131283480413,-1.0676796572759686,-0.8873303310610963,0.002358835239369746,0.7859206336255632,-0.2520023228434736,-0.4378515830654968,0.18872850462491728,1.689973269003728,0.026562717400827825,-0.11405714908214516,0.38534946212963384,-0.3500985110760692,-0.36358139335547013
2007-05-17,0.6210158460883458,1.0961349401865004,0.8512465118387258,-0.3978418024115604,0.0338978547312907,-1.819363426411987,-1.2019495894617107,1.359524539475269,-0.4919867937050193,0.8101808993562074,-0.7837301826857644,-0.4628224592695658,1.0187234401885965,0.8881959408361456,-0.5824748691394855,-0.17247497430604958,-0.10500052486070441,-0.36358139335547013,1.2025177382410552
2007-05-18,-0.3865563731612592,0.9419823022541299,-0.2646499545249928,-0.5047044003409982,0.296805647442861,-1.544314690317346,0.20114717534780735,-1.3397029506177294,-0.43872440976275795,1.4573844107405785,1.785928378671882,0.7442150881369582,0.6783020854206584,-0.3005127635923435,-1.076756043843871,-0.48994908922224706,1.8692046179622008,1.2025177382410552,0.4058126026684889
2007-05-19,0.43639352413188437,0.6983531932036977,-1.162383690004199,-0.6388514385250055,0.4720274416160643,1.1254726633419696,2.170345896120542,1.1391590020860693,-0.2341028778841143,1.2112395630915471,1.4492055724534958,1.5484735664263598,0.4050985055960856,-1.083879620966507,1.9580177345410497,-0.10085540911666416,-1.0887589826611068,0.4058126026684889,0.7313039585594167
2007-05-20,-0.021324264683281705,0.47857882359047793,-0.9115721678172075,-0.6901036768040426,0.600073053586881,1.92205819677726,-0.6743201424000945,-0.7468820577010651,0.024251728750698566,0.17995361302127083,0.6400671850677208,1.0101181149524068,-0.26862559980551864,-0.5692182196150344,1.1228802637265096,0.16610294347197613,0.17278388559964641,0.7313039585594167,0.05658307341729563
2007-05-21,0.4161630203207863,0.33247066762005656,-0.21888868948322396,-0.7498407143949783,0.7167316184869119,0.2271395279333675,-1.4169595052169004,0.20481274297916666,0.02327580851986135,0.08361914267294485,-0.061344202978174965,0.4619445317587265,-0.9158956435554163,0.8301746117956738,0.7005387846445814,0.33634815172729615,-1.0218055333907388,0.05658307341729563,1.132025404753142
2007-05-22,-1.8605065084228098,0.27427598088042965,0.047033813826076465,-0.7602817232585801,0.80525928868521,-1.4649218932762378,0.5608097480192322,0.22587175066750165,-0.0352500651604338,-0.15876777327637334,0.5278023366297866,1.7113843224572582,-0.5303500049421499,-0.44353252364950413,2.1475299784690756,0.42886474479511744,1.1589598557542373,1.132025404753142,1.2758488173419464
2007-05-23,2.424314043299246,0.2649535853770743,1.1017838646751565,-0.6973449409395799,0.8859812369651926,-1.0068909073841104,0.30076616764589714,-0.3768611573661083,0.20517486945108876,-0.9452927509135213,1.5217190391712145,0.409305672312275,1.330671152534529,-0.7863572053728952,-0.7818725547317045,0.42028549310994573,-0.09329466925232534,1.2758488173419464,-0.25420157245648844
2007-05-24,-0.3069248227613603,0.29941690138334515,0.0034288530814462845,-0.6284123246527633,0.9440533612273709,0.2156120289297203,0.1912679027470449,0.1901896734784158,0.25378571058198107,-1.3685164753664958,0.23120507000522883,0.5127500911346918,0.7024072881392289,-0.787307656169336,-0.3029699235578958,0.23762718823440324,-1.3704421917286131,-0.25420157245648844,0.27129619013152284
2007-05-25,-0.8623744067668808,0.3194211215742948,-0.6384883067641699,-0.5481086996759366,0.9913322275976351,0.9312402867246786,-1.023557298484762,0.25045461063736973,0.3745385273052327,-0.30867883787890105,1.1685746924701568,1.483826678947411,-0.5017664873357348,-1.211301931482702,-0.27102540140665154,0.2819268337202798,0.8845597425310804,0.27129619013152284,-0.07817149186908492
2007-05-26,0.34053726222509806,0.3361597195253383,-0.313978048780083,-0.11093494787662882,0.33773968489085876,0.418174290305131,-0.49920670595993893,-0.759454714480138,0.47189688663317597,0.3737000450254813,1.9071235678462994,0.5686093370195492,-1.4892505049959388,-0.3920423558490379,-0.504567202347173,0.19935124724646286,-0.4549981890329378,-0.07817149186908492,-0.0882418947000515
2007-05-27,-0.050768264534997526,0.293640239364773,-0.16243228058231612,0.029242298998834588,0.43069723958290546,0.44065381508534524,0.7546393586224048,1.341504570200259,1.069497933068298,0.9512660165299213,1.4244977036437836,-0.22773277230463984,-0.6528856596379151,1.4857011312959783,1.5433100974948404,0.58207241162579,-0.0067749189288044435,-0.0882418947000515,-0.28270359549977686
2007-05-28,1.1471128853259607,0.5796500586031651,-0.27886313865146084,0.1878556489941822,0.48864188594463703,0.5984786950468224,-0.4734493576304975,-1.4777751192137794,0.9899732613376312,0.8180737037312782,-0.37076314208644706,-0.7063968079309602,-0.08826298759551011,2.6036843585871847,0.5313964214535912,0.7055127823454868,-0.37931648842774274,-0.28270359549977686,-0.131081599641261
2007-05-29,-1.939278443711052,0.5471930267642061,-0.3097841013034688,0.37567854846102194,0.6043571393213732,-0.11463142410470026,0.5697297706811629,1.130479056992203,0.540159925034484,0.2990029073349225,1.1185127162097916,-0.5416886647170557,1.0543398967615552,0.5069791199976953,0.8439891056328652,0.8345754947867536,0.6041355529561453,-0.131081599641261,0.8801063351487814
2007-05-30,1.2754727477514896,0.3900834297588968,0.047565861043556056,0.5102257297907059,0.7138678858062304,-1.0873953017646198,0.5777569527257538,-0.605049271255929,0.5195527288779948,0.016772785893175046,1.532767306476346,-0.10734735066168379,1.2818345115328935,-0.6481764613556561,1.212186877695901,1.0988317722793473,1.6124531849204882,0.8801063351487814,0.6226928612321042
2007-05-31,-0.3597156017108172,0.30366050824229857,0.18257526078206807,0.6795926360272229,0.8210831697245755,-0.36889940912240904,-1.521829707314291,0.196116714027242,0.6335302694328181,0.7888979121583192,1.3019593538827978,0.6976699188015079,0.11895709071021143,0.8743863135506097,1.2482239338160053,1.3139683525059949,-0.39028792248947153,0.6226928612321042,1.9582315119044658
2007-06-01,-0.1951514987454241,0.25697259946142337,-0.2865196311248616,0.8035339036693937,0.9139196348598368,0.451743227563001,-0.10026721783247473,-0.031071673310165828,0.9868635268140684,1.492630508710253,1.0639500119380008,0.7043092579183031,-0.06535509380361332,2.0790483122426817,0.7992548386955736,1.2016849658382487,1.8198552029411874,1.9582315119044658,1.3303891021328276
2007-06-02,0.8221656535672958,0.23960230770685048,0.44164200516077323,0.9436647728601464,1.08255203342563,0.5326953002095979,0.9283325780724694,0.02477228754930285,1.7085379649128496,0.6854588520084469,1.0331086320058882,0.1617308374817956,0.11679669924443271,1.5031103462634094,0.4085162797434419,1.0742806502167694,-2.5317245350738773,1.3303891021328276,0.826426152050093
2007-06-03,-0.9272416666143128,0.18568568911166994,0.3017271191078144,0.9953319642963397,1.09504875267215,0.1902168456986358,0.2894152774576466,-0.0651185412942741,1.561846967751865,0.23609440673454762,0.3135865308690533,-0.7852553810928106,1.318789364862393,-0.5050578020456432,0.1221208474403464,0.9410277070252795,-1.1698311624445021,0.826426152050093,1.4037659062496848
2007-06-04,0.4866312314631645,0.1448198097332001,-0.6354504837691514,1.0663777504961283,1.1105141374524925,-0.16830857491630374,0.40423523012675333,0.05966280578774418,0.46998631367348903,0.6767049727185992,-0.5571166163457453,-0.5271692246147487,1.8418972277238141,-1.3790818665535762,0.09311082561791487,0.6674785675912298,1.3111686797118456,1.4037659062496848,1.170024205835335
2007-06-05,0.42387335263224796,-0.06948936596549424,0.30604645624432963,1.1106947024645708,1.1015375161619547,-0.3370077603358459,-0.6412262315769758,-0.025246692793028245,-0.20969184411101735,0.46614900409535653,0.05369484418897405,-0.7151994233164418,0.9452139860742426,0.30470897897130667,-0.23849800856222128,0.7752133148805403,-0.9562782529946234,1.170024205835335,1.7238154120300724
2007-06-06,-0.5455562271326992,-0.2814879595506805,0.9942578753978517,1.11769093256519,1.244937400608223,-0.27182659513560653,-0.6249537178547332,0.0764081167232147,-0.6270905368608711,-0.3689376368626483,0.5027407822928821,-0.23780819481587037,1.441905691574784,1.1895575576337682,0.44201918045773697,0.9118318324119506,1.7851928820768304,1.7238154120300724,0.47922182328301316
2007-06-07,-0.1752654482261404,-0.4693751922655989,0.3838347508037183,1.067924702964876,1.1894358506320957,0.2203076252816399,0.5021784114748574,-0.3755496723193641,-0.8412400448221482,-1.2060619467123401,0.6292078954384979,-0.5786600013363936,0.7754676335553756,1.0130994124414003,-0.6358061974754822,0.8188737939956682,-2.0787437668556095,0.47922182328301316,0.07729800725664954
2007-06-08,0.7868423129168614,-0.6741344907974592,0.21507366837476866,0.9871137952866899,1.1156409569560155,0.3985705416954622,-0.09160788224618652,0.8673024075288511,-0.44203399089284495,-1.8646802427515583,1.2143187352943534,0.03693108206452374,-0.17211156013421136,-0.8423352963010966,-0.575497822652718,1.0080221827283158,-0.715160549848551,0.07729800725664954,-0.3560406654328219
2007-06-09,-1.1616471737081684,-0.8057854380853867,-0.6264952151139498,0.8523714245181071,1.003017736037843,-0.20505531005228925,-0.08355513169467717,-1.1491339881725533,0.07910967627836543,-1.5741875651678021,1.157951650152716,-0.23325111599675474,0.708431218134599,-0.6574517855303587,-0.8713926526496348,0.6172491690054294,-0.5655292000604145,-0.3560406654328219,-0.11388763034833427
2007-06-10,1.128245801508282,-0.9211680913472612,-1.0813753978719436,0.742537425051458,0.8036291267270859,-0.6367855780359071,0.6587675015061507,1.2187830146696046,0.7927394872619188,-0.13518805054265778,1.9795450939401336,0.06910831581269022,-0.3085953847485318,1.3014976983338797,-0.39056163942750427,0.4968179143520585,0.8614721763968363,-0.11388763034833427,-0.29470770846855726
2007-06-11,-0.7877180305860569,-0.9186423138497569,-0.2753697414758648,0.5678631544260224,0.7161519451130809,-0.07097720170663836,0.1365380277226016,-0.9792319842125091,1.6034002320341862,0.04717692191284066,0.6792048750234458,-0.702141121167301,-0.16250384428524475,1.6215704345256485,-0.38392986112362604,0.2543976915977902,-0.4693077746297596,-0.29470770846855726,-0.7049315444559555
2007-06-12,0.6878755573218622,-0.821761750202371,0.35822198998862176,0.34174531078008885,0.5566664969259941,1.2344676533348842,-1.2533688909443073,0.4194218135636962,0.6276164776093232,-0.25901636696667585,-0.5279285595774887,-0.5734983288442401,0.15555320774195808,1.1703972048800495,-1.7586498565339954,-0.2950891238386191,-0.8269462236673385,-0.7049315444559555,-0.6302966025546214
2007-06-13,-1.469965344046941,-0.5319895161716583,0.11418694724476156,0.1263739687666853,0.3506887735382785,0.8181940689509335,-0.15974933051837462,0.26638119700905416,0.0571524792466932,0.6720890705584702,0.12321935528534712,-0.14214170008750396,-0.5171216293335028,0.7944978848080824,-0.7615138951691982,-0.6358870879401134,0.22914250462543384,-0.6302966025546214,-0.8226164169413711
2007-06-14,1.6055007550584453,-0.08332952349133264,0.793315562121852,-0.11807581690265732,0.14621162933939585,-1.0255500431394158,1.6952580257529422,-0.9125858267979001,0.6804805939731043,1.2446234722066691,0.412464317831918,0.5794673175442709,-0.9758757104947079,-1.3282711788810415,-1.2251985274935386,-1.0659248849950251,-0.28341923090205823,-0.8226164169413711,-0.5953810210471683
2007-06-15,-0.8175190571850953,0.4353757570426514,-0.2774624752674025,-0.35870698311342875,-0.06598062165945054,-1.1346958053181335,-1.1223340898189214,1.1474154442650972,0.3980930013658991,1.3260275073385621,0.8607560732593191,1.525392331686801,-0.9476086806114166,-0.7303560009299473,-0.977124152219196,-1.2453245992390807,0.9437014319515424,-0.5953810210471683,-0.6141996268471269
2007-06-16,0.15451775771609408,1.0111557627080243,-1.5203004472906136,-0.6895311423283704,-0.36205810629221225,-0.04393932696531989,0.2413395131921061,-0.7496313260976146,-0.02320650949419008,1.204185113775063,1.6172869330787132,0.4470182935133216,0.029311107369391198,-0.5584501968629657,-1.2041452905131527,-1.4425946672717647,0.08383108365946951,-0.6141996268471269,0.2783938064737944
2007-06-17,0.1555812225560601,1.3220445282920867,-0.17278140246465462,-0.8450762189847912,-0.5235237321101142,0.7461710198791185,0.01561640287665705,0.05596923057921837,-0.5301980234754773,-0.6398867412824167,0.8941022277421112,0.5703967902950394,-0.05684957193855738,-0.19488861633392235,0.3895686802260219,-1.4102527876559419,1.7151423448794396,0.2783938064737944,-0.33089728301873705
2007-06-18,-0.5246732124457271,1.1990512991527233,-0.693324125879787,-1.0477013946380511,-0.7097773840961072,0.6878405659865423,-0.4629698851829746,0.4318556922223037,-0.3120033513076977,-0.9854683991976441,0.30428145276975965,0.24473766036706923,0.3904516078589405,-0.8265730619903918,-0.6441634702400234,-1.4930323750739942,-0.965870065539901,-0.33089728301873705,-0.41958781091168923
2007-06-19,0.9529884849485781,0.8876744214492231,-0.6657462207582121,-1.275578117041027,-1.0836805459009962,0.04576831824143562,0.9649801662976565,-0.3656320800100786,-0.34127437944774086,-0.7509524984553961,0.6662355866733719,-1.0309280893403043,0.4866971719240677,-0.6523710435601813,0.9165550286244774,-1.63208703786999,-0.32699619673665925,-0.41958781091168923,0.4494291366889176
2007-06-20,-1.3115139909073978,0.46998462419790393,1.2008887433365187,-1.4316095676675247,-1.2438977558441056,-0.45550605944033873,-1.2131781890254159,-0.6461193626564405,-0.03155363384129371,-0.18186298871147535,-0.708312090906675,-0.919637635856454,1.2439716722951908,-0.3387979001010753,0.7806670975844727,-1.4298549192345618,1.241860991067262,0.4494291366889176,0.11203635250360475
2007-06-21,0.8469918171325431,-0.013932241000477309,1.106711705511199,-1.761405853446989,-1.3254795437782263,-1.0554920948606208,0.9589286043828872,1.5032683994578766,-0.5252764163050897,1.6246842975546842,-0.9110345875157937,0.3362364458207841,1.6264941579872272,1.2160696004943239,-0.16637157929311183,-1.1468592216433502,-0.5305171234618268,0.11203635250360475,0.05099982757157759
2007-06-22,-0.055033213283852474,-0.5506901332152319,1.234627482607415,-1.8107685192989422,-1.4244251984269958,-0.3863925213172015,0.39830594183407125,-1.7776652087625198,-0.9514687542298883,0.11108600567206868,0.4522580413533984,-0.33455758385658485,-0.24080766387954558,1.1578782992830219,-1.3529905891615082,-1.1410275383314972,-0.13083700735756257,0.05099982757157759,-0.5293768614131908
2007-06-23,-1.1120928553156468,-1.1108122360062995,0.02767697570979527,-1.7863220487184688,-1.4974350974496624,0.807943650825971,-1.1374631446299721,1.8072289719165127,-0.40355573685417384,-0.42423992777602615,1.1505276724035103,-0.4539610482022197,-1.6525040037437042,0.358548985847234,0.34310672166701806,-0.917730796329158,-0.7026942615787408,-0.5293768614131908,-0.5720456391664986
2007-06-24,0.44794008313076505,-1.6468537375711358,-2.161978655616568,-1.6322946101144695,-1.5505210617234408,1.2068364475533366,0.4658793218930138,-1.6256958389982203,0.021910611262312998,-0.9698945691099995,0.8265194007539073,0.3522984384008435,-0.9352435117370198,-1.286704377943901,1.5843152904912587,-0.6068333841917791,0.1806425313765496,-0.5720456391664986,-0.28719180524004195
2007-06-25,0.8880913967731882,-1.6450377625171548,0.045602745588139745,-1.5109073344884212,-1.5757768635142757,0.001315308456893587,0.2191030390318799,1.185431001286767,0.01746310075073208,-1.1788017112846934,0.3557650730799711,-0.279983174388881,-0.9440519843597365,-0.7572388539500802,1.601668606301156,-0.03499223902975475,0.497718608071108,-0.28719180524004195,-0.3705796346279518
2007-06-26,-1.614466792384511,-1.07989142509303,0.582912799474131,-1.3573922303693935,-1.5782072032858232,-1.1150012538896672,0.11309218532819149,-0.6722201757915881,-0.2685568238606375,-1.330918412962161,-0.060597445164720494,-0.7748844672154586,0.6376806168598185,-0.2214070095652647,-0.36736530277089746,-0.05928450802250325,-0.23614674215254,-0.3705796346279518,-0.2556740921213204
2007-06-27,0.03620629319547902,-0.41483449874136774,-1.200024526010908,-0.7225228975961092,-1.8740202339817744,-0.4849546318112228,-0.19614004578418737,0.3443108494419137,-0.6364607275588832,0.4437459292976423,0.44642640343350604,-0.3579761014031243,0.5943123666756184,-0.27351533270652306,1.688823381775017,0.39134962936677864,0.34100595170420295,-0.2556740921213204,0.7413827898956373
2007-06-28,1.1133782465359239,0.1651747417838894,-0.6603042958519807,-0.5483902294386876,-1.8961519156293403,-0.07545646944851747,0.3275006537893736,-0.15104550859998983,-0.14982702726688898,-0.11713700377101953,0.7418713113827236,-0.7267213332604839,-0.762891426263401,0.2582076609526203,1.252953221405812,0.6397910200931627,1.8963133594885346,0.7413827898956373,0.22485680356313958
2007-06-29,-1.5070353642131304,0.76453735136107,0.10841338802996225,-0.34813555051042905,-1.6912486381085625,0.36049034540181757,-1.1114715983513648,0.019943288239585754,0.49273851572763616,-0.07021067666772916,-1.0066741477299226,-0.2568053832833436,-0.903064089949074,0.6661419569032032,1.567874780329103,0.9957722136902896,-0.8717556007008681,0.22485680356313958,0.08283225358546172
2007-06-30,0.6523393225934081,1.1265840971444523,-0.693371988046324,-0.0922463068131973,-1.5870465977325556,0.48996592853580345,0.43081985039664983,0.11131759624100364,0.5821219343202695,1.7106085204474129,-0.3724131008359332,0.13592592002887366,-0.3440761956915646,1.3191116224431092,-0.147931262044731,0.8730576548566331,-0.2248648829609238,0.08283225358546172,0.8436422990103368
2007-07-01,0.6186443642170385,1.3245764265191764,-0.5802745377194225,0.12599465679431063,-1.531869832006154,0.3318249504281332,1.5104499333667596,-0.17742633364117247,-0.07331730408739032,1.4136042681912153,0.3814478711259752,-1.2668439550832062,-0.5397101717365951,2.101220152605881,1.0197544691669786,1.0105305099081052,1.0326933940755991,0.8436422990103368,0.9055375360496526
2007-07-02,-1.1476801986819698,1.3061593681605252,0.3573054817341059,0.30155129769448086,-1.5850479586789767,0.1426092235226194,-1.051366269398687,0.034507141390119164,-0.6179555431917817,1.2529443078988125,-1.3070425842440059,-0.4134119202522883,-0.34532809624754485,1.5553940967520405,-0.07739443272871803,0.9302261964622316,0.21920626562819118,0.9055375360496526,1.090973402696722
2007-07-03,1.0571351477238893,1.0723890587298428,0.09336780909051264,0.5348847392746517,-1.4193760853784283,-0.5647317342783293,-0.7976826908569523,0.11215593875263309,-0.8949411839302195,0.35977631525221354,-0.18541141579887035,-0.34844406223808244,0.781730992285892,2.526402774628842,-0.4257174387227001,0.7845351267263793,0.301789950454616,1.090973402696722,1.1495825959619326
2007-07-04,-0.9682725502875598,0.7010342146143893,0.333822261389855,0.682029180689778,-1.114190508601374,-1.0606493595881654,0.4385122505214165,-0.2159702324546138,-0.3309802437968365,-0.42933450325410366,-0.6888776813059928,-0.20154085676927846,-0.016068876994482225,2.605429636367664,0.10927584836461186,0.8295619075680308,-0.4344895004427669,1.1495825959619326,0.12939477922927425
2007-07-05,0.451222592601481,0.43844433781944603,1.7825810840142473,0.7877221953836591,-0.8916496159601156,-0.0034885861662533476,0.0903674966124757,0.14606999068733637,0.3753157795135015,-0.03784603786083423,-0.5903687457621589,-0.5633299708965431,-0.3614080525967672,0.33716388749369985,-1.10207078576775,0.7034697725433329,-1.554033231463485,0.12939477922927425,-0.26604543831765515
2007-07-06,0.07270767386778135,0.3463109885664671,1.3217416218536338,0.9669381946375741,-0.5802757590493157,1.3324678406090658,-0.15742582596076427,0.05871539314719363,-0.781896757566455,0.24508112548389022,-1.0439347658054783,-0.5345437174163103,0.9724698138219966,-0.40200659539027755,-1.4423095238144956,0.4980676297515603,-0.8144882460160462,-0.26604543831765515,-0.08415880972131133
2007-07-07,-1.0722617570680641,0.5892392352813824,0.6603790114106692,1.1193166589777974,-0.2546924040461939,1.606731830659494,-0.025087256092235853,-0.328592454354128,-1.1948131290190993,-0.5561939980666654,-0.4690261734188591,0.3642016605062936,0.5127227182665786,-1.0840809384281682,-0.737540827536632,0.19523090901012083,0.20288564684468194,-0.08415880972131133,-0.4033752111428427
2007-07-08,1.141582660521237,0.8775615569659151,-0.20119808756554325,1.2255325785577722,0.038067145014351135,-0.8723123747467938,0.0026162776228432507,0.5680396733173402,-0.39094884973385563,-0.16936154078137358,-0.3098875014984287,0.7916656698626603,-0.585180022481265,-0.7042054684201986,-0.8383241575848894,-0.10403397859126315,-0.6054469368867156,-0.4033752111428427,-0.43059061925241604
2007-07-09,-0.3480057279418971,1.1172924575499752,-1.7177542440932074,1.3132081304507344,0.34172727840613565,-1.6372881535322221,0.7729790182322864,-0.6754170480781919,0.8351864338134994,-0.4666132708134173,1.2874849005180198,1.0661126207350216,-0.5395991372350609,0.02345064045486502,-0.14591413382378451,-0.011462681247769653,-0.009236366199186686,-0.43059061925241604,0.11393835726394977
2007-07-10,-0.9430953568367416,1.2054008385994452,-2.245305950020379,1.1961493544310482,0.6209299907795376,-0.29979474860597466,-0.34939239068941164,0.5912186657347112,1.2297126658656243,-0.3377230366786401,0.022208460781088422,1.0754978729916291,-0.07261431012270851,-0.6404226250426693,1.0486209913796836,-0.10970822905709746,1.4694703628043497,0.11393835726394977,-0.2596584482190609
2007-07-11,1.2843312909409763,0.9454441605847194,-1.493844856362478,1.2489831330269885,0.8865214276074773,0.8432782881672914,-1.013022805228382,-0.4307050303158902,-1.3070936030821603,-0.9180345091481863,-0.8831396231715266,-0.764094572190236,0.11767525710886054,-1.2466334568652446,-0.6583502414890482,-0.39639446949249574,-1.213765084382907,-0.2596584482190609,-0.10431060838115586
2007-07-12,-0.5806029805388698,0.4316299945285049,1.8181120236517814,1.1477536571540436,1.135749043399528,0.40810550168971615,0.3281760186568496,0.2707804344180156,-0.4287631717777251,-0.5568695561638294,-0.033670977636686174,-0.36025076451879456,-0.07164952886724714,0.38541293016581146,-1.1946808557629618,-0.7569441936856007,0.30641977602900805,-0.10431060838115586,-0.3602773533617358
2007-07-13,0.03597235733119768,-0.24040952015130937,1.5488684553892778,1.1054232939892166,1.3118505721829636,-0.2143890790138651,-0.337023660116077,-0.17819245186351487,-0.1977139491820954,0.6323041527262706,0.44218948498062477,0.927099141806151,-0.3679693286812542,1.311135421807,-0.04481995105107094,-0.7681975002228953,-1.11669076375973,-0.3602773533617358,-0.42746180298331177
2007-07-14,-0.19875734234053086,-0.8245342579278017,0.9893283181285933,1.0594101704742471,1.501070152557905,0.15799229322864583,0.6814766569280062,0.2987046311629463,-1.5059257023132062,0.8652278579431627,0.01938353557288339,1.286444385966635,0.32676771493754136,-0.3946679252471317,-0.6632631561251414,-0.9242979895231009,-0.5160153785787572,-0.42746180298331177,-0.37767574419729844
2007-07-15,0.39218617057821786,-1.3708780993930867,0.6003792028053353,0.8810018929793235,1.693277234620761,0.4300853360912559,2.0566230844775397,-0.5535766735795772,-0.9827360607139166,0.18556191977168435,0.9485196452487298,1.5152357619027845,0.21462536501364596,0.14793298523543513,-0.0021741067920590987,-0.9395427503590531,0.30386603904736625,-0.37767574419729844,-0.4331552445721975
2007-07-16,-0.16241864314496826,-1.715689639232935,0.8960156491685495,0.770729041941139,1.7812809225623074,-0.04173470752327494,-0.8218782229419449,0.8474009060678431,0.4117317683370573,-0.5496584216416697,0.41084429425554625,0.18294712068291683,-0.06601374619946751,-0.1839438434434695,-0.6915214516076597,-0.985292191726675,-0.4342322359269731,-0.4331552445721975,-0.2546615763208845
2007-07-17,0.00900903548511571,-1.7728370716936803,0.15670929565231248,0.630497285893989,1.82587888395514,-0.4214795639501902,-2.425115044083938,-0.9168286923007455,0.5520684932844135,-0.4426474508125327,1.3321246027087872,-0.16728075363344383,-0.9125871352443237,-1.4115460098183006,-0.26262830674881155,-1.0451283597385543,-0.014342815664805195,-0.2546615763208845,-0.36401853866929773
2007-07-18,-0.1704461205252559,-1.445159546367125,-0.643443649475811,0.5357901245175648,1.8322823432446902,-0.5986822977912278,-0.18986070541141767,0.5965530713709142,-0.07648726922671056,-0.8913968411946551,1.5403241097089124,0.2480061611656494,-0.809292286052993,-0.1908984244050956,-0.031571238783082,-0.8618161020479069,-0.15289902787707196,-0.36401853866929773,-0.4868825279179387
2007-07-19,0.22377530846336072,-0.9558616164485463,-1.2941984174389078,0.16470451532838848,1.7125491593955087,-0.40299153294316087,2.056191928298506,0.10292252315568645,0.33485120803845103,-0.8964590757402198,0.8573516485194785,0.5738857570765945,-0.6548102825282545,-1.3520185020007365,-1.3881052405533358,-0.8148974297496161,0.17560814711846007,-0.4868825279179387,-0.6232692913180967
2007-07-20,0.10698067490058012,-0.5893737526729224,-1.2933428020245576,-0.04475861186643297,1.6523672831049916,0.8258382893314026,1.722579045128084,-0.8764607742439595,1.2905782628031277,-0.9803053105235037,0.47606431937414656,0.6914637474171421,0.5652839675100371,-2.307662851934958,-0.44539597976902,-0.808647249475975,-0.7715001798519305,-0.6232692913180967,-0.33555239823222305
2007-07-21,-0.13288522710734865,-0.3596072005835352,-0.3269432826801297,-0.14480096864861233,1.5715682960492479,1.1865600928086208,-2.4095153823548965,1.409823007428891,1.5437933917226776,0.95994306067488,0.4808576092455172,0.6287701546018738,0.33813975696198695,-0.9919580964427223,0.05071592518089968,-0.7337174729496091,1.3267566670132194,-0.33555239823222305,0.1949364501606137
2007-07-22,-0.6564524609034157,-0.3388389655049121,0.5662558057148495,-0.28470167302368204,1.4668522263427455,0.34617832120263003,-1.069207027696833,-1.592116555878764,1.3436045407766903,0.5480599518073304,1.0951831142795692,-0.4108769676441952,-0.4193613601447362,0.316075044560733,-0.2597185297170494,-0.7422962019825555,1.9137936057544074,0.1949364501606137,1.4726454738997694
2007-07-23,1.1925087018279885,-0.5295404903671941,0.15013911789348564,-0.40438595657571264,1.3382974464783433,-0.908125800488121,0.9405219444728327,1.317162730515444,1.0157418604933879,-0.976019674587611,1.173373764874045,-0.8065555017092156,-0.009547250553500418,-0.9012096317642426,1.344307612302646,-0.694660993881754,2.165772949859774,1.4726454738997694,0.5889525972466558
2007-07-24,-0.13325354914846727,-0.7677622632374295,0.7960139289385636,-0.5105627110680119,1.187246733361675,-0.8235083712975882,0.0693106267826557,-0.2888306668669592,1.6953009286425693,0.2595195574610978,1.404992668600843,0.2763899300614267,1.3725735688006495,-1.3276953930508786,0.5576197245095946,-0.5649343245561826,-1.3448213544955507,0.5889525972466558,0.9450710765358209
2007-07-25,-1.1373126032656118,-0.7776571827400002,-0.13746683222268563,-0.5907305573189462,1.0131564440664063,-0.5926270347725021,0.49570770300841277,-1.0944735228933202,1.7021071272299253,0.9282726150662148,0.4334609032306702,-0.03919981631405275,1.4136667504385654,-0.5541924112889318,-1.07815144700218,-0.5124313772473476,1.485003738873059,0.9450710765358209,0.5011493507133273
2007-07-26,1.285215128799962,-0.42787268551197005,-1.1665842483086781,-0.6199796270950632,0.8175135209100913,-0.016176058682053733,-0.176901331667675,1.7715997165373985,0.713118655367148,0.23865582136914093,-0.2033193306847302,0.614332990711424,0.396622295509282,-0.9508241872712518,-0.01524903018096317,-0.4873367687002338,-1.6890754019614291,0.5011493507133273,0.23468660097641128
2007-07-27,-0.6511141660951852,0.1385913208056178,-0.24969021045162235,-0.6681897914843017,0.598661917387045,1.2269761793235352,-0.130812441771175,-1.798990337536429,0.45399580879330886,1.144441341178191,0.19161125924804215,-0.16859253435771873,-0.5635927359314298,-1.8676486175647409,-0.5466742161044893,-0.44451012598571815,-1.0062731506033993,0.23468660097641128,0.3024221400659451
2007-07-28,0.037387872680967854,0.8518099734409399,0.08910967342059785,-0.6974618308240248,0.3581819119036082,1.340787786291699,0.26414954545461083,1.4174580784428723,0.49544353134839275,1.379075401809493,-0.4389629695459711,0.17869136228684263,-1.0025341626316335,-1.2108150734736576,-0.4178683731084681,-0.48648496901548904,0.3626145615331804,0.3024221400659451,0.46649664972264143
2007-07-29,0.4492507169670244,1.4016683956663913,0.2656691010383633,-0.5938032388757047,0.6825521710299622,-0.20006164424726341,0.16990544280406453,-0.9652409859112757,0.822641557123357,1.1186449063741195,0.12141059155378624,-0.938708336371467,-2.272579495278146,0.21970000088075087,0.6762990464439689,-0.22263314437801995,0.5682517435183769,0.46649664972264143,0.5242332603375913
2007-07-30,-0.3853122872256007,1.7780852941881171,0.8925906815504172,-0.6091977664243757,0.527788770578408,-1.9887317961260715,-0.22249855962846424,0.6996591117637518,0.22668723865961307,-0.4279375104396528,-0.33702412670558085,-0.9042758782042007,0.6417090148256882,0.3301571022648898,0.28892818002535475,-0.13759553090433083,-0.326057502268301,0.5242332603375913,0.12005774877807861
2007-07-31,-0.1241361185645563,1.1682395905581608,1.2308724300907354,-0.499923314821288,0.2955996075025699,-0.5748966809816943,-0.6579369487269691,-0.38031228778341103,-0.34035725366637026,-0.06185238808811665,-0.34887485316252176,0.6719496734575193,1.6995061504979574,1.9823892911806504,-0.08532523939311758,-0.15476063276998545,-1.2350391376563385,0.12005774877807861,0.1275149647950531
2007-08-01,-0.09285713952702103,1.3864736583755612,0.91054157881467,-0.4586495311101413,0.0003783541908405166,0.6628315823435023,-0.2664353904288921,-0.14042724103590412,-0.10185538572274695,-0.025576053878562852,0.23978054097845772,0.4115736505715021,0.9762042951125521,2.5280178343106896,-0.7574541331401898,-0.04418490482929903,0.04842111430164821,0.1275149647950531,-0.1328959688466838
2007-08-02,0.8774055353781638,1.5554954702891148,0.24025350553732103,-0.42179460580341116,-0.2047894870973557,0.9500090769530604,0.7841685336858174,0.9286094202261463,-0.11434156674955226,-1.2194288602848238,0.5865226125767958,0.8599077279569961,1.3660425159686407,1.2943895933582192,-0.7361207126318225,-0.04217740095783479,-0.6666949491138409,-0.1328959688466838,-0.45770000300323377
2007-08-03,-0.8174036774657591,1.1167352039791503,0.05239042882743585,-0.3860464869347635,-0.33695900524712713,1.3294799976070826,0.4603469803790965,-1.5798904387914356,-0.6392538900290997,-0.4304100984248453,0.7708129139746833,0.20446838788957614,1.5158046474683282,0.7423578445107893,-1.1636479257298191,-0.21747464161912633,-0.6648297488146657,-0.45770000300323377,-0.3936255013805601
2007-08-04,-0.26636623680728094,0.6891338810497639,-0.39611019208554854,-0.3425276592245912,-0.534421176267212,0.5226517181444712,-0.059493810450037814,2.0795281456613206,-1.1599181227332747,0.5265637217347552,0.018830037840640298,-0.043014991002181466,1.4464159784638615,0.8941212647075695,0.7442506723064167,-0.03180842802651191,0.410573243896656,-0.3936255013805601,-0.33056316029969623
2007-08-05,0.8748846502565598,0.40154109533083737,-1.2791223736597652,-0.2807103487353199,-0.5166343267276835,-1.780172243109629,-0.7917029368102537,-2.2456438954979747,-0.6385018739297844,-0.4707877901371661,1.000900430621467,0.4788421410813579,-0.003760442304792527,0.5924151889234044,0.9134272955182366,-0.11527849448344622,-0.08769832383293574,-0.33056316029969623,-0.10797686522072654
2007-08-06,-0.24905764238887426,0.22379604475714523,-0.7365685243540773,-0.18861131904771722,-0.5532812720500293,-2.1175658477609796,-1.273855806041376,1.5032154267008548,0.7389680834727839,-0.8692728450141032,0.8798326969828342,0.9555109614440193,-1.3047982738851032,1.6771304707810293,1.5239358159543122,-0.013485783403908958,0.5051053456070268,-0.10797686522072654,0.4840115582517668
2007-08-07,-0.2857724953844797,0.08675309389390476,0.47217276097922045,-0.15477369471842134,-0.6945504721894812,1.0504855700531601,1.4377618700310943,-0.8269813370766718,1.968670200426716,-0.9687308608526045,0.3105778289644104,1.366262408608821,-0.6357040208931124,0.8377252728068245,0.10363957011347627,0.09310602458082994,1.1331684288055255,0.4840115582517668,0.4284059818015402
2007-08-08,-0.12933438181080156,-0.12226181642210929,0.7739604054440924,-0.12018596581411199,-0.8374344016995291,2.0041630362815765,0.12966294176991786,0.7096090157096715,2.4498374753084717,-0.9409665220563826,1.5107367946220893,0.2875761522791814,-0.7524303821621092,1.1835720205537572,0.2055339767268936,0.12730499336246942,0.017682511290985446,0.4284059818015402,-0.2473187685392594
2007-08-09,1.0649005544471772,-0.3089058748375888,0.46189249076365163,-0.04612236816018783,-0.9722714694756123,0.2904299811405873,-0.8184136446545571,-0.9164881468219133,2.1327382330046394,0.08948916540509844,0.6696497277385537,0.7803994132204615,0.11662112870584367,0.5282757918484777,0.44084028117359053,0.2796274838045457,-1.0721973669012135,-0.2473187685392594,-0.0812993285164535
2007-08-10,-0.8972617915316327,-0.5485040240250283,0.07299560778848718,-0.0121134584654645,-1.1126758176428573,-0.8443704815849074,1.0731481712426334,0.9929495285969573,1.4915683506634427,1.1196643811622655,0.07232706355864452,1.0067421439076005,-0.005478191345753869,0.48098722773516933,2.686784088299607,0.8737612922849736,0.2761536432187566,-0.0812993285164535,-0.2867525024680199
2007-08-11,0.9749605113513979,-0.7764394217197258,-1.1731637372114634,0.17095514110546958,-1.140942048305378,-0.5536598474000347,0.7017566502760347,-0.864061942848784,0.8881253519721007,2.5785886097224333,0.8241058845672455,1.2567188829712619,-0.5263787157223023,0.9042653839223992,-0.8027364757193732,0.687544010435963,-0.41813005924548585,-0.2867525024680199,0.24873591275309884
2007-08-12,0.24203143250055303,-0.8793839208953125,-0.7448635388768563,0.1981849971793166,-1.1951805705087608,-0.2492578192117689,-0.5427966069609612,0.31999403991305353,0.7366052369892465,1.6392467174033187,1.2257641655822704,0.5703824441011268,-0.9637024722830627,0.6273596912395252,0.5434294014714015,0.748524922037058,1.014206820141645,0.24873591275309884,0.408584132401431
2007-08-13,-1.3139758681047073,-1.018145904291623,-0.05055421328740095,0.23576931241483623,-1.05454232990977,0.18328885512841822,-2.309248118480362,0.9569377268781645,-0.07317340319486697,1.5751571840715644,0.15691124506171694,0.5002686934032918,-0.7007196762197285,-0.11619272919150916,2.300020985271338,1.038163444859639,0.33479486583373447,0.408584132401431,0.5181316736952281
2007-08-14,0.9378640598091027,-1.1242752502694953,0.3140775933825381,0.21127290050979897,-0.9686095272952892,0.8011974945111591,0.3271588292199293,-1.5410644635244057,0.19093542427847085,0.9020467521344857,0.5069272752717544,-0.3409564020749737,-1.2117962554937793,0.31974966438530905,0.09484749326193129,1.1697749665817627,0.4024564848162551,0.5181316736952281,0.11885463999323559
2007-08-15,0.5712385923267237,-1.2214429190852862,-0.7505313566450473,0.19045587776667833,-0.9052275882593722,0.1529637205542106,2.6528790453607134,1.352323650244096,1.2550331658540848,-0.00894099777338162,1.540531072005378,-0.29776181633991433,-0.9288168343934486,0.03530689012276175,0.5125100643571884,1.2280797780765642,-1.2430425846217743,0.11885463999323559,0.15690981218758626
2007-08-16,-0.3090185775395801,-1.2791097797724427,-0.8687460654696906,0.1334480453453451,-0.8148658466778951,-1.0836545687510946,0.0888722912235176,-0.9176836386531946,1.0975481693766838,-0.8220178100534828,0.6965013875399176,0.31639642531043805,0.6674212035953823,-0.7448566934743159,-0.09861271443299861,1.3619130177045868,0.05522682292531598,0.15690981218758626,0.1556734631071864
2007-08-17,-1.194446254151696,-0.9646763741263896,0.41204308444379234,0.09675317924089713,-0.7462598010408162,-0.29158643772285014,-1.1338809989999896,0.3567887926024347,0.3694037128645396,-0.9377915882739152,0.028557754927174727,-0.19015077493703886,1.3719506783234963,-1.4693868094255111,0.3234772314767574,1.3315121600985114,-0.050559778870330585,0.1556734631071864,-0.10074574055802946
2007-08-18,0.7118251685077767,-0.3924582118438272,0.989341132758013,0.0600573015141865,-0.6750648346065034,1.1761343832801079,-1.11507309461441,0.07805317444325599,-0.22184489551631129,-2.869413988379347,0.12287493271956415,-0.39462313245708336,0.4610996349128941,0.04901417513608631,0.6855778909525106,1.3056599233337975,-0.6703029743447642,-0.10074574055802946,0.4166251427005582
2007-08-19,0.39505834369222514,0.09590276693476305,0.24985243737641102,0.014346273834628286,-0.6405086479081228,0.4844323301957639,0.6684009714917093,-0.16196478178398993,1.354390094513778,0.8621571416178445,0.7452636539032919,0.2783622288958025,-0.08027538672761708,1.1303821632025148,-0.08004925558487927,1.0996864179325865,0.9180588854159462,0.4166251427005582,1.2041742333192533
2007-08-20,-0.22971638579510756,0.41776059827912815,0.5803435947216282,-0.0070919660648441985,-0.5971399532410749,-0.5750989803923566,0.4250722652830231,-0.09708008468506006,3.020330772327291,2.870773998763314,0.42536887118459393,0.6968854551582292,0.3716317067150316,1.3306415656091146,0.1272382289697253,1.1410937299389503,1.006306193703423,1.2041742333192533,0.8073868205856227
2007-08-21,-0.5231535466988446,0.6332029345969418,0.6434355298853228,-0.03264461052126851,-0.5258822556617807,-0.6883654819435902,-0.926182583285122,0.4140134477165018,1.768737782983187,0.8192454907842074,0.07710752887060197,1.8351892937407985,0.2622824889188161,1.6432560100063647,1.4366004822956475,1.3063771253655412,0.005831587939048745,0.8073868205856227,0.7552561638267161
2007-08-22,-0.10615977311743177,0.7936917108051048,-0.08826922733591136,-0.07537976004255752,-0.376501915513535,-0.012643701969132318,0.780887567223013,-0.6061537316844282,1.0307030983575984,0.7240684710166932,-0.05245354472623523,1.0685324758841903,-0.051428270157859314,1.3211922120885022,0.24422185388218248,1.2441479798145179,-0.5379940315714418,0.7552561638267161,0.29249171774920746
2007-08-23,1.0236705114910725,0.9103264829011303,-0.6763808375640622,-0.09544468211699732,-0.2974399369661876,-0.0015368111920947445,0.879362284396074,0.4008864628439962,0.5694158746083025,0.9673028562427451,-0.003803640721030479,-1.5018843069647112,-0.10243562285583284,1.7939187792472708,0.6049907475156724,0.809839558091038,-0.7923475267089515,0.29249171774920746,-0.20962614711114794
2007-08-24,-0.244859528592276,0.9561742978548813,-0.1580449589588699,-0.16794568938009596,-0.23757604855479245,0.5163471732687325,-0.3264210510591611,-0.15623088659217263,-0.12340306994404095,-1.0360809506063633,0.09094842835266609,-0.7246383058950292,-0.5676196585511761,1.5877307940419898,0.9878284867809745,0.9527375982149853,-0.6610109838820566,-0.20962614711114794,-0.3899207085677664
2007-08-25,-0.5106111568145945,0.7566257875191761,0.8850119851609972,-0.16550764051061123,-0.15094499519429094,0.7562615000147392,-0.8203382427225313,0.07271528469423617,-0.12382722240706116,-0.5514992514766176,-0.35769543517847635,0.37522077539808363,-0.23478929555554634,-0.14155726684523767,0.6737732257861326,0.9747143184547,-0.49867857643231545,-0.3899207085677664,0.8765589317705876
2007-08-26,-0.05706376237267724,0.42899369399578524,0.4195719137327784,-0.15233897130234303,-0.05409096716538783,-0.3409192352967767,-0.4486807881114785,-0.11621538300703699,-0.09753107607600796,0.09303151871093696,1.683866667105424,1.7758641159437545,1.4027503429885777,-1.2534176202594611,1.540809291236115,0.884374087232679,2.2289520242652188,0.8765589317705876,2.542233349886797
2007-08-27,0.44539999686456755,0.10388545098395185,-0.6489537140277101,-0.16905954298842713,0.005643662779601281,-1.119413744542398,0.4120377179899752,0.1069404470476185,0.2574823720208006,0.02811410803040291,1.788257635939524,0.8640515474527132,1.471917258489858,-0.6386406751293482,0.9963069124954747,1.0871259886468374,2.3563142867838205,2.542233349886797,2.8402902781589425
2007-08-28,0.14634080631915675,-0.1104673953427036,-0.3226740438969044,-0.1255180833480479,0.13472037457369684,-0.0002975371729581613,0.535286135809193,0.155930643149427,0.026413237937118705,-0.16676509627424593,0.3721914933023111,0.6508202603088408,0.6006992257708283,-0.2508251269630364,1.2742320805563376,1.1593963393508897,-0.17258480685955496,2.8402902781589425,0.8593280076774387
2007-08-29,-0.34696958727809796,-0.18461770257762122,0.014353547881011553,-0.07259330976042769,0.266224710673843,1.3953101912267523,0.599379704656376,-0.6569640225000849,-0.5058882030271609,-0.7063942552843979,-0.7121795348216697,-0.2908521560668927,-0.3555200013364572,-1.293405905076446,-1.6511177198573963,1.0279923933482553,-2.2828168645171076,0.8593280076774387,0.41316738848801127
2007-08-30,-0.8045448135458002,-0.23697295484718844,-0.7030387039825613,0.7933681206203895,0.36490899286816975,0.26543350531804666,-0.7543545068494382,1.3414455502452676,0.12132244552010796,-0.6190809637665955,1.1793351726573682,0.219851666946201,-1.7222131743859648,-1.1883285149290466,0.5871892677156756,1.0554842592899711,-0.9156715017534384,0.41316738848801127,2.164815180060777
2007-08-31,1.0024947140862057,-0.22612964534980357,-1.051308873774927,0.7674993531943212,0.5009874145178057,-1.4050339994735066,-0.4698075808130517,-1.5193162271033505,0.9391605586233845,0.30261654667982224,-0.5042642597135806,0.30852476812726887,-1.5420141808045538,-0.5695155270796256,1.1357691794614335,1.1400112639176003,1.7334106250987946,2.164815180060777,1.045452640223733
2007-09-01,-0.028671364943760807,0.1469213875773804,-0.6595793567927595,0.7051143796474063,0.6497298875646637,-1.6322672515631955,0.9855425803096298,1.8063453275793213,0.7985670153920419,0.889846270026135,0.4505938145915994,0.45603656842620083,-0.7206127342085739,0.17702283282874332,-0.024660476464617265,1.1807276717482593,-0.8513076102632423,1.045452640223733,1.604167207904854
2007-09-02,-0.7121299255162855,0.039633191114148,0.21941542215250273,0.6018841730352956,0.7598105424532916,0.7230082984012618,-0.5217908803950596,-2.1756696639445434,0.09799441813599426,-1.7006304706123911,0.42159493066561965,-0.25655689463844583,1.3927495549748758,2.0442822825905775,1.3208851683942722,1.3545154128863797,1.8436300430225818,1.604167207904854,0.7919951086922943
2007-09-03,-0.011704059780996244,-0.10274173024030217,0.4311186186157794,0.485339395425848,0.8387317871323102,1.9025595022462118,0.34652337907619,2.3082949085170807,-0.17494775858370604,0.0733199890869038,-0.4560103255933371,-0.5895121692765013,1.5604169891768063,2.643068580703473,1.2229006475803714,1.3075731097636791,-2.585778438559056,0.7919951086922943,0.8374201380558018
2007-09-04,0.9547107776143872,-0.22604050579786786,0.5349123791597741,0.30530641196813113,0.9101223184942221,-0.20476269838465785,-0.9262546426424149,-1.7041095222082572,-0.5058608712795772,1.323962797679978,-0.8037592766523771,-0.7942356731639459,1.4844376360191425,0.21546764821461237,0.14195939876194807,1.193571656147443,-0.03686716251020573,0.8374201380558018,-0.004768077491030752
2007-09-05,-0.8325645325475078,-0.27825558251260357,0.5989659176573267,0.16080919480411515,0.9460620467267613,-1.0897381248322975,-0.3766272615042282,0.7419539788182085,-0.05742259694342758,0.8394736136984547,-0.6267215105294378,0.47411994034146526,0.35472645722936846,-0.26359070282860225,0.27107551138994496,1.1594278808317533,-1.0828100074773335,-0.004768077491030752,0.07634772772065469
2007-09-06,0.6608601820139738,-0.22076044869745864,-0.7394144372480362,-0.18746464893081638,0.9599166775768353,0.2525599921440379,1.8504514866974162,0.1864220035155586,0.4964247975607466,0.3118719347642375,0.42252636190267817,0.7533108868672354,-0.4453392224657175,-0.0890779377964794,0.052337823559904545,1.0864993443385744,0.24237393391755108,0.07634772772065469,0.1734954770166395
2007-09-07,-0.4396379515441789,-0.10547644336571672,-1.4214006798912446,-0.5037476119580985,0.9941111309873372,0.40141063332786275,-0.45764414274783904,-0.9710820163854772,0.65489313830434,0.8063493735377585,0.05408027002728959,-1.0606833386448753,-0.3042691578229896,-0.3994478204112296,-0.1818399114051632,0.9329357714936873,0.051808197647574744,0.1734954770166395,0.9097023941864137
2007-09-08,0.16000584807073367,0.07572428352645148,0.5774896802673409,-0.6677149485178779,0.9596429323978553,-0.8432597630250739,-1.1671517892195344,1.5573626596790853,-0.21158913403659219,0.3776912984602595,-1.5534714918099746,-1.5595753503513943,-0.7720814479298427,-0.6706074469132918,-0.48370246442963005,0.6651789734056279,1.3933732610042517,0.9097023941864137,0.6565608290634337
2007-09-09,-0.3090310594627665,0.2663948275928058,1.0674439785601275,-0.7815085944179939,0.8753711153823839,-0.4730214172476511,-0.16583576937373512,-1.795405956143378,-0.699269599073187,0.0449683525951527,-0.8464479428146546,0.3254246437178198,-0.6047613215488136,-0.23238288522757833,0.8053626169353687,0.6448573301461525,-0.9360412302625452,0.6565608290634337,0.07836370276669548
2007-09-10,0.9062263765481167,0.4375938179837483,0.6099381515091352,-0.8364467566608003,0.7221471049867257,0.915337751015195,0.42041946061785185,1.7414321197667293,-0.651500607302008,0.23883826299893987,-0.5007731579936673,0.5297772049887803,-0.12301457715117957,0.6178079220868785,-0.4784938021346485,0.4273783447782011,-0.7886311988993558,0.07836370276669548,-0.2814686416260072
2007-09-11,-1.2306404927131747,0.5995739796206553,1.1259525811236177,-0.8850361720617399,0.5525285284404142,0.9272616251928208,-0.3123602355692875,-1.6620292764779465,-0.6488696824256234,-0.2408695006204525,-0.019021754667640108,-0.6992179156371774,0.11384802715774081,0.18771067935641847,-0.6074586366000081,0.5814834096157376,-0.8139194860774092,-0.2814686416260072,-0.23804258322597222
2007-09-12,1.106713192940834,0.6853334423816313,0.45271811531030176,-0.9136280408079206,0.3117502964297986,-0.21924001385380965,0.12370205846836098,1.675817321878979,-1.015171546908512,0.09379400649339038,-1.1005618067012075,-0.8895960558640983,-0.5097013396492882,-0.011693402863701722,-0.9178433206241738,0.32386791529841324,0.058237880746549404,-0.23804258322597222,-0.5158352718427267
2007-09-13,-0.27304065808513855,0.5724690024018224,-0.5579730205943194,-0.9320917759887496,0.13493786162248717,-0.922234461033099,1.6400927888139765,-1.7935214540287743,-1.9128178442317565,-0.0913297978206888,-0.6284692824194645,0.39358016330653217,-0.17744928198654614,-1.2733173610114419,-0.7557440218228448,-0.016012209597150145,-0.5053514174729143,-0.5158352718427267,-0.41749106508183526
2007-09-14,-0.43785210086745124,0.3454648641399453,0.2371102166091357,-0.9683965685162073,-0.09124717673537344,-0.6362053929111424,0.09632728544798637,2.0107638072396607,-1.7277672870712946,-1.628102830231728,-0.3966707824743386,1.0344136371110733,-0.48652347420924463,-0.9527901287750337,-0.05985707117064687,-0.024657581121155927,-0.20725863610164855,-0.41749106508183526,-0.17018443189638957
2007-09-15,1.147119576138926,0.1283917267558483,0.05629381453324557,-1.0982962893439885,-0.14406306765723476,-0.17894098340980177,-0.5736407907716101,-2.1524528378361563,-0.5727652053284462,-0.7645406692406922,1.1764775736720905,1.4174465075998455,-0.014033515307817353,-0.4754469947871992,0.8651985767069273,-0.01695429990007509,0.6285194592628534,-0.17018443189638957,0.2604422593543203
2007-09-16,-1.4134817244659987,-0.07853771509785723,-1.668582612184883,-1.0500670318842453,-0.22231644298707628,0.6932241891290577,-1.488750337230717,2.0043914631307347,0.4390162375400378,0.7713533250196153,1.451114767971265,1.17219371737672,0.42618775628009525,-0.028803606854122154,1.2575168620938295,-0.008231497940048134,0.6166287838654171,0.2604422593543203,-0.12016667149539646
2007-09-17,0.3444487578097193,-0.2777883350332291,-2.4565622383767782,-0.955102917212254,-0.28758315430543874,1.130156719414113,0.7946481365588312,-1.301837298604665,0.9446677918364019,0.6268725264965718,1.483381074180269,1.0080419111989265,1.094046686753109,-0.2062981580800861,0.14274264203946582,-0.012333739831051425,-0.5528734708262495,-0.12016667149539646,-0.06406129722647717
2007-09-18,2.224993649723289,-0.5033636143427396,0.3856494752290722,-0.8735134067202618,-0.33611745526298104,-0.043200981759370795,1.0970076761647511,0.44646546713170765,0.8993668431887321,-0.1956112917965586,-0.1253987996353723,0.045128735250005755,-1.1708833470635966,0.3972633324091973,-0.9934002347987572,-0.16178082313074893,0.17725540282542723,-0.06406129722647717,0.6022154905861093
2007-09-19,-2.469040862207802,-0.7222011719847449,1.4998263600260984,-0.7568151728773769,-0.3738482083125529,-1.1351505958863763,-0.09886661660968964,0.3070310873693503,0.12746884199191283,-0.5870656416358081,-1.0117644307619345,-0.3456069470339447,-0.3869135055859211,0.06328984271277695,-1.178813832790158,-0.3989026365402675,1.5096841732400474,0.6022154905861093,0.9684424106727417
2007-09-20,0.008239947500660275,-0.8256043511257347,0.16845575487822395,-0.7019151873307891,-0.4101958400172203,-0.7452475326244241,0.3323813762917319,-0.9040054678939353,-0.20014993606140843,0.5344738642400823,-0.7235219366959498,-0.021466594654559388,0.836234258092646,-1.0340140685361272,-0.29426963182089455,-0.4260547973921752,0.06815272419028719,0.9684424106727417,0.0484639878728641
2007-09-21,1.8606203064777753,-0.7914814863476445,-0.7710102925049078,-0.32568874279795207,-0.45291861058158794,0.9140394437019567,-1.2484327440763565,1.3737658115316238,-0.377421998328885,0.48297483897217036,1.4770314556142037,0.6506319412796455,-0.4516901495632894,-1.0520794252036596,-0.4123257662531945,-0.4130724740831256,-0.9522641063964488,0.0484639878728641,-0.421162597611579
2007-09-22,-0.8816013900131484,-0.7163433296980443,-0.13802223699094143,-0.01341866907160963,-0.45928693439048124,0.7717581292303483,-0.7431179035542897,-1.5101575577439978,-0.7154667203400404,0.5603882215363053,1.1064473309475606,-0.12751221482681338,-0.8444872677181946,0.7526492517510993,0.6217052298613317,-0.5594800657483454,-0.8508644853892628,-0.421162597611579,-0.4779657877577039
2007-09-23,-0.7383443949229201,-0.7135515209390345,0.520118049176043,0.35048908418623786,-0.42551010547858736,-0.41239881954083896,0.27915732732468157,1.2705983474112303,-0.5747345716725729,-0.5675495590338581,1.7103211490579266,0.23507905234826793,-0.6489713925175028,0.5358853825077207,-0.6540193740858689,-0.6174354301710369,0.04907435768184187,-0.4779657877577039,-0.5887969209432036
2007-09-24,0.5528074681807875,-0.6243692199260983,0.6536875686907484,0.6200787992489365,-0.41776467569410386,-0.6986157769709136,1.6089010575015228,-0.9307529106774467,-0.02495928460932735,-2.1835178131545843,0.7820195172132669,-0.22654222281841357,-0.3334266544431064,-1.7870424893522125,0.23373112849923258,-0.43131462587361175,-0.4422877255426296,-0.5887969209432036,-0.4143752256993913
2007-09-25,0.783307746180537,-0.5199535161355063,-0.6504441581126327,0.7224055459161487,-0.40013122767499637,0.15691557777516157,0.29019093036121224,0.6247884342314737,0.3342126869767452,-1.0973360611218033,0.29250048856966154,-0.7387394082131559,0.7279951063190296,-1.0277134788740145,0.06063637771264544,-0.19850649430680672,0.07897466278856248,-0.4143752256993913,0.6380353046140664
2007-09-26,-1.1147251681120955,-0.5067633443795431,-0.9193426904204498,0.8451464189070091,-0.379946170629475,0.8810629615440246,-1.7683114470145809,-0.33615177275586844,0.4276920141144989,-0.0813227538613479,1.2925089698372159,-0.2498112187629272,0.6000191127733293,-0.6383195808507345,0.8206102392351514,0.15100398942178228,1.4017377578561354,0.6380353046140664,0.41175884145052505
2007-09-27,0.19363284107746137,-0.538504929743147,0.25885239198966004,0.9297089380728822,-0.34706489796411455,-0.0652499318097863,-0.8065684065721789,-0.056246620390638075,0.43749666015998945,-0.441274177289338,-0.5650438504588883,-0.010714821966069163,-0.06567983164522788,0.5810751394036406,1.4639461818121438,0.5730412011961931,-0.6737976659148137,0.41175884145052505,0.24641027797858517
2007-09-28,0.11004370119274146,-0.5159338366570766,1.1200905052222279,1.0026763702128114,-0.12013567715948528,-0.6695711177168209,0.9772539411230821,0.6019823972561735,0.011153385393869026,-0.0928361358342633,-0.63898049432133,-0.2669595024181221,-0.4430271654212154,0.7597399197117597,1.186736557057121,0.5652087688167329,-0.1131423235164298,0.24641027797858517,-0.31645908151359287
2007-09-29,0.06718626466603991,-0.3989736010805829,1.0792903210212788,1.0413597131997525,-0.05396113647503645,-0.19559695056099302,1.3195767226412194,-1.2646194948766831,-0.6130114631087332,-0.38443280798741547,-0.2563678909220056,-0.5600344348756205,1.3396618378930714,0.9574753306055109,0.6085252002166354,0.4114334121145398,-1.5969256201042787,-0.31645908151359287,-0.6677705164273706
2007-09-30,-0.20014454846015364,-0.24421576152065255,0.7147505590022424,1.0668716934959546,0.015303255686416103,0.5164840158315968,-0.31439183545913185,1.8390655534359384,-0.8385502080148355,-0.18585990490498205,-0.4092711817440205,-1.2895886511489816,1.4354355298109738,-0.38755507158015196,-0.019385513684455288,0.3444177401224255,-0.4735430675076907,-0.6677705164273706,-0.3891846506894702
2007-10-01,0.3248246469395577,0.028950485016431843,-0.041300488766148134,1.0686863234158221,-0.21344427278678518,0.24825115633541556,-1.2289325725875313,-1.6709849691396856,-0.2087979965705807,0.44464276783593437,-0.17178022195479997,0.36861052101930236,0.873328095841756,1.2205545290704338,0.22748075093174844,0.4872333005485517,0.25956310756393736,-0.3891846506894702,0.502749732159512
2007-10-02,-0.5307231760914174,0.26427697841734255,-0.7653158695117428,1.0620868302125235,-0.10838239786667643,-0.587969637253408,-0.7214498454794297,1.3079617478254049,0.7573152327713534,2.038753132598439,0.34119492562487985,0.8265005049610958,0.538552476340019,2.440272778904404,1.5862733594999843,0.9076570253299268,1.7402182030020976,0.502749732159512,-0.14838144962702185
2007-10-03,-0.07074148635990919,0.3319553384843549,-0.5847513490281636,1.037965548422204,0.021160613757070495,-0.5072368489869832,1.4207706411128695,-0.2772588579902067,0.9630583954501889,1.5547107650599858,0.7649423696216308,0.7626187972651669,1.030919867979173,1.7725908826019348,-0.5534654476111674,0.896758292484181,-1.245057392273593,-0.14838144962702185,0.5025541595257562
2007-10-04,0.8159517392795008,0.8208784803790325,0.2483100649128931,0.9714440238747248,0.09143782016157068,-0.2596475383564258,0.40323469661606504,-0.8069445435276732,0.549735904062114,0.6970869658223497,-0.007933341176183373,-0.352425431229505,0.4483306420777896,0.48814949890918774,1.766698475687242,1.2344496403290555,0.8046779002103674,0.5025541595257562,0.05773487869753882
2007-10-05,0.02579439532855197,1.3952246774878672,0.2840031320149991,0.8957532579601845,0.1580581012862825,0.11117256070303672,-1.5330130474546901,1.1375629914052776,0.37171553855815076,0.7640087423452702,0.4020875942524415,-1.437351551357329,1.3810053665745736,-0.2743437695494595,-0.47512891285665754,1.0766579215403693,-0.4403525862121536,0.05773487869753882,0.350124787913358
2007-10-06,-1.6574644922837487,1.9402333760583863,0.7037035250764074,0.8568827027925257,0.19472383430077828,0.446050784472968,0.01954521312566145,-1.063205227736669,0.735635559106912,1.681343467580651,1.1299451637603728,0.392809686703708,0.2568560266127219,-0.7048413079050343,0.3166388067141013,1.1286302971549338,0.7100234805895689,0.350124787913358,1.3760062386584568
2007-10-07,1.7318698881289187,2.225471521791419,0.4151696800516767,0.6999240649538908,0.2386136884114991,0.7289196655544778,1.4538371316055834,0.6780069127897546,0.9629214375501125,2.257342210059619,-0.12654898373419823,1.4427217535122443,1.0839437922483428,-0.10570070760793096,0.4276247297625597,1.0907159242334075,2.544962542969712,1.3760062386584568,1.2933258693454133
2007-10-08,-0.25624292619253397,1.96575125482382,-0.8784336612664062,0.4508935092681398,0.25054324873874806,-0.011580015963788583,0.6709481994180339,0.22779645087009354,0.9831625758763832,1.9907053819772786,0.5495777756296677,1.6131199351421075,1.213786986565823,0.1034542494456482,0.1739105840165848,1.1376148328832891,-0.6414053487226081,1.2933258693454133,1.9276092750226241
2007-10-09,-0.9341116422570159,1.4715737785547922,-1.4004079865391008,0.10470505871024105,0.21616766498794487,-0.7088762269677424,-1.230681928856497,-1.278935181849398,1.0276253905583634,1.6001927705096148,0.20148805571283046,1.5934518813270107,0.3574834566739874,-0.346858938257167,0.17479310609342344,1.0460707850466566,0.5060426160431449,1.9276092750226241,1.2137531188463373
2007-10-10,0.8358658707401005,1.0612759584156153,-0.6798580043704072,-0.1440787707660046,0.23792303528592185,-0.32425530343358294,-1.034468163505669,1.5668938380079476,1.0293277532075935,1.8313207528581879,0.5258841655816546,1.1202846134866298,-0.8071269571710821,-0.09787326059513388,1.0444258676191354,1.1054112137377146,-2.336935788880719,1.2137531188463373,1.883876553916118
2007-10-11,0.37562718164214803,0.7520250163681302,0.31688743802553926,-0.3467691902999388,0.25292974597596096,0.14600806352947096,0.9287086033200035,-1.5081303210537769,0.9314318996152511,1.8136217595992232,0.3386790115888079,0.58250737948428,-0.5165745182317326,0.06180282262515809,-0.3252478380504136,0.8973399546191326,0.8045787712317918,1.883876553916118,2.0217990014032914
2007-10-12,-1.9174158621013206,0.4386261527792375,1.531210069848273,-0.5796366305356028,0.15963393831632347,-0.02819805390424178,1.0213670759385782,1.267225921040923,0.8825692796685536,1.5439684780965794,-0.591478007925068,1.0955927589764134,1.2345486734280806,0.49494691910371447,-0.138602043023331,0.8029943335455485,-0.8615346587393896,2.0217990014032914,1.865287762577005
2007-10-13,2.5085592842946536,0.055658721864276776,0.7387144966389556,-0.7054844430900162,0.14713854531717535,0.01116251253769718,-0.07281060663804613,-0.6391502477451546,1.1396590972171483,0.49559547465779696,0.8287795013998727,0.9563211668402428,1.2295207939018966,-0.7277818286504351,1.7193161608051093,1.0784695157630355,0.42918790097978504,1.865287762577005,0.9336990970923302
2007-10-14,-0.9284470036053334,-0.42078468054881396,-1.1071068512559141,-0.8132801900566079,0.14930407412124347,0.4933988737861461,-1.3216339376345905,-0.21070798514971129,0.773018474142108,0.5631473647695757,1.00471667193021,0.34048762556672,1.0011434706352196,-1.4039785591970757,1.1286505360597263,1.2321368858220232,-1.0690841948439922,0.9336990970923302,1.048470043798052
2007-10-15,-0.32486399219698625,-0.899808167789797,-0.153876341986509,-0.9058109390163772,0.12003756772275725,0.4067761626476637,0.023305314903474695,0.45737006245003664,-0.09284309462456901,0.5985204146669302,1.6241383745335662,-0.09045703117150762,0.7012705183118594,-0.5603552087520914,0.18055813804299725,1.0076075587053717,0.04432425762626971,1.048470043798052,0.3269797982572689
2007-10-16,-0.09300544766938887,-1.2575243627795503,1.6469649425436983,-0.8385018871435764,0.11390387672338585,-0.327751328886118,0.74840026575442,-0.39235977228991387,-0.6923523475724577,0.40627846289180547,1.0852609693412683,0.49435118993191585,-1.275039165438545,-0.6665974672290814,-0.4908622811280151,0.9906158718890279,-0.9898343346297841,0.3269797982572689,-0.17846805711142047
2007-10-17,1.0171816732567864,-1.4195052246951427,0.44571615619030164,-0.8958761315677367,0.07294704669103322,-0.8373694724058335,0.7737562303971464,0.4439876346613589,-0.9817515434107469,0.4077641700778548,1.0457210756557578,0.6790957118640546,-0.25366428498420535,-0.34188211994383577,-0.6038556815967872,0.6785041756603509,-1.019694939088962,-0.17846805711142047,-0.24604041437931884
2007-10-18,-0.7196858645703649,-1.555999944791036,0.3486082581749624,-0.9193379225044945,-0.0014089655383274456,-0.26911244860949757,-0.4429113369321773,-0.8264080301616813,-0.979798479295675,0.3662143331816661,0.016949340412188284,0.053361012760108066,-1.170072737137333,1.1584914213094268,-0.754808090418035,0.6128677333197401,-0.28167029741288785,-0.24604041437931884,1.9758786391912693
2007-10-19,-0.4598396077835807,-1.466606745086449,0.5407036719841385,-0.994271609668158,-0.07229208268051128,0.43417551905717744,-1.4168591119613052,1.5020668163371738,-0.7819637160012234,0.8075292385236483,-0.012559313919917181,-0.027696189069611406,-1.5627771381049003,-0.18981471134408695,0.6332285010196723,0.7086930511234243,2.503026877234543,1.9758786391912693,1.1791354150942226
2007-10-20,1.2160984101372074,-1.234802115188611,-1.8466398482397683,-0.9915261230439668,-0.1505448431060297,0.9189908961644114,0.866074337976859,-1.9770739225813594,-0.47021553661167304,0.9611821669039909,1.7544350481593658,0.9694869863828177,-0.0043090424262667345,-0.513008872265079,0.05653034868609196,0.639341234208576,-2.1366534374469714,1.1791354150942226,1.921268320456959
2007-10-21,-0.8718568997974678,-0.8453030561170337,-1.7756728466846095,-0.9734808585896172,-0.22370469405936746,0.584349920095085,0.7990646180706109,2.1362188843356487,-0.2260921160924429,-0.42693253682393256,0.9767572956341372,-0.11053143736210705,-0.8445825695807617,0.26730811755303713,0.26461929443909155,0.6356795275615856,1.4732332233848282,1.921268320456959,1.9166079181322364
2007-10-22,0.15568229945474055,-0.33577703139789955,-0.6133402370965536,-0.8729159687522478,-0.29577942287712805,-1.0725868533923415,0.5139661801404533,-1.5478086613991329,-0.39152246322167145,-1.2764935524512573,-0.15882661265159093,-1.1300774505199436,-0.690617451570451,0.10095941992758378,0.9612055499031404,0.7733874283890559,0.49054287689841963,1.9166079181322364,1.342662890190105
2007-10-23,0.2764301506031044,0.2022776728490468,0.10553290312244078,-0.8267778424744568,-0.39659139363745394,-1.5384931043819765,-0.8699965863820206,0.4828525078008353,-0.5571192730004965,-0.295411842290823,-1.0017549300296185,-1.0944790333538672,0.11781860600790298,-0.7649833514121848,-0.1552788023298451,0.4878092295488077,-1.3853562744382193,1.342662890190105,0.9383382245368372
2007-10-24,0.17367653969462524,0.6387561337230195,1.2483772679528378,-0.7431646770481961,-0.4106464500349065,0.8206400673418026,-0.8695484829487611,0.27766530005702295,-0.500913954572507,0.24586619995968764,-0.8755270645158892,-0.07467324947354545,0.548540101067277,-1.113444191950591,-0.5345691701985495,0.4780251855782926,-0.9965144952786918,0.9383382245368372,1.1407945282223857
2007-10-25,-0.9002505674064998,1.063543429772451,1.1484720344082329,-0.49434730677223904,-0.4331984798558368,2.0115692204744358,0.9607887739753777,-0.7359697979197275,0.10973299457425052,0.2618267296430646,0.35499634781020994,0.8657938785938315,0.17662264104508787,0.4901528067785248,0.20968026777933638,0.5438813693162843,0.5823827055983036,1.1407945282223857,0.6230010311630931
2007-10-26,0.5191279406850302,0.8787834870112896,0.2897418948325752,-0.30104164973122827,-0.43337603836339356,0.2542552819994455,-1.2327684898529523,0.9008803569508168,0.8247346441453247,-0.7052484240454042,0.8370491534117256,1.136711726845646,0.008178500481695387,1.6271629995465973,-0.8599095881714486,-0.004828606609932099,-0.8745376386688573,0.6230010311630931,0.4182474633734481
2007-10-27,-0.057811910124749025,0.45776757618240754,-0.3636189885141361,-0.13358649310053686,-0.3843136588765893,-2.336563432978394,0.18119581428275022,-0.6753175711625351,1.0016821487526248,-1.7249944124245227,0.23034347779810108,-1.3032775061098345,-0.45963323583369836,1.615633954320831,-0.5191248551458016,-0.332467036040164,-0.2124384612285664,0.4182474633734481,0.8315322705117741
2007-10-28,-0.32508017178886395,0.06043804469187453,-0.5974281477192825,0.03855885313124374,-0.3767414613206652,-1.203732086262937,1.5959187425369201,0.4781299704411639,1.2979781661636853,-0.753812823158486,-0.09987491626291904,0.38371629261693785,0.23083660066115808,1.9254513636957211,0.3319268419174714,-0.30852128379820964,0.41289269452531463,0.8315322705117741,0.9535284563294655
2007-10-29,0.31861491798767777,-0.18810235024574554,-0.4363157243234094,0.1706905294615638,-0.3624783623797666,1.3777013043476436,0.08073220256089844,-0.554794273296899,2.067440101778268,1.531188680205391,1.067385703042884,0.7028484595053311,-0.6319605792769702,0.8290840546706623,0.575839053708184,-0.05077547856486165,0.26406348689917464,0.9535284563294655,1.26159361770734
2007-10-30,-0.08826064922311731,-0.24408275920549152,-0.7701732800965229,0.26987420736189316,-0.359499330519829,1.5515364351857597,-1.0216260301478077,0.7607274211973932,2.2906570266814867,2.2353431443951135,1.4523048718843616,0.9228545943949381,-1.3253367784240828,1.4617911090111368,0.18601987757351446,0.12339518971074273,0.6967046104642274,1.26159361770734,1.2851213563568142
2007-10-31,-0.0887064649093915,-0.09589478020051787,-0.004141427700790744,0.335485005352981,-0.3406524641263872,-0.09747104461129384,-0.8215828573630981,-0.9378793679786266,2.479439186130093,2.340594084617161,0.7925233551143532,0.5388648435546387,-2.2192006328285157,0.5185077999437898,-0.2551411906017782,0.1718451431642436,0.08432080988215299,1.2851213563568142,1.0317047760575666
2007-11-01,0.21360111388987144,0.28253881313926404,0.7626849876052001,0.3776123028399879,-0.3094041731126857,-0.9439484932958849,-0.559408387765074,0.9941964506589372,2.388028694413129,2.4434121166866767,0.9676574227788756,1.0944174659149302,-0.41567336088540185,-0.6358270812894726,0.14277679000923954,0.10278815031380684,-0.6189452026384015,1.0317047760575666,1.0065500533069185
2007-11-02,-0.17496059627460128,0.6703963514039666,0.9824094650751506,-0.6637812059346305,-0.4662845245099231,-0.8049985199523687,1.1821850023062084,-0.9169601559310145,1.6830521696571639,2.239622703354761,0.8120976119678848,1.704029045712891,0.8618199836150535,-0.44269948844468826,0.8792314155323713,0.2740149594292362,-0.2246145511741254,1.0065500533069185,2.1251674354305123
2007-11-03,-0.2075257572795854,0.9237447371060209,0.9324159885539353,-0.7998839607975151,-0.6199444928571018,0.12233568155976188,1.4417383638926502,0.8069126682820524,1.9782443656587243,1.4397270721452802,0.8804411606074471,1.1273031681074226,0.909538590656266,-0.8638477375974166,0.4030724928040722,0.31919234082771863,1.867460608033563,2.1251674354305123,0.42457803312321324
2007-11-04,0.5035700879310436,0.6085043146350325,-0.11908738388276381,-1.0094653093536878,-0.7813950610209318,1.3320614304760385,-1.5156517441611883,-0.5130586846195516,0.9849299826769577,0.42243150573299487,-0.11332450782137858,0.5508708144198627,0.3291084416732609,-0.9250966503479485,-0.6208086736300084,-0.008696596209020743,-1.4409934204858392,0.42457803312321324,1.824545262052594
2007-11-05,-0.01334617138746174,0.5158448687060397,-0.7814258188718058,-1.1232381464463215,-0.8504219555064435,0.7343996486795152,-1.3691762474163267,0.2432191518513406,0.12538682456885908,-0.17194873290274032,1.132653755373393,0.6827341439429305,-0.30280232672724405,-1.114527157357295,1.8498390524780572,0.4849269241891799,1.069937637787322,1.824545262052594,0.8168904501490687
2007-11-06,-0.8706780658135,0.2432347904034918,0.13478845568809608,-1.2372226681781042,-0.8327217626292595,-1.063082883032217,0.967323257348754,-0.15749268002543387,-0.04808226584461974,0.1791357364104575,1.2356213398799796,1.8734375091728648,-1.045506714569374,-1.275283774430242,-1.087132419047794,0.39789181010590285,-2.1507532299967864,0.8168904501490687,-0.193752559618349
2007-11-07,0.6571549941719531,-0.09943992510736685,-0.11819497069645526,-1.3797100055730127,-0.7149527473678048,-0.8932294058778792,0.24649184848593775,0.3087246253118604,-0.14364799723769833,0.15919234606268143,1.2791479741745733,2.193233535674644,-0.7611050874148898,-0.7234565013560149,-1.3883048552313864,-0.011874056834146949,-0.9153416635725411,-0.193752559618349,-0.44245955216690364
2007-11-08,-0.022344865811120128,-0.439592739907636,-0.764781464116519,-1.4707483144905333,-0.6103260721927427,0.5088080538843284,1.086222584467583,-0.5806651412196745,0.4089884945686188,-0.3965727412520681,1.0848127502930838,-0.8639806819100372,-0.42635264610379575,0.25783623716251286,-0.662646557032815,0.02096724086910518,-0.5552369360176019,-0.44245955216690364,0.4036034128857007
2007-11-09,0.4196636940905346,-0.6579136382565598,-0.452503847678466,-1.5695255248706181,-0.5337959043984121,0.634797663127217,-0.4960723139448412,0.9859334672268737,0.2970774854761223,-0.8574061873953672,-0.3236828668315057,-0.22463166535246484,-0.4532816353145539,0.7926281071471895,0.32972129893839636,0.17889172280819904,1.1286798334792518,0.4036034128857007,0.14955447490560345
2007-11-10,-1.479504285163226,-0.6097282235151072,-0.579326893860753,-1.561316812425072,-0.4626281563113549,-0.06315286404521103,-1.682402288736652,-1.2360871851186799,0.1333914216719356,0.2268213698783463,-0.4675626543015531,-0.08014959633342977,-0.6407359375031725,-0.04548573502835597,2.3622896472851314,0.7397071125446351,-0.33202812870596404,0.14955447490560345,0.06664551526443682
2007-11-11,0.9506446123524659,-0.4079650285376628,-1.0864410580051873,-1.4925602743713429,-0.35729819287536696,-0.04857755595375587,1.2337074584896246,1.050501124538514,0.024820094000661583,1.6065961762201144,1.5664344257256926,0.32089496818004676,-0.8258940912112182,0.40737142744600435,-0.354098551157113,0.5560689279122307,-0.17003367988402565,0.06664551526443682,0.1114915871463139
2007-11-12,1.0684234652144935,-0.06192282138822279,-0.5708622582732096,-1.362583805242305,-0.24741533952224237,0.39906479054681765,1.3192007999124213,-0.6708936698479286,-0.34116901520559656,0.8467094737980461,0.8726146861958148,0.4996332501680047,-0.5681758034171359,-0.5246118899593165,-0.750521679297327,0.3086826340442855,0.14183877728293445,0.1114915871463139,-0.40355401369716715
2007-11-13,-0.7582408429657438,0.27365661231788985,0.6868736642479896,-1.1771461504535197,-0.11894631620607254,-0.3038474834649366,-0.5065559758088183,0.17487261765103707,-0.9752987084332428,-0.03627494856301121,-0.34445495103059937,0.25332352266988245,-0.028947894850007743,-1.7072959036898203,-0.21244843847348596,0.26891423092696065,-1.07467868269477,-0.40355401369716715,0.21751371471740563
2007-11-14,-1.0132483812043909,0.5415170085061356,1.5735994488202982,-0.9308248504403903,0.020448309205684405,-1.004590474831839,-1.9642897469902023,0.5476862712161212,-0.8200918959073761,0.12581446652501546,-1.0475221112765345,0.47731407664281383,-1.0929147841941493,-1.6471368118587668,-0.37246686598174994,0.10618326731893747,1.3389606405223196,0.21751371471740563,-0.23319626043314545
2007-11-15,1.5635548977229823,0.6951394293263696,0.6131129058720828,-0.6335819542648445,0.20750188050512985,-0.1210582407456225,0.5375813287175071,-1.2853007024808814,-0.15669576270454372,0.27690053518509494,1.2620239316086905,-0.1503834173169962,-1.3875041346442536,-0.3805390152679433,-1.29433456404161,-0.2763919136640973,-0.6332410351121395,-0.23319626043314545,-0.6550211894069594
2007-11-16,-0.07626140119211906,0.631074286820411,-0.7585525255147926,-0.3224406481038529,0.37920210483564054,1.8363652685204475,2.122741779221318,1.4226148444483926,0.32957304179554925,-0.7676243758649163,0.7671124189637277,-0.6096742453766282,-0.4737431819082725,-0.2957314988240283,-1.441222029893513,-0.7342448560639852,-0.7455799864826409,-0.6550211894069594,-0.8891444080522054
2007-11-17,-1.3105296041421155,0.31274902990506936,-0.9958514054445226,0.04801860836508334,0.653516052451872,0.8838862828514439,-1.1571091128995106,-1.1933764547211654,0.3750353556349055,-0.808991575083105,-0.521701896973364,-1.2633978703584547,-0.8744638951571351,-0.3580483598257187,-0.03799282669214399,-0.5820179041381206,-0.07982243350029354,-0.8891444080522054,-0.08288344023136718
2007-11-18,1.4078763916911858,-0.1428514066768564,-0.49312530950653427,0.37487911767881404,0.8183686245143921,-1.7094920373164928,-1.6934297953272641,0.9474153429555995,-0.7265588341441621,-0.22582032606462524,-0.2563237856196864,-1.3609240810838694,-1.1850673037710981,0.7154321920855826,-0.6151387237066795,-0.9915852249507398,2.0456943474065032,-0.08288344023136718,-0.7601452664761956
2007-11-19,-0.6411552590603815,-0.4789305261468074,1.358267513926043,0.6596247408508907,1.058210132037008,-1.5591088931067085,1.554650386124811,-0.5838361254796557,-2.1526990493214204,0.4440782770122425,-0.4875419139852282,-0.4865928258257782,-0.32618669045611176,-0.5292256142433974,-0.2626057734915564,-0.8538382250350836,-0.9779567714639216,-0.7601452664761956,-1.2093485649777993
2007-11-20,0.5166091609194934,-0.6366697297888849,1.8642207477330601,0.9151349123593329,1.2608671344356959,0.5533680411658444,1.0639645325802627,-0.007094882742612597,-2.4905697456143807,-0.1906253089174109,-0.7174238675364094,-0.3756968260923324,0.234238722531198,1.216373046426708,-1.5694847150075015,-0.7880893184835898,-0.13746269428947164,-1.2093485649777993,-0.910502965423561
2007-11-21,-1.7317830571767245,-0.6708639670573497,0.25590309024691377,1.1576806464537988,1.454321474807773,1.5919631454823138,-1.8132591947767536,0.6225310713867734,-1.4920804737276816,0.16852115219037106,-0.5734028545074068,0.3642054683001039,0.41559420979531186,0.0501273653397466,-0.5760908249733314,-0.6953304644850417,-0.30965026651188127,-0.910502965423561,-0.7877589666672977
2007-11-22,1.6623360152586166,-0.699600644639741,-0.8091615451278061,1.3659912449174183,1.5868372099727164,0.014949577507412746,0.05787453052524889,-0.7311614494676143,-1.0406491479537816,0.7239257134259869,1.292016535757066,1.2031785473408507,-0.28825723734166414,-0.704025079127867,-0.4627411967471643,-0.7742491142173915,0.5189813720607885,-0.7877589666672977,-0.09692013899007741
2007-11-23,-0.2686100109327963,-0.5895731233534572,-1.3808685297508074,1.494400408816138,1.6268204157744537,-1.3195226551361925,-0.07613657824619453,0.4590551845675714,-0.9541422547687309,0.48461758667423027,1.3462062978577074,0.15978390744728235,-0.09545585599802374,-0.3511435146151553,0.9513584396686441,-0.9515165598026167,0.9581051994456106,-0.09692013899007741,0.36466578624807694
2007-11-24,-1.2528089572921919,-0.41041955324617285,-0.0963240958149704,1.6746583024858321,1.5700767656029277,-0.17735022404166226,0.5070357895518304,-0.1810302918193985,-0.432586143482661,-0.08367371144436479,0.2803434378653138,-0.359090095874335,-0.31310412462362597,0.8286097008313045,2.0507475862349263,-0.6895988112726018,1.0947759039532279,0.36466578624807694,1.5693716974514993
2007-11-25,0.3901147084992969,-0.08480859244377689,0.7086477788540677,1.7512505983720072,1.4859992500567556,1.268451492220871,1.2943082894015432,0.010222692053583466,-0.43211799073833096,-0.19119040910186094,0.5690517036853621,-0.2942340620524624,0.09081620163273396,-0.2010088167392821,1.1392882524242776,-0.42239078397352137,1.7647089453238485,1.5693716974514993,0.06385267607541885
2007-11-26,1.7228284345262965,0.2894892160307244,-0.06487095149835023,1.7936460561573568,1.4878437075310433,0.3955697087769517,-0.6877698060842484,0.1008412323733584,-1.5125569061234199,0.0898382962168657,-0.45706848101807546,-0.5610205338985307,0.5177947329879683,-0.4650870042824249,-0.12668876238151885,-0.4117973776183449,-1.904472947154647,0.06385267607541885,-0.32431620177122367
2007-11-27,-1.5362188029055366,0.5532852522861696,-0.011290117977085033,1.7718132594205367,1.3255251869243028,-1.1291424145919473,-1.005859311262281,-0.22955836556344286,-2.076116950631122,-0.636367485050916,-0.45396629301948654,-0.02323599204600106,-1.3723306028510152,-0.6601445923945389,-0.48136731315188375,-0.41026854409323227,-0.7622623266915829,-0.32431620177122367,-0.6319066343962156
2007-11-28,-0.26034304495493,0.6752459201128197,-0.21988346253435728,1.6904272512292928,1.126486619189259,-1.1641010192777896,0.2628830101652353,0.40446588355539753,-1.386773593559549,0.3361836565399884,0.48768703114081163,0.427822999097859,-2.0622112260174323,-1.786410066954932,-1.2870332477825392,-0.3785799846243097,-0.4913089556154567,-0.6319066343962156,-0.6686096296712262
2007-11-29,0.8160127450450843,0.7092937487653027,-0.29429184003857106,1.6033380025970476,0.9372495326485714,0.6135509661362892,0.8021344065899637,-0.5940052690663582,-1.0020443067615314,-0.37401242480341707,1.3194067179383375,0.1590001780032595,-1.101792667659812,-0.8735188270309588,-0.8047376624475298,-0.22142168320081038,-0.12381361844214046,-0.6686096296712262,-0.6123991421865109
2007-11-30,0.685572704155617,0.7148248408642032,0.4372384363854177,1.4867825184424108,0.7377477555095213,1.7770337245511798,-0.511254559450185,0.5902778889178293,-0.12488105696246617,-0.7053271892281437,0.8800107700316111,0.23360324219786827,0.017426950046110907,-1.2481946080365036,-0.6084159847110638,-0.27484580247205664,-0.10619310518810827,-0.6123991421865109,-0.5375050662538122
2007-12-01,-1.1266245334538985,0.5895439108025442,-0.15738155750494265,1.3503559333252717,0.4786215508948425,0.2454420729750448,0.33682987899364003,-0.3218354529647887,0.4268376934007813,-1.5750229383138439,0.5209675777048159,0.11411571115798277,-0.5913998552504057,-0.8981771350265568,-0.7428394984272636,-0.30280672178899276,0.7041792300494969,-0.5375050662538122,-0.6533829087971299
2007-12-02,-1.1051677973066116,0.2657862897179566,-0.6103635478035568,1.173138917181748,0.2570234421929559,-1.0861394262395478,-0.05040611733075446,-0.18619526595935576,0.636461405091075,-1.3369156197436167,0.46636962252774194,-0.14735376739138376,0.24730005312386621,-0.92052687666117,-1.2093345063090077,-0.4108025410106594,-0.19074756659409137,-0.6533829087971299,-0.7753183908658685
2007-12-03,1.7415218629790346,-0.2509872271060089,-0.30640918170062176,0.969044080638711,0.022699822550074335,-1.5375599361633758,0.14808946838464793,0.8188893833168309,0.5092476738012628,-0.688208950332572,0.18011982901076257,-0.2404865808165635,1.1759847271142796,-0.8733677335762456,-1.0728046610699435,-0.3992786775852863,-0.8432975487839874,-0.7753183908658685,-0.7128938409395221
2007-12-04,0.3045724303292811,-0.5129532782620351,-0.243573911249189,1.6367762221914197,-0.5062018405266967,0.1769039126210496,-0.36509978060970966,-1.2748284661438574,0.5720870287435506,-0.004306703143003561,-0.5729437507612065,-0.21222829417683275,1.9423622226497637,-0.8574846525587095,-0.9133002803967019,-0.47491946945699737,-0.29859676427240955,-0.7128938409395221,-0.6864588807822875
2007-12-05,-1.5128407096031018,-0.5476591438658958,1.3865414697593967,1.4082322891467678,-0.8621153505565325,0.48562495557236146,-0.6841383381175764,0.8464514378433265,1.7444609279142775,0.554323286396842,-0.2331640225702632,0.2468752718840503,1.249909210769476,-0.816476403800151,-0.517772851566213,-0.4557395676250654,0.3559686866589636,-0.6864588807822875,-0.6288668060536127
2007-12-06,1.5834913228499519,-0.05846724483143632,1.7481161452291762,1.0265992704674958,-1.351318477531258,0.8664481015725164,1.11071097740525,-0.07731716726538342,2.5705853335533373,0.3614006492013362,0.380182866789897,1.1586362408678599,0.7311567203741327,-0.5520252288860287,-1.1644150037756387,-0.6755918854358232,0.659124853531213,-0.6288668060536127,-0.7848030380583211
2007-12-07,-0.14413254277045115,0.2158879838891452,-0.5666518890689587,0.6550320843908253,-1.6268643566408854,0.7682244820839874,-0.6485209481636418,-0.34719474846585674,0.9725019495330424,-0.26297928495079587,0.005914198587123303,0.8545150180642723,1.3573815451149798,-0.9022180835996085,-1.629283854552998,-1.0436730061389854,-0.0062017421501093795,-0.7848030380583211,-1.074544235872083
2007-12-08,-1.7381697508973097,0.6287186582263417,-1.5411196147598585,0.23233542913724775,-1.87932992746686,-0.41816694912091573,0.9802763040083383,0.43497075788198963,-0.1591842793372085,-1.150887892638271,-0.24266855451402908,-0.2597807112712464,-0.6403275251690957,-1.3198857645566904,-0.6796884037845947,-1.273871623415448,-0.31003097260736034,-1.074544235872083,-0.9136241438911362
2007-12-09,1.7919587743689358,1.1054574578161307,-0.9615683229277234,-0.23994400463618085,-2.057076370826172,-1.8202577696083355,0.35713216376223555,-0.15481021194078823,-0.5352198661852045,-1.86550661482959,0.30303476942302054,-0.03139118259944813,-0.3264969352105142,-1.1866125484983636,0.07568077817609421,-1.2904460641583548,0.38359034489358773,-0.9136241438911362,-1.0365792889456933
2007-12-10,-0.9718699165694166,1.1671242417804646,0.6160010409988969,-0.7112974859689735,-2.172585259781135,-1.5418711485494008,-0.9708191082592306,-0.4317663716646517,-0.5317471493884867,-1.5948676754615698,0.035748121719936576,1.1981334981400158,0.04876888529245535,-1.1984659065577745,-0.4749332462043406,-1.3080469173019034,-0.10244735231932867,-1.0365792889456933,-0.8932521699661237
2007-12-11,-0.16529548863514543,0.9145467530868744,0.8428993107527996,-1.1598699469557223,-2.2410168840806697,0.6583505948627604,-0.05876712274924802,0.6338132448665924,-0.14327153822470778,-1.981024533431666,0.013570433876739943,1.4438487343569426,-0.07861912407005706,-1.3744284061007468,-0.5987598114017132,-1.2722356714924892,0.37422199897621267,-0.8932521699661237,-0.4080609263518106
2007-12-12,0.35303330551495277,0.5304511684338923,-0.050063106526931425,-1.5678366879790562,-2.2668669985138763,2.0099125055100995,-0.5119939539578258,0.008449876371093854,1.3134293897273506,0.35880446590278176,-0.24721838569424345,0.7391499607353118,0.44198508197869546,-0.1996613786731449,-0.8608206691909357,-1.3138122775382648,0.8432347128317038,-0.4080609263518106,-0.805952344834144
2007-12-13,0.6099336192521545,-0.050096535255189985,-1.5574854145040964,-1.8697630249634558,-2.2501877813125546,0.7298394010178779,0.33715683996303775,-1.075395438817236,1.889035448427091,1.892844433123322,0.22561603902167973,0.214931282187638,0.554442054455361,-0.4786010943003217,-0.6892122527223337,-1.3903727612759087,-1.4676339907397657,-0.805952344834144,-0.45829247375495297
2007-12-14,-1.1760862528959515,-0.6400941468767453,-0.9303996984374846,-2.095360494720167,-2.194382877757081,-0.6701097468786374,1.321353253517329,1.871429767763001,0.4606771668317872,0.9933909288462142,-0.006980919495984379,0.25767175609004556,0.26048389890505996,-0.8670383037194742,-0.28388198465893427,-1.3786977987060782,0.7137826921064947,-0.45829247375495297,-0.139947254700785
2007-12-15,0.5475329255756664,-1.009623003752799,1.1806582704435578,-2.25458637384848,-2.1379975993307725,-1.6836231360866645,0.18496917487351977,-2.021866040484782,-0.7549992376499515,0.9495435805625383,0.19905981814066165,0.43951556446633067,0.1602430806453075,-0.42142787884980487,1.4677996925587942,-1.1277051853834335,1.0945897764252794,-0.139947254700785,0.154226531733491
2007-12-16,-0.3074043271557626,-1.101845235524194,1.925704935344186,-2.352652014838853,-1.9834002591335587,-0.27230123602383915,-0.9517046254650176,1.5411114862235287,-1.1239256016909567,1.303550574514109,1.0670198265070412,0.8707705204734173,1.391983903421813,1.1751740990622908,0.6663508991590449,-0.8558028471684009,0.8436334137163948,0.154226531733491,0.4472514215754536
2007-12-17,0.8945504941626475,-1.0063602971915973,0.2385037567068967,-2.4005820232574546,-1.7499995050734076,0.4782349948255646,-1.7071911084256755,-0.5189874606550753,-0.758125819523775,0.09999829700217863,1.3780758407191382,1.2894604698735221,1.1465306319410542,1.9977040808740811,1.4449853661367067,-0.5010430355110115,0.48629304196584433,0.4472514215754536,0.05228796914669306
2007-12-18,-1.1336419718492552,-0.7093001730010267,-0.3242456029643905,-2.4182504699480325,-1.4804769182773507,0.8121671677030621,0.3472737900236273,-0.6576644399667381,0.3943883443372054,-0.7018576515471181,1.3801589606646554,1.3155772897481273,-0.04765218286652039,-0.3296952006704825,1.4059314667951575,-0.17352579641985713,-1.0623926930097998,0.05228796914669306,0.5032335307368315
2007-12-19,-0.08617250635273975,-0.13766360095913308,-0.3623529375693017,-2.1889647096564193,-1.2657992004670384,0.23531272534008255,2.236381799053911,1.2576344218329154,0.24586885830709818,-0.6388602088914663,0.294755124785793,1.6901491560275705,0.5003555532530789,-0.5888027402433809,1.945473998658227,0.25256391292313773,0.5302661460246911,0.5032335307368315,1.1671607325916824
2007-12-20,1.0606072009330483,0.32295646828478053,0.30359814673699775,-2.211930268851973,-0.8277266332094851,0.21244346080331228,-0.9514818864599951,-1.1513400145871675,0.2170309406179399,-0.23495449267676097,0.3018470863845509,0.8175834165798268,0.5264732830575921,0.670237168749665,0.12592567068100222,0.5040007810057505,1.3193611978866369,1.1671607325916824,0.3678338746761045
2007-12-21,-1.5756075439187154,0.37906043667906614,0.2792015114846522,-2.0781601155611558,-0.34219318819854605,0.0007325751449513175,-1.277360107786122,0.5937963468852095,0.34291836460313196,0.29007763062778574,0.7334856687538089,0.7681089182302221,1.7408512723949132,0.5809407496515877,-0.4323754530491922,0.7466925995060701,-1.5576439016439096,0.3678338746761045,-0.006638524283194836
2007-12-22,0.9320168434437746,0.2734378218950281,-0.12191897629041422,-1.9177586353485816,0.1486447452217682,-0.46745363442982524,0.8403761289883841,-0.12663315657698093,0.8074623206897212,-0.1833479272176012,1.4211703644841334,1.158965295098311,1.3453832899111928,0.2186473720096194,0.3833848440368682,0.8742897745319614,-1.2503542434536656,-0.006638524283194836,0.3802612374665939
2007-12-23,-0.14930443742291288,-0.008746373187637326,0.16442205070916613,-1.7358658902389337,0.5469860721997106,-1.149734749961594,-1.52392974834628,0.1648785531990291,1.0941046368413443,-0.8440585896317274,1.2907933277214447,1.4342123989995152,1.704079803657312,1.2760444020095971,1.0853190231614782,1.2807499274876595,0.7904851945831094,0.3802612374665939,0.4664530331821774
2007-12-24,-1.4280514354187688,-0.44081300457477457,0.005643895651571527,-1.5187416468984152,0.8663864099083842,-0.0629666217650212,0.33506174394138394,-0.95484816930968,0.9023789416448463,-1.0937452962312573,1.0747263467067172,1.302772957586309,1.709122175726745,1.690945944721202,1.568353120933657,1.5970879598934478,0.09833381913332276,0.4664530331821774,2.083429034742625
2007-12-25,2.024053073668007,-0.8269615882862702,-0.48669616819033035,-1.2218317508397694,1.0966503694655652,1.3316901112364183,1.8195023418193006,1.6767184964248396,0.5503314992456664,-0.5062570253113443,0.8162923823334813,1.2271318381932854,0.4673449874063335,1.5700276008624319,2.5069828129054383,1.9819281166413083,3.374412004763152,2.083429034742625,1.5962153979556712
2007-12-26,-1.7446275372559148,-0.9933928588175831,-0.38578817797022685,-0.8614843621115399,1.2955869593722946,0.9985829749995692,-0.12064002932118462,-1.603754190978233,0.3908966955339858,0.18220429769819357,0.790980460187724,1.1581045780378352,1.3059258720249833,1.020388768291689,0.2795009398549712,1.9795507763879197,-0.8643681358969332,1.5962153979556712,1.6719021128170481
2007-12-27,-0.06334742065366886,-0.8990607111497768,-0.7765719072787738,-0.4453905140208743,1.4130537776045013,-0.814041962503387,-0.720860093631777,1.4844350275926155,0.07973978124900676,0.5523226226217473,0.5042568236946052,1.2266937965609421,0.9633953695223616,0.19672883875067235,0.06473307732570747,1.9114623670850888,0.40259366396200613,1.6719021128170481,2.4340775450315273
2007-12-28,0.6229178057513312,-0.5978838834151823,-0.7896372669777465,0.07514508492488844,1.4943506738210333,-1.4280074265611296,-0.2702252577674602,-1.3652357070444474,-0.3633620529637839,0.32954732961772853,0.582787212500432,0.457510693993884,-0.9318211070988849,0.5712618838051909,0.9572498757341965,1.8019331884247516,0.9379251622472099,2.4340775450315273,1.9132016198074944
2007-12-29,-0.9805459928161847,-0.1894136369097088,0.4548445388976793,0.6070338461922732,1.5508993854974988,0.5686330555245859,-0.3907150948792975,1.0744018258371681,-0.524627611208427,0.30903443465230984,0.06412132654582825,0.47937674892644583,-1.0043681137369793,0.5877436954750548,0.11094632686616056,1.8523395277104877,-2.5186401557001235,1.9132016198074944,1.373160844048563
2007-12-30,0.6817969308647972,0.22321729850316946,0.3155201750324032,1.140553466675167,1.602866270392465,1.2834993084214525,0.3281732790200361,-0.4687901033146212,-0.8991469342868347,0.49695846315821135,0.9012097707562512,0.29576656769810517,-0.7970525419066629,-0.2682675246456177,-0.5368406117232664,1.6847874636968179,-1.9811172540464392,1.373160844048563,0.4895670364030392
2007-12-31,-0.3431050252754063,0.6124600401605773,-0.8939951370997213,1.5404350959998492,1.6087889263944974,-0.7485628927456601,0.9518202450563568,-0.23668970853102952,-0.636325002144197,0.612130447416431,0.8028960303482507,1.1299679806922767,-0.6146296361227763,-0.5739790620372452,-0.17421050255637072,1.4519555972583993,-2.2015172038354147,0.4895670364030392,0.3280476618300314
2008-01-01,0.21802638317273143,0.905567076902596,-0.3857402334137385,1.7475803466906836,1.518201164900223,-1.1685740721056777,0.012435598840793554,0.7548103460097654,-0.20253278700296942,-0.29120248445676117,0.9967641379390502,1.4494897872248658,-0.12971970416211615,0.11374885195855804,-0.5478963957059635,1.200049911152007,0.0525484102517899,0.5286884351558541,0.731800756280972
2008-01-02,0.01141634515602385,0.9396133946014247,1.0510746493344505,1.8223771527307862,1.3912815763605837,1.2236699499248826,-0.40590954449223343,-1.411004983697093,0.6243279125077867,-1.0991340430206016,0.8683629873015231,0.2686524867176201,0.05277875933429409,-0.5189735167799125,-0.9695854926108198,1.1179706583579774,-0.03883534396239277,0.731800756280972,0.7898507069964356
2008-01-03,-0.16072520021494893,0.7595299663841529,0.926642012430809,1.8652216617891444,1.2906892057973132,1.7044424082442309,-0.28986879189220577,2.0725550750045274,1.0615294168601566,-1.8655446086453888,1.0288855258375993,-0.8323235188765331,1.3654978659912456,-0.5137316972431739,-0.6361776587963648,1.1283543855033282,-0.27065751701841245,0.7898507069964356,0.7558592486724675
2008-01-04,0.47483098934570844,0.5925823336338901,0.7726630147863348,1.8616631007067908,1.156542835586249,-0.8447319905330849,-0.1677054319776643,-1.5738395188159788,1.3128032423796654,-1.6529093295302866,0.11599057934760588,-1.615657480901007,1.0098957415323018,-1.1900208126435476,0.6897063974518629,1.216815322841475,-0.2582864514125658,0.7558592486724675,0.7330454603405206
2008-01-05,-0.3938816082628314,0.34280928203871586,1.261003565359737,-0.020442941013585552,0.4559785423700805,-1.399864394008408,0.08205644564877007,0.2680438558953415,-0.5387408564603194,-1.057900453534574,-0.9846571935806608,-1.8231809375537105,0.8191439951213176,0.41749297647740913,-0.6083488220133085,0.836107837116131,-0.21646409047746973,0.7330454603405206,0.1346633440835026
2008-01-06,-0.11401539267153056,0.1618357410963041,1.1966491280952518,0.04227713347561434,0.3605060335389396,0.056247961800524625,0.5189386588823443,-0.17625822592922907,-0.733742485551982,-0.8521118208268293,-2.1957220277808025,-0.847798776198123,0.5213237833430556,-0.4907073633098578,0.23748267515044635,0.5296773809727761,-0.5471407646622759,0.1346633440835026,0.13925906371404398
2008-01-07,0.20664190149261236,-0.012200450507010728,-0.4076534724768171,0.081858962921096,0.2375536362596316,1.1833673578986543,0.07848304491214153,0.21761131419536384,-0.39019053396798714,-0.4462644971886836,-1.1377778810445536,-0.32477580233503583,-0.8338531136467126,0.0994668166155715,0.453469273879163,0.06820224928067284,-0.08895173813095818,0.13925906371404398,0.409415673217645
2008-01-08,-0.07222123242296803,0.2950333907806737,-1.4593016594373238,0.16960061418716393,0.14199331564712764,0.4996451901649281,-0.1284428629829387,-0.18213256222089286,-0.23384318619289576,-0.18702510825799537,0.11412096594263318,0.5969241521294592,0.00025035919263873967,1.0711874048401904,0.0256997476388458,0.012816692276824092,0.7199125480471181,0.409415673217645,0.46270424257241866
2008-01-09,0.757117745534852,0.5434189982795432,-0.8540932987182404,0.23513434526742902,0.008995436555217624,-0.6235945432920762,-0.16471657463813238,-0.0568434820714868,0.04392778798295185,-0.4863813539880598,0.8471268955351556,0.9177385935302114,0.6053098770090072,0.4969461244886695,0.21008873177510656,0.025775510480661276,0.3754408077290236,0.46270424257241866,0.8137598066050662
2008-01-10,-1.024088614806561,0.6529708803208798,-0.8192265665365628,0.36294497264080633,-0.08915846467528218,-0.637176036361671,-0.333573560121903,0.4422283569361773,0.9279391770673444,-0.21436270652693346,1.159693026949439,0.9440196815778206,0.6876696915751535,0.4040243416192636,1.0662002378688562,0.028777921229746668,1.689623925751616,0.8137598066050662,0.9830715819804142
2008-01-11,-0.3940518605498236,0.5677049022962883,0.5767424188272469,0.45382681826291177,-0.19994165556159407,-0.3150135634678855,0.15326965180388372,-0.8023670588802108,1.4179385883493165,0.8942838611593741,1.4039549307623682,1.1607431795511822,1.3793662425681672,0.204342898708352,1.9518259994494598,0.19168837573171774,0.3797862548966317,0.9830715819804142,0.6438808023670975
2008-01-12,1.9193685436077799,0.2777278354743358,0.7546386807507269,0.548640818022635,-0.3436191965996857,0.2688340022783374,0.11578004821401705,1.058004146783301,1.5235348908018462,0.8030217174882529,0.45721982549137585,0.9907164721231266,1.393594702173318,0.06565894097334209,-0.18187429787672885,0.20630700114358125,-1.1632233881778005,0.6438808023670975,0.6935003650750101
2008-01-13,-1.4997389336164886,-0.24954193788854429,-1.8513872443727557,0.6470932403608897,-0.4155579063923309,0.601449953809357,-0.4514066601000173,-1.1477178086903046,1.5441881076246815,0.1459682141535347,0.5602836516203626,0.5914722445262014,0.7519371327146458,-0.4562103311064719,-0.4366061639880761,0.1460552346011972,-0.1948704666108063,0.6935003650750101,0.39306436038851594
2008-01-14,-0.8337936223552431,-0.8446721527902331,-0.9418143839090518,0.7446758268254974,-0.47515090140071875,0.07970337466636697,1.275326737521639,1.0986398875604027,0.8189660902630556,-0.25829228361644296,-0.09838517891445148,0.17826681259005378,-0.620251998424457,-0.676193628605145,1.4598633338918239,0.32185480701746083,-0.9964903724161134,0.39306436038851594,0.9720512735565023
2008-01-15,2.3696781123645825,-1.348739183129892,1.208579776049649,0.8327149803792852,-0.5232361811141091,-0.38397440205498673,0.5013777108178541,-0.8307109971828018,0.2985062245990151,-0.6518284063709452,0.23868509639535768,0.0470361161055083,-0.9991546821620957,0.12657770080058628,0.9103301923427741,0.47708676833329455,0.6081949510990301,0.9720512735565023,1.561877776259983
2008-01-16,-1.0038750046432805,-1.5432851067598472,-1.1537104966649832,0.8932888220423303,-0.550853295642491,-0.2237790887056155,-1.5836000713495983,0.29773129529539727,-0.053257260578526824,-0.09736929101486742,0.05073213771720424,0.6077230577974698,0.024103999057031932,0.5994986502389797,1.0274830491163545,0.6270443036936378,1.3936499973628167,1.561877776259983,2.4694454649038757
2008-01-17,-0.33287014734600767,-1.3684578524838709,-1.3165552305536667,0.9226025574545366,-0.5731396865057782,0.03609839677635033,-0.6629416891881074,0.22210723277675093,-0.3473901482309283,0.30140093123590783,1.0609869969283083,1.5937532771097642,-0.32135366104384055,-0.030816472119569633,0.25721465633494756,0.5729556532704039,2.468471750866257,2.4694454649038757,1.8059909429228094
2008-01-18,0.3185035946971626,-0.807101784928291,0.2666129948266596,1.0150584002879315,-0.6231519531035614,0.2981866554683143,0.9989208326182895,-0.5825565759934251,-0.8757372432456862,0.7276659394997858,2.222516450166242,1.201448481169195,-0.7881862344912558,-0.16849798700002336,0.5827295623505657,0.7713774504988016,-0.01282807108845547,1.8059909429228094,1.3668303353190232
2008-01-19,-0.17432404188689463,-0.02935724129429778,0.17706173742637762,0.9593005080691107,-0.6036162855668344,0.1977501231142524,1.128238707314058,0.7566320128251663,-1.6040387144047004,1.2416138917445838,1.6723663501375219,1.4724732194322185,0.8472573089586212,-0.2499624958489675,-1.2973749569671178,0.7114911272258984,-1.3596842406512035,1.3668303353190232,0.8032786062119073
2008-01-20,0.7551904526117382,0.6259861039008746,0.5282572973721045,0.8269921682662869,-0.4649527077894196,-0.06889965524677333,0.36874294013981423,-0.6640557575976538,-1.7963323325482128,1.2581312982119155,0.48528779383358245,1.1021657805514447,-0.3691345785236538,-0.05706124597180631,-0.8503078590392682,0.5632736078395392,-1.1679286093931582,0.8032786062119073,0.19601615426972543
2008-01-21,-1.2173465368232934,1.0753568261225723,0.5859602099299699,0.6880888538188823,-0.38162858478615463,-0.348721581567494,-1.6936120080811075,0.2860271925106715,-1.0682315428487088,-0.17318414941004343,0.5892284542997211,0.8038929879553517,-0.9499762188575581,-0.27242123851826755,-0.19858791859585642,0.5628793905562955,-0.7912473860203937,0.19601615426972543,0.8189358553607391
2008-01-22,0.23228542270402258,1.2971658221289046,2.2574747728660793,0.6232732262986694,-0.2813219770561786,-0.24050787650459715,-1.8814350484553264,0.09926652486106369,-0.5258234389117217,-0.5614868922068292,1.2216696767445525,0.3003161161764099,-1.7864111555029125,-0.4873668995927501,1.0092322549628123,0.6778252256257639,1.5586122518308583,0.8189358553607391,0.2863220033568172
2008-01-23,1.3979855129806935,1.2844287578652076,1.3724025105772657,0.5338510513595432,-0.12577629748827535,0.12030663166603876,1.7614962645606849,-0.21874700012926016,-0.7908462581208616,-0.06695778752529824,-0.17025781819037855,-0.7994622974688426,-0.8783165093292882,-0.13516428471739522,-0.5160940698508429,0.4151346207283795,-0.3246744210230199,0.2863220033568172,0.18975909024255616
2008-01-24,-1.0066375816625404,1.0384516954878182,0.1808603740803391,0.4670167111452882,0.0067304598010580145,0.393981421137096,0.8317690839004587,-0.02567940187476699,-0.8435440455308997,0.5399510951474956,-0.4107976110868396,-1.012100658424209,-0.824936639363228,-0.46349179119331574,-0.6678661452874721,0.088968853587668,-0.42165574570895514,0.18975909024255616,0.20954642958168956
2008-01-25,0.1882226277174911,0.3081527867931708,-0.6376047155185607,0.4000531070478297,0.13751978054217362,0.7226814564020635,-0.6300033593727011,0.4005995017643056,-0.7323558355053754,-0.8778114402830944,0.06418240796326076,-0.3418574974051674,-1.0569636815449355,-1.4068547408315324,0.6694855291875917,0.18175657650677707,0.14386108736732794,0.20954642958168956,0.9486656873201755
2008-01-26,0.3953567865142732,-0.5307102150010395,-0.4703454412289469,0.35041000587968946,0.26873450921778247,-0.015773963350105946,-0.7105108183053662,-0.7854037509346136,-0.1917440337792816,-1.2728446147845662,0.8898975949139629,-0.23982046451023967,-1.75604395069441,-1.5404892823990664,0.8656591055020664,0.5159904437399798,2.945191382508998,0.9486656873201755,1.281342551960364
2008-01-27,0.08585557814151881,-1.1702703420975764,-0.18438478646713627,0.16205861577489533,0.33337673253150857,-1.4951611049865596,-0.7378976831109865,1.1671126573267916,0.47983424870980085,-0.7655990280229784,1.023188835175674,-0.18520834279360734,-1.4648156596424715,0.11497622128874009,1.3738337172696002,0.5639071983725626,0.17547883775226383,1.281342551960364,0.4821638169395053
2008-01-28,-0.6558393270915481,-1.309202799492775,0.7582966856067369,0.1001050444307323,0.46656593815983743,-1.0129785800542417,1.3185282274754098,-1.443044298295945,1.6353337312195197,-0.7112313923844445,0.5832480722863305,-0.5221016203297468,0.3766668214101549,0.3381502325061861,0.0623970346637569,0.4931926346098712,-0.8025926118020735,0.4821638169395053,0.3414351397921825
2008-01-29,0.35387906464505586,-1.0434164941489164,-1.4041354788380933,0.014253094181295898,0.615088388612462,0.9525189800783935,0.6291795539625485,1.4117468503391453,2.3878271325679306,-0.719713384934619,0.5072957363856905,-1.040400620831018,1.0534535861802647,-0.9127699308760865,-0.2574202062511435,0.2670327161857976,-0.6718110884632407,0.3414351397921825,-0.014485397086766778
2008-01-30,0.7965085721301226,-0.5812236160896932,-1.9406971273762585,-0.04791660355708634,0.6790471368937753,1.9515399886361646,-1.4522958542504565,-1.254848595132875,1.7899481136835393,0.1147736260195925,-0.24388427528829007,-0.2371531525389169,0.23256930066770717,-1.6920812560910714,-0.5550830217095911,0.06951030427282108,-0.5404460880450822,-0.014485397086766778,-0.12112404827665353
2008-01-31,-0.6412241178426635,-0.03791159067003706,-0.724098634678055,-0.07420497734906989,0.7718938200610683,0.5410584273396786,-0.2935603787777374,1.163601722331077,1.402206178895741,-1.0398132131207436,0.1857617162696689,0.15249940700252315,-0.014795348181855324,-0.39161455148705093,0.6930575416965192,0.07753814099502908,-0.2290026101753893,-0.12112404827665353,-0.26811575947709754
2008-02-01,0.1780483123509692,0.4340238267372689,-0.7545741165644323,-0.15174653398496923,0.7739893939131981,-1.9496962556477282,0.9488887702825922,-1.1358149656666126,0.84031598879632,-1.3554543739481815,0.8127054023856292,1.4854109628043786,0.03220390546335592,-0.4692542000925353,-0.2926955044953881,0.18395561458727105,-0.294297247511215,-0.26811575947709754,-0.386228259849526
2008-02-02,-0.3922561376064582,0.907594750490724,0.2892670019663393,-0.08747357650172843,0.7880609119762845,-1.8313079702718846,1.0598381376470096,0.7486083655017581,2.0051149507006962,-1.5161783067169823,-0.13466151526712114,1.7538903567336077,0.17836273943755643,-1.631087217034576,-0.18600919993864523,0.2836995047811744,-0.3205693630681877,-0.386228259849526,-0.41276322263295445
2008-02-03,0.8268723168174243,1.350974419677421,0.6771094848509148,-0.1353028283970757,0.7850241856000102,0.14747829447515223,-0.40599117961278863,-0.3728915455522969,2.083656900197252,-0.8695837816980168,0.5823927306848511,0.4966187685887224,0.26781789420142893,-2.538559554226639,-0.5605275649216356,0.15344913908058475,0.055120375293066425,-0.41276322263295445,-0.46030099774610894
2008-02-04,-0.030369034123138787,1.5620086210833093,-0.2124226800533007,-0.20087442581110865,0.7596494239373787,1.8255130286452035,-1.9457274903406514,-0.23530203735933397,1.1440292513586465,0.008576614414769833,-2.214145861483961,-0.19950387860175103,1.1594248993930134,-2.0576193113436787,-0.5254088012578126,-0.06762401042183258,0.05946972781129019,-0.46030099774610894,-0.48090288123007635
2008-02-05,-0.6868784225216384,0.8805848156399148,-0.7685910655399834,-0.26467453586464906,0.7223217677467626,1.0724650039572674,0.32459960388136827,0.7668593136223241,-0.39989367438884893,0.23783058929448642,-1.1831827605006495,0.2812227024196213,1.02485246542392,-1.7923999689459493,-0.49365411899829476,-0.10058959886471186,-0.07840016573761519,-0.48090288123007635,-0.5233712283945687
2008-02-06,0.0019108411879986478,0.1704945722272305,-0.5058933222410023,0.6400686631035545,0.7799608577539863,-0.5931822667783829,1.917247920159943,-0.9448818512504098,-1.0004112107689263,0.9457876815132064,-0.826057940338528,0.8446828546339864,0.6840278470751366,-0.29358070295955746,-0.7342134577519009,-0.15270372459865653,-0.3589507234408374,-0.5233712283945687,-0.5089530174027869
2008-02-07,0.6862541201165528,-0.2558339601747918,1.0681228678489216,0.5258874059293484,0.5845284065999232,-0.22832255004523916,-0.36074740294563906,1.0473946778764645,-1.062738273185801,1.0163077573184192,0.01461957808801457,0.7932751557533427,1.6205721278539031,0.4560296706584284,-0.16345769444792296,-0.22917452475096417,-0.055391498120634194,-0.5089530174027869,-0.5611824215186192
2008-02-08,-0.4277129048431056,-0.22911362850688474,1.458773335258903,0.3862941501684512,0.31492466987779805,0.2786233221693342,-0.35752157181625327,-0.8203542484888836,-0.5304404225797683,1.2689306154881677,0.4116460224293691,0.2411207235087131,2.0756202393390155,-0.565588895956958,-0.3993448733571912,-0.4075794149024479,-0.31076289958516645,-0.5611824215186192,-0.607356500287346
2008-02-09,0.6563701058965473,-0.5852122152833306,0.49280059283165467,0.26896700394724316,-0.02458299412616603,0.45943172674342614,0.14216989737106356,0.5188503149801289,-0.8535607184797057,0.8756414181288885,1.036958858669548,0.3098308478189734,0.2808100421654312,-0.23538406727356656,-0.8076201980068838,-0.5842931600757828,0.032255575999323764,-0.607356500287346,-0.6980849996244627
2008-02-10,-0.8920931429116165,-1.0805689487566417,0.2950353867738356,0.12166720710479677,-0.3974954878467129,-0.09398407232387915,-1.1747174013903932,-0.33451408306788133,-1.1029301941666116,-0.3183334694796912,0.8498126761454895,0.18015461453156828,-0.37154735271256156,-0.022323693755122973,-0.5262820474089692,-0.6557444885756598,0.15689697796949775,-0.6980849996244627,-0.5519902941018889
2008-02-11,-0.16310838056643123,-1.5890241835003631,0.508539315589649,-0.04958669487771729,-0.8263875503579661,-1.0358392778996899,0.23406583342953116,0.35408297890943474,-0.36771315177618946,-0.37959346203511474,0.7389806852623877,0.7156261513556426,-1.2850183933942645,-0.06731954639169317,1.0006361398223451,-0.49576852643100344,-0.2594855611544216,-0.5519902941018889,-0.4220556720761452
2008-02-12,0.6980216450735744,-1.596400888784914,-0.15572837755220498,-0.21533803861609913,-1.2677780859742616,-0.8989345567767336,0.9876102546997568,-0.499434000922581,-0.14093168836365477,0.49393356811756345,0.6501104592252868,0.5653611667086649,-1.18169797452004,-0.026472889481463705,0.973059244344244,-0.2974001281889809,0.24577928014484315,-0.4220556720761452,-0.12566090142693848
2008-02-13,1.267879458565988,-1.215152662863508,-0.5517215001999501,-0.4019469982825754,-1.5049016289434431,0.41560431431556594,0.4873493713642085,0.5764852799516904,-0.6876473628993837,1.4168282376830361,1.0246590004178122,0.421311390304582,-0.23751196065746644,-0.39818570036160816,-0.31191667915875676,-0.40023911368430043,0.5586367366225414,-0.12566090142693848,-0.3828158585078212
2008-02-14,-1.8804764275867862,-0.8283300741045557,0.1438103156227416,-0.587020748594799,-1.8373449345050177,2.021444009853468,-0.6344960343077536,-0.4653816840301088,-1.25283968948385,0.21101946871321922,1.3323475759824936,0.4761409082977121,-0.72012403031305,-0.3532725595249489,1.4150368858593265,-0.26322132300596873,-0.6033120112550562,-0.3828158585078212,0.3226544248326875
2008-02-15,0.8280539661739346,-0.44374547178530405,0.345274803849361,-0.7824294378854928,-2.076465969848788,1.3530537424097215,-0.8502558903032662,0.044152191943917875,-1.052173354989849,-0.6624429572525273,1.4332240711140252,0.5665650542656585,-0.760575393199195,0.711213419530076,1.0323026729853615,-0.12525083122833033,1.3150043926469375,0.3226544248326875,1.0010687842781176
2008-02-16,-0.18317555111002537,-0.11155130452771414,0.13566984562201573,-0.9848027821163111,-2.2158031465757557,-1.9843330731532336,0.28980887465181726,0.387290070936163,-1.0873255108772588,-0.5759200006612705,1.517109866943005,0.8460622946302895,-0.8687606813441866,0.4903121907359005,1.5081913910601639,0.10933413631670441,1.6779816214667895,1.0010687842781176,1.131449680071515
2008-02-17,0.3658874560724932,0.2599583124241658,-0.11747164035503894,-1.1007185416172445,-2.3730804556197223,-2.3008867735986676,1.0335578567626746,-0.5296941221111167,-0.6867739126570728,1.0770420864692978,1.3937686036978376,1.2432492663327372,0.2912948553949388,0.0877937874045425,1.95517393721463,0.39345733447808695,0.031692869761686095,1.131449680071515,0.9424596764036162
2008-02-18,-0.14193582915550682,0.6758599444239901,-1.3639121092938427,-1.2354467513642304,-2.3614543814775923,0.17278554550831843,1.7522407245385272,0.4477485405007725,-0.6724200214658341,1.977762529288149,2.12111378714821,2.3272380521563463,0.30537539757235405,-0.10796066696336394,0.04495879671100989,0.46068903519456517,-0.9137562488561273,0.9424596764036162,0.21576987866949546
2008-02-19,-0.9192277707441763,1.092170752941316,-2.6217082969961805,-1.3429174878502774,-2.2995007756848143,2.4355711787308745,-1.7002019796835337,-0.24003765202034308,-0.9947040213398987,1.2853917313231609,3.350812037234988,2.4985489409887163,0.2793278411472444,-1.3410966510254154,2.6973379650803726,0.8588772939996033,-1.9596344742736795,0.21576987866949546,2.2387020454573103
2008-02-20,0.7089299625420757,1.2394435142939215,-2.2853438493278464,-1.4148134086869135,-2.203481852086365,0.9945600200268847,-1.4212511668833743,-0.028032604207431786,-0.34027628794417847,0.996708273250958,3.3639831339874586,2.4150079444528614,0.07290704111554262,0.3095581501313025,1.6394957850801055,1.0867389540345511,3.335184348706412,2.2387020454573103,1.8932359781451158
2008-02-21,0.7186181554212481,0.8996676789718118,0.4562566177120591,-1.3961005820173886,-2.16289734753535,-1.4875327004925396,1.3823637592509432,0.07595272408116648,0.3207985603089762,1.3337484009592457,3.0110329687493596,2.253685170749126,-0.13299990052402136,0.27635972288101024,1.2117024171092114,1.3088089800391307,-2.166567066404344,1.8932359781451158,1.4029174027017277
2008-02-22,-0.739476844601603,0.49196109719987224,1.3528166641271502,-1.3425882460647625,-2.071150923214611,-0.484814371942928,0.7187623963796406,0.3122666901430118,0.8132310011873367,1.051667510310257,2.802086526330677,2.5885890982533155,1.1859038889182705,0.5178330913950857,1.564129913504863,1.7275660161573554,-1.9429238399630506,1.4029174027017277,0.9448257589681449
2008-02-23,0.08314390390912857,0.09669619701792614,0.9900274255400421,-1.288979186456001,-1.9228791972294392,0.8786109155290388,1.2021537395658821,-1.1084110357755592,0.22661481207172784,0.6673819026246579,2.1435290650765166,1.6915987338024716,0.3742066325127711,0.4405268374196658,-0.05845619157780157,1.9065970540629813,-0.7929136188419972,0.9448257589681449,0.08657433411263504
2008-02-24,0.011712020800717995,-0.29385481408986913,0.34409549436701414,-1.1896481184780108,-1.727715467301122,-0.43677425947397375,-2.0391621417917567,2.1601163411539948,-0.4200151691234254,-0.03802833295895476,0.8865845595196452,0.9096540408035393,-1.1203225325413126,-0.8048666198409065,-0.4932488905669446,1.8374077224734464,-2.147553284744148,0.08657433411263504,-0.2708765464532968
2008-02-25,-0.008621063137852393,-0.6633377967097717,0.17696619257967308,-1.092468931338268,-1.4828424588039049,-1.0610320569554277,-1.369226112233205,-2.844345947975413,0.006836219989784085,-0.5602123956686461,-0.23319420824889184,0.3694456538396261,-1.6687560313794065,-1.1791657263556834,-0.7270182724210031,1.5654292013779734,-0.922124664492479,-0.2708765464532968,-0.43602201876559493
2008-02-26,1.0121180965801049,-0.8870300469796657,0.5266050571197781,-0.9718653708571867,-1.1808513556579507,0.20216445534156507,2.3911326534146986,2.3989445595722305,0.5381665078608066,0.3020937732604293,-0.10195928628477632,0.10209797856863155,-1.8783161495145615,-0.9088303772055026,-0.7697641714897991,1.320035960466525,-0.4895172746671101,-0.43602201876559493,-0.4954713495785636
2008-02-27,-1.7210700280616023,-0.8665055730646873,1.4406641085474068,-0.8386577148627901,-0.7626001014007096,1.3028299476785135,0.65061614904449,-0.935603416767224,0.5934237199780595,1.63882146380364,-0.39534918830120974,0.15936002168500818,-0.5711457798725833,-1.0491055318182456,-1.2934021063356174,0.9980017142875676,-0.03230678772189343,-0.4954713495785636,-0.3796388887753303
2008-02-28,0.7303683423777612,-0.5983983853507508,0.39682832269513574,-0.6635451135286365,-0.24133707966107135,0.8579052448015296,-1.2163495961810102,-0.7091028247490637,0.4742105351185598,0.3374790034973796,-0.7435742382094535,0.3049655964246771,-0.29254045750968866,-0.8537086308675415,-0.6979882612658559,0.771541675632846,-0.08020576037923015,-0.3796388887753303,-0.19016584943433326
2008-02-29,1.5366654048351205,-0.16429070574515686,-0.3432414896281854,-0.4550867887098784,0.19977245554335993,-1.016933132692162,-0.435273015778741,1.986950638499014,0.6334838636986393,-0.8444384222867184,-0.2832131413760981,-0.25032027504026183,-0.6720572624792137,-0.8959336876485163,1.114332473546043,0.8382333421527184,0.3908145366670944,-0.2233179775383247,-0.29208909567699953
2008-03-01,-0.8744921110107483,0.4547801794460525,-0.08350791709925098,-0.22673592674925017,0.6024898526654161,-1.0200470693289736,1.3550583815321315,-1.7210721302220848,-0.3195067081653035,-0.21905660737094007,-0.39787411438937287,-1.209230299345958,-0.8431027779653515,-0.22495012872808065,-1.069367199861877,0.4082671170440063,-0.537721416093591,-0.3272754561295288,-0.29520631881256565
2008-03-02,-0.7442406766481913,1.1175445476709902,0.5022754343719985,0.17714786025104115,1.0145936493941814,-0.5431665746570964,0.3421542904291927,1.4460001929309843,-0.6826527662123794,0.04164881266484416,-1.357839080629144,-1.0353728114755156,-0.6789794421727714,-1.4204239650873307,-0.8401843564016681,0.21409035313442,-0.06849373476782236,-0.29520631881256565,-0.43341905067385805
2008-03-03,0.4981583329600206,1.5987460126014668,0.42501764456479413,0.45532739773362496,1.3236027555583505,-0.1703579057214961,-1.3502271062247793,-0.9051917139042122,-0.23723607997389956,0.4226125721104448,-0.17466138203515164,-0.9342830772575232,0.16324087052396286,-2.710565013357256,-0.4504412508888538,-0.14270287317693697,-0.615615615517333,-0.43341905067385805,-0.36371912542930057
2008-03-04,0.008231979311006712,1.5801046717243223,0.8993535452266216,0.5785013165237146,1.5744996406019804,0.7746117332435932,-0.28418581415577726,0.510052040595063,-0.2357162573875705,0.7533690363326576,-0.28329725983459614,-0.08142111833576571,0.04144723516039489,-0.9855021405550944,-0.9590109611969778,-0.48351888763326856,0.04862653780921443,-0.36371912542930057,-0.17456691047163678
2008-03-05,0.6605058425280107,1.2839794528744617,-1.0315126403376995,0.770845354632212,1.7716968617510451,1.3397385475718129,1.1422106639528506,-0.17243216703801517,-0.1967562658650451,0.8571790068067873,0.11966788636621004,0.8186123509803803,-0.5447066425112612,-0.8080949552964799,0.13834720084376648,-0.5455711301054654,0.509283560909249,-0.17456691047163678,0.559670973066539
2008-03-06,-1.1193815409126902,0.9873445947892024,-2.4658810442337824,0.8458339196883818,1.9831945839383918,-0.23686345576419882,0.6876818558829254,-0.2459716054454728,0.031764047969757334,0.7669499464662447,0.7075128129724172,1.3571415980709005,-0.7219551215670449,0.173685454981919,0.8513072671941663,-0.664264671034283,1.7038167867994611,0.559670973066539,0.17179938684196974
2008-03-07,0.4078224504192677,0.6004897248975616,-1.537414016734661,0.9923983711777151,1.93946136211966,-1.1500280444637374,-1.5306912462624664,0.64819990514704,0.1349796654974816,1.562753071279788,1.427517690357363,1.4178692273926392,0.2909999250654246,0.542628455698268,0.12507668487745255,-0.6380208454959523,-0.43103545628356493,0.17179938684196974,-0.1868178105569837
2008-03-08,0.4492437020888361,0.14000457571141267,-0.3290881154432304,1.012523906019092,2.0286512941720214,-0.2533362649594319,-0.4310311092642067,-0.89320228174961,0.0373237181245072,1.4558481190477564,1.3364025036412037,1.3405531020986026,1.0630288907243812,-0.03896739651851583,-0.4931584573579081,-0.6582274818001377,-0.6082046240676091,-0.1868178105569837,-0.44068968875860554
2008-03-09,0.01081619881833793,-0.35293181449012934,0.3156377553653479,0.7834656552067798,1.3313455018186926,0.7449203645133661,0.9878517912535715,1.0672759180374722,-0.09657353760256773,-0.14855076535584433,0.41255608481651096,1.0935554994015118,0.1377281293456279,-0.9010861320828606,0.06688340961006042,-0.5522261634746868,-0.6559406070497524,-0.44068968875860554,-0.4753213341478196
2008-03-10,-1.0265111971287921,-0.7215999268978254,0.26476484081810164,0.6574125164217044,1.4816074446057113,0.2626459791259204,-0.22885058025181973,-0.9211443228763294,0.43042633719312706,-0.8497278647264461,0.6765705268097484,0.8872251513578413,-0.6481083724559996,-0.8807784761493018,-0.6002643071695806,-0.5508733828249838,0.01548877048051161,-0.4753213341478196,-0.4108642158461624
2008-03-11,0.30309980743905063,-0.4172408086804333,-0.2500944166508937,0.5156382125136207,1.636574671015784,0.3210871560922568,0.2018955506192456,0.42791891334937077,0.5586733158221291,0.039739367078062394,-0.26024418494530777,0.40369300723977836,-0.485632696021691,-0.610518461915956,0.020171595746766958,-0.440807993798801,-0.18714045942203708,-0.4108642158461624,-0.40182338799015227
2008-03-12,0.8461495499128553,-0.7801815279064145,0.05358610956433386,0.37344372064884374,1.6290665783469565,0.9801285700546953,-0.21977266821805058,0.0781921386812332,0.5709394065755206,0.3669007723093415,0.1396567688485667,0.22459295278590224,0.5955797538254037,-0.7199990994431649,0.019554653160312824,-0.3494910182713649,0.3661342059034098,-0.40182338799015227,-0.4124922168351945
2008-03-13,0.04106085036143185,-1.1805223006283405,-0.2703971351450436,0.242300147612159,1.5813076230521548,0.576627007235429,0.20441428447153506,-0.35227024197867335,0.926461561289387,0.800725597829338,-0.5679280564005278,0.304466407045267,1.3663185208869428,-0.47279430461551686,0.31810589008026174,-0.5056090863840181,0.2282004295105535,-0.4124922168351945,-0.17296126293267164
2008-03-14,-1.5320761496439785,-1.5080264472757843,-0.9515199821185114,0.0226327761343523,1.7446485845732707,-1.5747098722006951,0.4400224586558864,0.31745537863595025,1.1588825463598544,1.1736124836413442,-0.42774862452030415,0.9777315274726441,-0.1488497611374222,-0.05448092782200934,1.5442567811907937,-0.14964736060595962,0.35047764094320727,-0.17296126293267164,1.0532226551534372
2008-03-15,1.3637548206250476,-1.6398648398533904,-1.1788853345592236,-0.25106655997437755,2.0200522359803035,-2.047994089551174,-1.8496798377708785,-0.07468211364912912,1.2318362752731067,1.746465148219925,-0.5704623199592731,1.6886000295235088,-0.5859100993367883,0.9354643036640112,3.1168192710091702,0.6918154057563958,2.3264925921630097,1.0532226551534372,0.9816771067615416
2008-03-16,-0.3370695504267516,-1.4254047713687654,-0.5718671964930709,-0.5424789151933512,2.0296952876719674,0.4015691733002397,0.3328414312423892,0.018226033450330487,0.6116657732286652,0.6395927941401196,-0.19265498025905747,0.8746638674525499,0.8363023209240998,1.6505000019386604,0.9132052184149204,0.8906510455562335,-0.08371564493567675,0.9816771067615416,0.4479504681355819
2008-03-17,0.5738567594010705,-1.1396953406698729,0.3190215501254619,-0.9157022295236478,1.3489810550003005,2.6164975843601725,1.6768698748947641,-0.39662753355021263,-0.10992577673248573,-0.732977679911973,-0.7825271795938455,0.21648594299070145,2.4990810900995255,1.979975843228941,-1.3346716021432163,0.8445502265644536,-1.020623291903887,0.4479504681355819,-0.052428443497747695
2008-03-18,-0.9256872297721609,-0.9792277502995981,1.4139183529159949,-1.2637412926745273,1.175658360161292,1.2274403806994565,-0.3431521285099979,1.2189161562032604,-0.5112333580528986,-0.6958672550329981,-0.18107617312606758,-0.18042885271402714,2.4010182789423915,0.941329391395737,-1.2133123081004487,0.5073716519615493,-0.775789453662077,-0.052428443497747695,-0.41468779147753004
2008-03-19,-0.050143013252383274,-0.8307418274471785,0.8578629321935085,-1.5461250125452881,0.9400647538386343,-1.3760383760836148,-1.1200703058439436,-2.118167157642414,-1.172132754509053,-0.03520726455782159,-0.20685008047794554,-0.34766472307615387,0.754337132328564,-0.06123443642297906,-1.2447042062426237,0.1932337053360317,-0.7321760583699813,-0.41468779147753004,-0.7396612111550609
2008-03-20,1.284979241239569,-0.6366613240321592,-0.04107327078880455,-1.6592619334386485,0.766186570384496,-0.9291203518684169,-0.5766802972438171,2.5854206731276412,-1.198600259092069,-0.08271001495909018,0.3525464914561774,0.4608156122624173,0.3516062991156726,0.40003792109343045,-1.2740149332117254,-0.009532714658684393,-0.680013329588716,-0.7396612111550609,-0.6089649696641515
2008-03-21,-0.8656395927518002,-0.22959564685594983,-0.45092865271542687,-1.6038321282479728,0.5455251069981338,0.024184947289196526,1.3899229320791036,-2.0858827812017022,-0.5458935622733234,-0.8383316673033517,0.7055578838098934,0.18555149782124616,0.473871600445349,0.31789715988640205,-0.6709078493767813,-0.04604051968239211,-0.15665966952157637,-0.6089649696641515,-0.6086040535035268
2008-03-22,-0.16980698106717956,0.44634076578036824,-0.1469318733490492,-1.4599959098231965,0.3587915893964068,-0.2043421501844655,-0.2522623774300922,0.8483419147866789,-0.03609264878776249,0.7041144299495016,0.40637159978747334,-0.8301290231353665,0.6959121227584921,-0.8444354510918297,-0.9790725179189459,-0.22460534639363883,0.2940633146852038,-0.6086040535035268,-0.4454638633902434
2008-03-23,0.0462159760835287,0.9968091432884,0.8125328427296551,-1.2798830529855658,0.27054293958549824,-0.05857018177590524,-0.36533087246109464,0.706089491446199,-0.3839562180721747,1.4011364809425153,-1.0773889904235285,-0.5898808908777885,0.7432133444517282,-0.8362632798729625,-0.7888721777565654,-0.23168025849081297,-0.1674509310305714,-0.4454638633902434,-0.27702674241996583
2008-03-24,0.7451018736156816,1.1531510052708145,0.5794357022827858,-1.0947353082504576,0.13669336250051495,0.9788332093312956,0.4865052607257864,-1.6801356468444935,-0.1523664409705879,0.640973333073138,-0.4782832135463193,-0.05592169009094692,-0.4139891873414207,0.4365495119374923,0.09239427541543085,-0.20581733095725013,0.8433915922954421,-0.27702674241996583,-0.14645458446742332
2008-03-25,-1.0355486608298292,1.1209950716711052,-0.3595696607766255,-0.8280083679121794,0.006025906652838008,0.9688263636348885,-0.45526215259609737,1.303280980709046,0.04665693943541294,-0.5337228109909861,0.33376505404313367,0.183539363480596,0.27219027390205397,0.5940499037622794,-0.17116930155957058,-0.22563544652576556,0.514707952572126,-0.14645458446742332,-0.4214150075002662
2008-03-26,0.6653855047450059,1.1032995491565358,0.08793056680682039,-0.6441578272263202,-0.09209318085619568,-0.42398231700701344,0.10314164785139762,-0.43431086204407765,0.4427747714457563,-1.6032852740989232,0.04851474433207166,-1.3312264585412126,0.26623975867751815,-0.24220535696039974,0.1889222522045652,-0.21971147517275788,-0.8552794256315063,-0.4214150075002662,-0.40987399653663914
2008-03-27,0.9645466387336835,1.0575639459031698,0.7089297302837368,-0.4576767094254284,-0.19253614047112655,-1.6113652949861357,0.12954962424223576,-0.6132249656874827,0.09331698196512786,-0.3288651045001674,-0.41924874392212247,-1.7049304484658507,-0.1304635503373327,-0.33309696632180497,-1.2867984184128074,-0.5028745360809984,0.166081715531912,-0.40987399653663914,-0.5235304806823539
2008-03-28,-1.2415850967718474,0.9164049960532735,1.0411379289536906,-0.28189664674286047,-0.23228388621089602,-1.0835669765383553,1.1328864071510076,1.4506311076832696,-0.1521246713695348,0.21042939317467924,-1.0375052010685173,-0.7628392303133293,1.2382965314682026,0.7555710757704418,-0.9071384179490474,-0.9537362181054844,-0.23058093541605088,-0.5235304806823539,-0.6691564845607881
2008-03-29,0.8272068493475536,0.49950410392137334,-0.7904371772587152,-0.07604179825500199,-0.3340294021873308,0.847637049798719,-0.4930324519260274,-1.0173154058348035,-0.19833498913138764,-0.039936738131875,-0.16180478667678688,0.07764899146576733,0.838158572279389,-0.34052795463352337,-0.4805465613220876,-1.034294368088086,-0.6794859444715362,-0.6691564845607881,-0.8450499788384523
2008-03-30,1.0916006806143526,-0.2795529700225099,-1.9450353375940659,0.23159168500737487,-0.4004677984780452,2.17628110399555,-0.9729778702009936,0.3780673705553134,0.1563076238698287,0.0017297201419776748,-0.2540191482691376,0.050285368064495635,0.3880984572240665,-1.078717308727763,-0.332396149862414,-0.9722324092346227,-0.208789946412282,-0.8450499788384523,0.04490613518904498
2008-03-31,-1.9569885935606222,-0.7547479219347129,-1.2357441723583864,0.5015117493521087,-0.48590418448423905,0.9472274437037543,0.19557065498877066,0.17801289575006413,0.20922794855764437,-0.09047050498841923,-0.36956315647329235,-0.056399119239625616,0.27793778319723883,-1.0606264404484769,0.03874971307851515,-0.8807084937375969,2.27405303002402,0.04490613518904498,-0.290557826031759
2008-04-01,1.3048130067167028,-0.8698638820065894,-0.3676257953999716,0.8211381682035263,-0.5906237187552025,-1.8463122507579381,-0.03305952966896139,-0.7749648098406426,0.422929441570893,-0.2415429490273742,-0.779784776225425,0.13395711668649118,-0.6524942256696162,-1.2518663785224207,0.48710871099787123,-0.7093158496927591,-0.6724829014249925,-0.290557826031759,0.880005049696455
2008-04-02,0.07052444755978014,-0.8079877117959426,-0.5294647633596425,1.1847275584442103,-0.6858132322925137,-2.0054892393615877,0.6853150253503463,0.8972320231170009,0.05825969021407225,0.01748111448178602,0.516424016304081,0.43446940038550486,1.673310072879882,-0.6570735165429842,2.607641480219017,-0.2208779891645979,2.0489364672045,0.880005049696455,0.21390813255475571
2008-04-03,-0.9706314044080342,-0.5967118859210612,0.07172755633426453,1.5762237438569038,-0.7766453755708984,0.0694147212203642,-1.073125761493775,-0.41132187474942683,-0.6871890381330783,0.4212376880192286,-0.546333664990138,0.0652405599994012,1.841493874460914,-1.240744444580817,-0.5744878856965937,-0.20229075999834567,-1.8175901402128105,0.21390813255475571,-0.24888206578970754
2008-04-04,2.2205330251742454,-0.25318790816565223,-0.1857860098528516,1.964467157389561,-0.8496258767581244,1.5664411487190026,0.2504871152358676,0.29420179848615313,-1.0786280952735217,1.1872737446739565,-0.5676511511151248,0.3569170984416724,0.497032802401878,-2.6927158775771387,-0.9637167477240215,-0.1941797987040292,-0.6632397806790894,-0.24888206578970754,-0.703490555073409
2008-04-05,-1.00575898376955,0.23629874957964883,0.1363216904489676,2.306101854455783,-0.8176215762768854,0.7304627606708145,1.975503445774344,-0.47434725632474756,-1.645561082162332,1.655069570244354,-0.5797312468028727,0.8265031283766338,0.07714949935131608,-2.9427990808089675,0.22227275241505962,-0.05703205825967379,-0.877009671080772,-0.703490555073409,-0.7815400120741379
2008-04-06,0.20855479277353836,0.7483005713408754,1.274157092770405,2.4913746051639762,-0.8463785769792583,0.36324807074412985,-1.4503025648430152,0.8046212024492478,-1.774454007987939,1.5179696505830287,-0.4004783561674108,0.9831550802794661,-0.7607823849475697,-1.7748217294960669,0.04341349113524965,-0.06892386777105569,0.06167564273427797,-0.7815400120741379,-0.7848588637228698
2008-04-07,0.011229629117397204,1.1264842254991323,1.046935261984489,2.435898618557949,-0.8992293446383873,0.4408970083278905,-2.462477440887674,-1.0523209063972347,-1.138356936614284,1.2591360610358493,0.03553093708523067,0.6211952945259398,0.3094669434633081,-0.24210864892236317,-0.3798918507469382,-0.08893530710347762,-0.14209484639315095,-0.7848588637228698,-0.5915184174330105
2008-04-08,0.790961795576214,1.2019289700487386,1.1443247873261522,2.183131350050424,-0.894621048862949,-0.6562110200138249,1.429212820352504,1.154601774521801,-0.14405591202151344,0.8141405868781203,0.24463905762112376,0.836646981241863,0.02937273642850918,-0.22830382901728985,-1.070417915647212,-0.2833387709853199,0.25151754222789824,-0.5915184174330105,-0.47347811444852395
2008-04-09,-1.1864990703093161,1.1044262209751479,0.9721161397557456,1.9109592882244064,-0.8780593185671298,-1.792525677200864,2.097976522493133,-1.010352354479766,0.34852618137188623,0.18027105585088637,0.9019826052309443,1.1135701536164555,0.8235324626960736,-0.9265339194421442,-0.9542083963511563,-0.28269653189803096,0.5772549246027039,-0.47347811444852395,-0.6175664749767851
2008-04-10,0.8695386883971886,0.9682839147487361,0.3360227385659292,1.7700254333435221,0.3843875433453577,-0.7588212364573688,-0.5397375940928664,0.4624905544517603,0.5521738313107124,-0.35837084095774446,0.4635157041695938,0.880392603250189,0.24589168083349044,-0.34547478980294527,-0.6287136823994481,-0.29831699952107216,-0.3402191112777632,-0.6175664749767851,-0.5079165504418189
2008-04-11,-0.8681033347292842,0.6006268573113587,-0.9031956269158858,1.4980493082876964,0.5351901478354778,1.2964542183233445,-1.5295396289101317,-0.3776045304723502,0.9218254624509199,-0.26274983198568364,1.2376648751213386,0.9278253000714761,-0.05750985782046851,-0.10109651096771287,0.4025741834009179,-0.16707278484041366,0.44231940965739963,-0.5079165504418189,-0.1946747504843773
2008-04-12,0.9236188772780584,0.3584899479027412,-1.561304650463416,1.2345832087201156,0.6707276603256769,1.8118719309687086,0.08745026569121937,0.31692217163796443,0.38129910407252204,0.3162000253682342,1.5581961535620121,1.1062830329798807,-0.5774206829578659,0.6993304136869107,-0.2554507866675333,-0.16701260449586688,0.5379772810483308,-0.1946747504843773,-0.2865929865012474
2008-04-13,-0.2380012181036901,-0.6051630575969322,0.06303345576087807,0.888187218008468,0.8484948133098532,0.0973415334056261,0.39699564825965694,-0.15336910684673916,-0.09426804110139626,0.6429116397558063,0.7701822962772724,1.8834810378027957,0.9064055124286349,-0.37205969850908804,-0.5142323697772635,-0.2370122715806134,-0.07866562997148574,-0.2865929865012474,-0.14739688633278167
2008-04-14,-0.9489784686553994,-1.0629679327865178,0.3152322774023963,0.6373269046619677,0.980557175929731,-2.5557092053696238,0.050525166624912944,-0.22476539488009276,-0.246528243372615,-0.4622726656077021,-0.6130428844361591,1.0404805874126162,2.1192206143454033,0.07045589406247539,0.17694103865530164,-0.2729045615318184,0.31089278762506944,-0.14739688633278167,-0.44723766851185554
2008-04-15,1.0111126998643307,-1.1349891094322777,-0.5124012897574338,0.3686926621239027,1.0115328947660887,-1.8396978476621095,0.7465302838174495,0.8918979471382872,0.031554188471131506,-0.8905724459066349,-0.3538415855920325,0.23458295503190546,1.4404072487976276,-0.9892127174160195,0.6005426309361988,-0.5157661580996894,-0.691417585006752,-0.44723766851185554,-0.42438178697133366
2008-04-16,-0.2522659590904766,-1.149460366589224,-0.2548418426034716,0.11491268939390445,1.0110172822511316,2.6359858485430663,-1.3161566834102059,-1.5298613391052056,0.20330234102408065,-0.6871315246361093,0.0564780106779455,-1.539424585871932,-0.36598208154225237,-1.4031192983109966,-0.5057777365190732,-0.524963724814104,0.10231346358634928,-0.42438178697133366,-0.7087123943143521
2008-04-17,-0.46065839815231785,-1.1296869306998851,0.20522778306395997,-0.16527624489028295,0.9842890818521768,2.6574655760203374,-0.48389484573397484,1.6285902717966978,-0.374289649421742,-0.41257668365885874,-1.163352819913424,-1.8377220578223958,-1.5802462237521142,0.30703232112516715,-1.1898847836773137,-0.5409105293730151,-0.3643117966567807,-0.7087123943143521,-1.2467484040594747
2008-04-18,0.4310927649230011,-1.0754959760860023,0.3392513977878765,-0.45060935432297683,1.0782499976943616,0.0772137726823339,1.5294835886942784,-0.7494460373187856,-1.349711431603761,0.3478588305384597,-1.3881389167227696,-0.7634466255915668,-1.1311395837450113,-1.182923651821526,-1.8757551787610793,-0.8123111277466987,-1.0498337036240644,-1.2467484040594747,-1.2771427694979411
2008-04-19,-0.4017313525550501,-0.8506966195792811,1.5577339946566315,-0.7603844550614378,0.9615704795101765,-2.855613824639036,0.7635536458033652,-0.08965265109744307,-1.8797465808364022,0.015268751231277973,-0.9572164547233997,-0.886271888068615,-1.1856337700322022,-0.5359454077185065,-1.5479279560747516,-1.0132231153889382,-0.14518478275062893,-1.2771427694979411,-1.5335757389468787
2008-04-20,0.48357148261954247,0.010537696851880706,0.21389580465762814,-1.0747922106285848,0.8191383913417478,-1.7996908542650216,-0.8438966980696849,0.5045542734301734,-1.3545803809332724,-0.16371349435323368,-0.4485537572820804,-0.146777144615117,-0.6741301876870001,1.0186927435193984,0.1934945743187306,-0.9286228690245719,-0.38023703657317653,-1.5335757389468787,-1.2796491798868108
2008-04-21,-0.0728793401575954,0.5454472620119167,-0.9294633150729259,-1.4204300672233894,0.6477670093596702,0.7461372891816851,-1.7020829076632522,-0.5854402734850924,-0.29867461828698755,-0.09591968915646304,0.31277094636994807,-0.1033376162656489,-0.31498939997639575,0.7811064122134216,-1.0754420343091056,-0.9670670360246001,0.4348207653667658,-1.2796491798868108,-1.3091267972262814
2008-04-22,-0.6450348460984787,0.6255269839534843,-0.28334755953888324,-1.7225916201805516,0.4704236560799966,1.8841285530429999,-0.2162217656550667,0.17718837238402177,0.1843014818052239,-0.18308733906759417,-0.27505120169537944,-0.4053048115565526,0.027075441972700513,-0.49912932043426067,-0.007306017569089525,-0.8792023402739854,0.25656095292540027,-1.3091267972262814,-1.017846051981051
2008-04-23,0.8538774094957559,0.5562330947296298,0.051937013222585864,-2.0028949209295335,0.29176191013467606,0.6562136306996277,1.1350846607545229,0.3567268609623682,0.620153401998621,-0.2013041610129775,-0.0629458622840786,-0.05845781459315879,0.38967773475810796,-0.8697782992586968,-0.7833238282545687,-0.9589826855684209,0.3776066178175782,-1.017846051981051,-0.826596951956487
2008-04-24,-0.7853518901169552,0.3886976915774895,-0.5856632764367433,-2.2195442913882166,0.04224823322154322,-0.6550376165970495,1.1008100385775845,-0.49615180194553676,0.8271421972811209,-0.6647418223603474,-0.4985227850366692,-0.5594495975503158,-0.6983498236083443,0.48787621119882507,-0.10893237854959846,-1.188571222468422,0.30643749885803917,-0.826596951956487,-0.8490103166642516
2008-04-25,1.0809375892386328,0.09366336813394105,-0.849435193467816,-2.402615843722609,-0.13866289430544881,-1.5861347691575318,-0.5566237428603864,0.2996701256773343,1.3437873801077094,-0.8512650797732103,-0.500514307406899,-0.31388534441800175,-0.4600399429679863,0.9644279471936196,0.6336551371620057,-1.1282859355155719,-0.0037290982343348837,-0.8490103166642516,-0.39142057107149647
2008-04-26,-0.8547000744658122,-0.35917070146435925,0.046838033011252035,-2.5509235408485775,-0.3729990831770155,0.31080131720287646,-0.3328211039190372,0.24905500866410563,1.7856124319408508,-0.7552342976607251,-0.8769297693902048,-0.634401644363529,-0.4832663123976609,0.9120038010478431,-0.6152793362477452,-1.0974009724233469,0.7442999033183872,-0.39142057107149647,-0.8290960767522847
2008-04-27,-0.2773660064542532,-0.9983908549377757,1.2184357674796424,-2.498268787915094,-0.5677220254614703,0.7765968469280532,-1.888840646148451,-1.2371348303841705,1.5984875045110503,-0.680210915192056,-0.6509112327140733,-0.7982688442701249,-0.28300589289316963,0.7406769390476986,0.24528799348555957,-1.0841638605815522,-1.2080908900452392,-0.8290960767522847,-0.16254186105224186
2008-04-28,1.0349437497478466,-1.3535339471233387,0.16953216856668857,-2.441420443391326,-0.7745179042468202,-0.6426334924942192,-0.809889404643207,1.850701408068156,0.2774190880875862,-0.20416935199772834,-1.2320912771924444,-0.7171969025762152,-0.05091093296978088,-1.2239175145493013,1.6559668053484449,-0.914139710393166,0.8637548094406192,-0.16254186105224186,-0.18421878540745348
2008-04-29,-0.1379140686438827,-1.1921639688482137,0.16395914833589378,-2.251514520392561,-0.9871804342500777,-0.7159500993532438,2.3479835131948525,-1.862267508764706,-0.1954845053891751,0.08661496447804766,-1.3130818230321533,-0.4362416967913834,-0.4893089927013097,-0.8365578116563063,-0.05436387132718454,-0.8141612497988343,0.0028093857911498307,-0.18421878540745348,-0.4077365310318788
2008-04-30,-1.465996267013256,-0.8516290769410834,1.4765771946567545,-1.984766125571954,-1.1121966653238515,0.48356688762597544,0.4265016726280624,1.7501114856899047,0.36779011312322174,-0.20425076157746394,-1.3391798077082468,-0.8487464948014459,-1.277563439025524,0.09382550797161486,-1.1620916200520461,-0.8498457925620048,-0.3602338568102161,-0.4077365310318788,-0.8723383448364488
2008-05-01,1.9374020225267021,-0.34307039513384624,-0.09799875116568915,-1.6168149393402826,-1.1342797723047406,1.1587542506302975,-0.3269554875347461,-1.5482666670102379,0.8980557517754055,-0.81232562178336,-0.18583852477963864,-0.5177157509772243,-0.44562171148427865,-1.9163734806820687,0.03133770055173275,-0.5850884470260055,-0.4874854317222597,-0.8723383448364488,-0.5296210114979878
2008-05-02,-0.23290041999615138,0.33532792087130975,-2.1114641254992113,-1.2465057133366984,-1.1891693493332482,0.22765928208797667,-0.9971796697911723,1.0580727622814443,1.5972792765085113,-0.7693148303659992,1.7358843874960603,0.40834372219670484,0.0015890444780418589,-1.291704281004623,-0.18677261441199502,-0.3645548819119525,0.42094344624012087,-0.5296210114979878,-0.04133981912891217
2008-05-03,-1.4932550530760713,0.9723398540384056,-2.088926233324584,-0.8830994791006004,-1.1739796668625977,-1.093707139321815,-1.118660119823523,-0.5149369518600286,1.668783151544753,-0.5408321402286999,0.316348332779932,0.6467799258175848,-0.08944183003706309,-1.2078702118086688,-0.514309427540138,-0.48182392284452313,0.9239966569908108,-0.04133981912891217,0.9410220801522468
2008-05-04,2.1456521284048438,1.2486395425117505,1.0081488620951033,-0.5340882350283507,-1.1325714623429375,-1.040675834678018,0.7207313259947287,0.046261612636108895,1.4697263675404462,-0.3656917720996484,-0.4438258399304709,0.39848331793991687,-0.19251659482909048,-0.658014641248778,0.8273645686731781,0.04286286911913615,1.5143765749335631,0.9410220801522468,1.0661071424595676
2008-05-05,-0.6236084525054351,1.1450848179616038,1.328566560375494,-0.24837514058146107,-1.101326682265205,-0.09825172139411621,0.7945058513447326,0.4594204803434848,0.7890352086831447,0.17881705407036838,-0.19134747109905836,0.6075562670833332,1.0299477379363347,0.5133202674734686,0.42410492912863684,0.1262551377105441,0.09515581494856777,1.0661071424595676,0.16533688964826943
2008-05-06,-0.431779451340332,0.9125237434472934,1.2932263489646527,0.05644095738054703,-1.0190094825665017,1.4966110397114634,-0.4966151962474762,-0.7169928975103539,0.09802736216276009,0.658025036885805,-0.546688738955543,-1.5063572140096695,1.1230731187678418,2.7259235831504407,-0.013315206101508648,0.25809547642588415,-1.133916783360886,0.16533688964826943,0.9084301981580505
2008-05-07,0.962175409811568,0.5972783953080811,0.12551006088878694,0.2979568539993148,-0.9402091097183319,1.3043077557899803,0.24443669562524556,0.5140452519191113,-0.28506136684186584,0.7800865602243985,-0.29385935857304807,-1.625622094115469,1.1390213396033246,2.4965699809962696,0.5516484797216733,0.33742291100527505,1.1596139080096086,0.9084301981580505,0.21157525715262004
2008-05-08,-0.3578044287258774,0.23064706326713444,0.42728852305414583,0.5297681629212195,-0.8385095853695831,-0.8805391027159261,0.03635062148919373,-0.14531212855007408,-0.7480082959736363,0.6854108856383647,-1.3811098913683915,-1.156617597441586,1.3221454990317854,1.5103560170464996,-0.451579450925134,0.16178606881352237,-1.4981943835302265,0.21157525715262004,-0.116251156112856
2008-05-09,-0.9480079259671839,-0.0826647357640949,0.45050152199260485,0.6094592163664735,-0.7336211705516742,-1.9318760832727413,-0.686795847606195,-0.3850208182285261,-1.2012156221198358,2.3685551872291093,-1.04343495725457,-0.6618301326016033,1.1566185018106836,1.582345665219199,0.6016555616067033,0.3322321624285971,-0.5773752479532227,-0.116251156112856,-0.6399720918764973
2008-05-10,1.3577637622448753,-0.1317942166205198,0.13586040770154828,0.7771524687534198,-0.5894205293761785,-0.634734885338393,0.6151930688073627,1.0398851223446812,-1.250813633241313,1.8493630516990485,0.060347159865523525,0.397627591253381,1.4386110615270373,-0.5132961078178689,-0.6059099892424051,0.1724281097919274,-0.5651224014943436,-0.6399720918764973,-0.8536086929118872
2008-05-11,-0.686569094354836,0.10160662413107839,-0.8103108765997796,0.9308531457597712,-0.43506631207564184,1.466919645701686,0.05743691453176346,-1.1564112604066663,-0.6474492083720432,1.4928003040906503,0.3704865113969332,0.771150850670057,-0.383248506407892,0.7003552884749984,-1.5238495424815024,-0.21454136137287733,-0.2828957305504407,-0.8536086929118872,-0.778413434932143
2008-05-12,-1.0138669734616925,0.47610495764599364,-2.062374392301077,0.8725789446893011,0.20582911105496793,0.9510597141264558,0.22239640349307085,0.5174009584588006,-0.11063581925598483,1.9928340093402224,0.4590723610145922,0.45049618591200213,-1.0931146070860915,-0.6987534022848034,-0.5648661021529807,-0.27876263630530557,-0.16775428415657198,-0.778413434932143,-0.8439871730618435
2008-05-13,1.931667477115714,0.8518058486976932,-1.3105312844823802,1.0337976841019205,0.482286643987975,0.6417354005287474,-0.25131127723181496,0.015883798262612762,0.5152961960071714,0.6168180134720992,0.8739974923106058,0.8931578053205755,0.15577783674499227,-0.601635764057325,-0.3087115648470549,-0.17333588292019672,0.5028800665053099,-0.8439871730618435,-0.8403591852916175
2008-05-14,-1.307937383196718,1.9096719144667729,0.3920456888484999,1.2080620863983884,0.7831901738742619,0.44135714843023205,-0.30344473941859634,-0.3616063655229488,0.6652464717829134,-0.8515881936053182,-0.5298718649642524,0.20745842501590883,0.4437951300181246,0.1881480470614082,-0.7659904000758844,-0.2576792091336878,0.07511922756335888,-0.8403591852916175,-0.6884072665204733
2008-05-15,-0.4271320287576227,1.9476033359817924,1.2368967480315118,1.3915635005134879,1.076410385877033,-0.3515738988162911,0.14702636542433672,0.5265937947595998,0.9078133111639762,-0.7401877232149225,-0.5433537756305151,-0.1372759574231593,0.993179461848373,-0.2419638217538179,-1.2274464087044137,-0.3398441470885344,-0.07706463761868312,-0.6884072665204733,-1.152192843256363
2008-05-16,0.28166410615891085,1.5347968579576365,1.5611845954259271,1.4247887224959594,1.2401338383219445,-1.7775763454574587,-0.39102497183357665,-0.33323783167159904,0.9049998129614281,-0.369218173903217,-1.0758929708898552,0.06271024134345839,1.3599945439925902,-0.2819966294315806,-1.0593504411082009,-0.42320914817947985,-0.2592307149335297,-1.152192843256363,0.04390049782564094
2008-05-17,0.15221241079720343,0.5387338001760095,0.09884369508661532,1.5332515118137402,1.400634998529481,-0.750624411175337,0.2665129109244489,-0.3017147280854346,0.4047260453487545,-0.4652110791561368,-1.2691649858573035,-0.8664421435345732,1.4385312859168675,0.47569216692811506,-0.17118180407536024,-0.7398321030478919,2.193360683883784,0.04390049782564094,-0.630487690584519
2008-05-18,0.4074605672195852,-0.5882091199073298,-0.5426249977024555,1.6424839904342057,1.526327847438484,0.7788993627676212,0.8837415960296824,0.4864995802938928,0.43302750296101516,-0.16157434347349026,-0.8461158701291714,-0.9255898082096525,1.2623413237868426,0.8978653932418936,-0.05436673501674203,-0.9562531272592825,-0.834590514327229,-0.630487690584519,-0.13362684736835198
2008-05-19,-0.8648898751386892,-1.2957236075218024,-0.01852143261244411,1.6580093771592443,1.5334772064866806,1.4618138630953015,0.12109554434506921,-0.3177788906344979,0.1308844581202837,-0.4666040162573344,-1.2509598350367925,0.31740837220464585,1.3128316049320192,0.22037586766245254,0.13166990189544106,-1.167846665343074,0.7055246526855747,-0.13362684736835198,0.08482654058842519
2008-05-20,0.006660420333933618,-1.6778999008949484,-0.5034534180625849,1.5716228237404675,1.511373369153059,0.8282956199771475,-1.152964813649665,-0.07694033291019019,-0.11648809092009905,0.20441970489300865,-0.5990338029986714,-0.060294356540620764,1.2265840003746094,-0.3841880398610446,0.6057806221006784,-1.1084916278122123,0.35140913529155393,0.08482654058842519,-0.4632694752968591
2008-05-21,1.61032212379868,-1.862200128306738,0.41137858247967507,1.4059329130006488,1.3918201698062902,-0.5436282269019141,0.47751935343173835,0.5401522851876428,-0.1338370144305927,0.3120524551997737,0.33100571572676324,0.514110187283838,1.7938076801773748,0.17872756738259532,1.0164659675736367,-0.7516083874408876,-1.0471149460987126,-0.4632694752968591,-0.04309647227687628
2008-05-22,-1.4113722492491412,-1.9042148306003446,1.088133914156069,1.1576522911195675,1.2593234972972704,-1.2642640916636279,-0.17059566059208497,-0.8743059438077201,0.294878036381706,0.0832065811867014,-1.1460102934413348,1.4068643920483768,1.7465321882887423,-0.23076284922842388,0.28088517553257863,-0.7507131888065464,0.5158058622971551,-0.04309647227687628,0.9335255587463077
2008-05-23,0.34251682069868583,-1.7217514883775018,0.29508664454104544,0.8797870055603366,1.1323991865847922,-0.8823057745398758,-0.1032027037896726,1.032764979880283,0.4005594224833308,0.003998227553961051,-0.35811305661296217,1.3964419868466038,1.3029200702023447,-0.4430262501028848,0.4259949577487678,-0.4117797961484159,1.2842881081991158,0.9335255587463077,1.3352247523075604
2008-05-24,0.07409333855935896,-1.3255839579416353,-0.29215875385822127,0.5950432019535679,0.9880063094492402,-0.5880949599738268,0.9596840591257624,-1.076450672285155,0.34140243993343256,-0.11017891153661848,1.3568781726676706,0.8575942230931684,0.9007820281005189,0.09345137460355363,0.09896598795410308,-0.10092573069863628,0.7972661328903065,1.3352247523075604,0.39708344265126067
2008-05-25,0.36506878628360284,-0.8993026225473936,-0.9584748122632375,0.3301728203542924,0.8344864970475463,1.1623907198954953,-0.6420022125083588,0.9795772271696205,0.4949650096069139,-0.4168378289494126,0.3285075633841452,0.8036810581008723,0.23424204934089507,1.2014487192922578,1.3863939530641043,0.15020520448327668,-1.9333956605200509,0.39708344265126067,0.9006641627914793
2008-05-26,-0.5795890345999868,-0.5197676645079714,-0.23381439610845414,0.06927906169970631,0.7417295058075352,2.1582059195774255,0.4620627201592313,-0.6296530054761745,1.1923494564415436,-0.3894699472057366,0.18801951264690162,0.7262343100848005,0.9159033835602985,0.9459025018258075,0.6150128794496778,0.36946688203000844,0.8853004402603497,0.9006641627914793,1.6454603235159222
2008-05-27,0.38185393390369066,-0.3374727490887382,1.6349710952262757,-0.1470807478967749,0.5502271457352317,0.8112100409689321,-0.8335299321391543,-0.15551564781200708,1.8605913072970333,0.3058491854911985,-0.13173891809399624,1.7129178709899198,1.3279549320452821,0.3178115478232891,1.569073273795561,0.8568518714816313,0.7544723051977822,1.6454603235159222,2.053369871944347
2008-05-28,-0.11521605948558906,-0.3627557737206519,0.5641965788814477,-0.32769848721764666,0.289521313109543,-2.16849165880038,-1.4824126553867536,1.2387277325312782,0.5643738783129791,0.9805165592995848,0.3984104531375795,2.713787589323674,1.9409799987155825,-0.16410199600663344,0.19827857142736371,0.9850821717762364,1.6382901016698552,2.053369871944347,2.5913117656170823
2008-05-29,0.4845428667388852,-0.4169011997137408,-0.8851953431185796,-0.47729117214792643,0.06953237802693056,-2.506294352323,1.4528837304589273,-2.158663618167593,-0.08374284765522774,1.4300744423468308,1.765528170717581,2.9425153011910585,0.2323851368491998,-0.09950962705543108,2.8174260997767524,1.6181095487489463,0.9756668222517024,2.5913117656170823,1.6676695834399513
2008-05-30,-1.0340436792302272,-0.362309673939438,-1.3008481829725838,-0.6363362262255905,-0.17869527899389784,0.32842059324969564,2.5123071983982688,2.441645930617649,-0.05650534041902681,0.563240924019549,-0.8818841567900284,2.8707196121691476,-1.5773143747371765,0.29975155253472285,-1.1896989884405609,1.4908572945371859,-1.842413755862639,1.6676695834399513,0.3077096389022298
2008-05-31,1.223241858350817,-0.17087833484524018,-2.1532787940408524,-0.7090518069043344,-0.4830774620838624,2.465235934575824,-1.1454009660886326,-2.069244122844117,-0.28927052391703506,-0.7892431588053866,-1.123072632487251,-0.9456767863629647,-0.5387345909906929,-1.4078259488351146,0.2951959934163549,1.4356256470811162,-2.518338473889542,0.3077096389022298,0.1518030631284152
2008-06-01,-0.6755945350652048,0.12336153864839243,-0.5766398897083114,-0.8324778256339038,-0.7310833589430695,2.143488594895343,-2.7212649235362076,1.244872661908363,-0.004629059072601962,-0.8806818659254658,-0.7888183251817584,-1.5020639327433412,0.031086348190674757,-1.3547051234578982,-1.3302447484144575,1.1595412958711575,-0.3436353703565049,0.1518030631284152,0.46443118197754135
2008-06-02,-0.6906655712912667,0.5504734540937359,0.9328155763996447,-0.8687204447818969,-0.8840095127251991,-0.9669665625209295,0.8404039534509095,-0.16221744910811622,0.3009902933827737,-0.35304191234917054,-0.7488227414875798,-0.009303351612211826,0.5229205098639277,0.412927547051282,-0.7561820145483181,0.9594300109561125,0.8452188729569764,0.46443118197754135,1.5817652898648862
2008-06-03,1.0511483571242917,1.0483832799874266,1.096255175856217,-1.0013764302302133,-1.1186234465070026,-2.6577256925676966,0.9488717473275508,-1.0112050225397813,0.014636280597599879,-0.5607866280252071,-0.3076033606975061,-0.15674247499895902,2.201404814765725,1.861216747889639,0.5399798895802614,0.866098625424683,0.986724103237016,1.5817652898648862,1.3451392882747515
2008-06-04,-0.5118890181218634,1.6806964611464117,0.6780165227583704,-1.0762499866346429,-1.283710422119229,-0.7067888353375409,0.4388604546146333,1.5931771855386379,0.2697081294148502,-0.5781530377501173,-0.25082227081716724,-0.35361565228169783,1.0562457821057913,1.6498512381333095,2.4336215695433516,1.0794926093670119,0.3238209991384006,1.3451392882747515,0.5160924914972793
2008-06-05,-0.40326230515389394,2.0894175443112566,0.7806898929474777,-1.1268064582479078,-1.4087620563091376,1.5830195573580488,0.5586242105415211,-1.5307112687124023,0.42101817236936145,-0.19859477688487215,-0.0628204977995049,-1.2986184695817258,0.3758900419193411,1.8459682615367607,-0.6843485708568176,0.9765016803866668,-1.5758447054417206,0.5160924914972793,0.1836140015892232
2008-06-06,0.5182365681655711,2.080377450992729,0.34968195892579246,-1.1466354887804038,-1.5277890998501897,1.7114763311991499,-0.8223060563419767,1.2425082142905726,-0.259586305655483,-0.7201955730255942,0.11169744027477957,-1.1630034996893,0.9131768597889165,0.37075246854616106,0.4241947105088507,1.0439876482205168,-0.1713752245602563,0.1836140015892232,0.5104395352735629
2008-06-07,-0.05525349378751896,1.7052412554834002,-0.12896695445504858,-1.1329598727793975,-1.5583118036991281,-0.6292782044772335,-0.5701514418945374,-0.7556033391935573,-0.6696731492837378,-1.0629502301533065,-0.5235674131837109,-0.4346650366784628,1.6011353305970344,0.640729250395422,2.3836003905493195,1.2692341829657403,0.34540599620160134,0.5104395352735629,-0.14949622384730926
2008-06-08,-0.26467290528442716,1.2892130641557225,-0.9188638486071226,-1.061532066881224,-1.4949841487959707,-1.3695329839586006,0.04921180899564378,0.07682250241092649,-0.37078982514818426,-0.7786075588789182,0.9404726133506827,-0.2108643544402676,0.39672832595429613,0.3103146031608971,-0.44731916526127496,1.2762996439368233,-1.2050825120653197,-0.14949622384730926,-0.08579022488848972
2008-06-09,0.30499154945726237,1.0801796432052835,-1.7739264608661562,-0.9575423802496691,-1.400545288623747,-0.12553193475496088,0.934926743937718,0.2749765580371463,-0.03890995285891592,-0.6371078503067537,0.9880210368980162,0.977524125563394,-0.016007404002799472,-0.8552521727976194,0.4122969700677917,1.1021973438565706,0.035029325132805794,-0.08579022488848972,-0.2787302354488382
2008-06-10,-0.46433527578225275,0.9579689469937804,-0.12623976572995282,-0.7779119588928042,-1.2644978827738427,1.0396556649779456,1.038810699914553,-0.2837250529930527,0.17672048679136462,-0.6865378246138502,-1.0279645623811025,1.4850988031246342,-0.1927659448713392,-0.8588308568416078,0.06522703912908157,1.1289745202228936,-0.461196952610498,-0.2787302354488382,-0.4000611653376431
2008-06-11,0.7115074701598711,0.9061642764700621,-0.2754306725824655,-0.5988157282354016,-0.9998396773898843,0.8869753992707873,-1.5887740820127971,0.15744458431464217,0.8137048304315359,-1.4224154114313705,-1.1304977711018913,-0.4144161275439951,-0.15116979492518628,-1.376751484036183,1.734997370816511,0.769637143641836,-0.2568740143907076,-0.4000611653376431,0.5749059679923637
2008-06-12,-0.3026241059442935,0.7371986100577149,-0.36778345798449985,-0.42648860567124186,-0.80903326625653,-0.6653320425234527,-1.3415335264843722,-0.031188209237912465,1.533569803992019,-1.3278810461027517,-1.8474129973842568,-0.4641699724036976,0.7643655510339775,-0.7377061387185351,-0.2077435513118963,0.99689773998093,1.74411666961402,0.5749059679923637,0.3903201644233804
2008-06-13,-0.44597633379293095,0.37278820588214534,1.32705660605805,-0.6969228830093397,-0.13500426954630018,-1.0450202275063032,1.5032112785138951,0.21722546343929144,1.1050733082607174,-1.8019495628419098,-1.0108374268439613,0.14868959387347813,-0.13106906760297468,1.4181598433237934,-1.4772622022320039,0.7466815759467296,-0.41452907748413426,0.3903201644233804,-0.08978298210652812
2008-06-14,0.8234291659622328,-0.05271384876499809,0.877895587686783,-0.5353737587078191,0.17324433807835093,-0.631716409897785,0.9907867442646545,0.18918439002255857,0.5274908992593809,-1.8814189222044577,-1.281145336269397,-0.7706343503369987,0.8564205905119306,-0.6702434249172394,-0.046140652012474526,1.0251316302406903,-1.0999785456913007,-0.08978298210652812,-0.26184286037615634
2008-06-15,0.4405928553334849,-0.15855859457792829,0.08668230888818423,-0.35716328919359086,0.4801741498608875,-0.3539819434328082,-1.1463688079525158,-0.7051862103970024,0.5931406786207163,0.4855479271242989,-1.0246342385756937,-1.5111474454148248,0.3356856622449147,-0.10516839215249534,-0.8958035866749555,1.0205690100010172,-0.324494403666157,-0.26184286037615634,0.16506152310077132
2008-06-16,-1.1861360573004833,-0.6135185519175772,-0.01076345075124381,-0.2719653378139233,0.6574313032031793,-0.2790732260980151,-1.1838725897680973,1.0866443028618316,0.9457874921064691,1.684827890470866,0.10262707765398275,0.35564258355137035,-0.40853020494011105,0.5861867368402635,0.4385599629106867,0.9111907148634504,1.3178172895117393,0.16506152310077132,0.5264363019452423
2008-06-17,0.9557316040571454,-0.9889846626932961,-1.070380865803631,-0.052257298732992556,0.8983570674194505,0.5919942178559616,0.26921802426206864,-1.2288231642298502,0.5579388466169107,0.559542753727459,0.5127965120434781,-0.8182280923614028,-0.804642160497639,-0.41382355559399964,-0.8045884343393784,0.36790765189477825,0.6823645006676089,0.5264363019452423,-0.1154599626599096
2008-06-18,0.17762566098726737,-0.9993395649855353,-1.2498103223284676,0.1339039189851034,1.1131801289184324,1.0271849377988103,0.9183335170357929,1.2167308711013682,0.19245966285124858,-0.08194596405330834,0.029965395447821293,-0.6643799955479285,-0.43391487267071005,-0.4931467666241017,-0.8008466425617045,0.38047146456379816,-1.0532494011802311,-0.1154599626599096,0.6066160339527266
2008-06-19,-0.3556609607490806,-0.9019728586545389,-0.03413105372254805,0.2794402847086249,1.3820880951184582,-0.01119530787429235,0.051489688040579545,-1.1865136882749758,0.4766414247944032,0.2310510926819597,-0.9109503158658135,-0.08678466134425886,-0.4431533952193322,0.11489851692829736,1.6099787657978109,0.538188852099041,1.0220297268272485,0.6066160339527266,-0.1689812839945848
2008-06-20,0.15688376775940077,-0.5814601238169697,1.0045393462966037,0.4656364428787935,1.5363593632090804,-0.5787525022108116,0.45801814358738646,0.9075992839252507,0.7245305438668983,-1.4486943792384952,0.49533955503431065,0.07446510462894498,1.0922663611337118,-0.2669708283529251,0.7915457355826482,0.012327702086872904,-1.248040063198822,-0.1689812839945848,-0.24237588191974307
2008-06-21,-0.24369627007499112,-0.1975872642321449,1.005086614189379,0.6744560561730991,1.6914199413020248,-0.43859297168032163,-0.060288504976676816,-0.43309237302584014,0.4649226588051262,-2.127178302648374,-0.8183580199465497,-0.6701673901472819,2.2545245286663835,-1.1324700922598125,-0.8344939415919248,-0.17732657591983564,-0.18805304116162155,-0.24237588191974307,-0.04541123858715129
2008-06-22,0.2444264350042639,0.28690846073022275,-0.14579798323028617,0.8553654129555247,1.733233831473928,-0.5396172306184989,-2.668824857207169,0.21334193407714777,-0.5637398841417941,-1.1702254738102125,-0.4371339949281047,-0.9113917773276459,1.440753825620093,-1.1328887224078874,-0.12477644608418767,-0.25961608800046293,0.36404837500636755,-0.04541123858715129,-0.0825461837868703
2008-06-23,-0.1822256152587951,0.9192631665358202,-1.4822264490953019,1.0031687766058117,1.7307220643135335,-0.6060107071831257,0.4237337964686504,-0.12372127646626355,-0.5348741023898229,-1.0122950399004202,0.44300454175076465,1.2617184496972735,-0.5155670499845997,-0.2645770539629506,2.2730966047214114,0.3042597414789232,-0.07233140654603416,-0.0825461837868703,0.11793356955480752
2008-06-24,0.776000502372207,1.3473448110501922,-0.2496023933841425,0.9243460777447804,1.6525356765400883,0.8429626665864068,2.3201841498480285,0.044881830382773505,-0.12278880129635372,-1.069065030157634,0.5868470096303497,1.2841432145034992,-1.0859580690720227,-0.24243876166490097,0.466230639357519,0.1154461849615387,0.4146411457665241,0.11793356955480752,-0.05548939691395367
2008-06-25,-1.0652463942856727,1.2196425535779916,0.16677580941729842,0.987967527546294,1.5643425128632387,1.319514626984898,-0.9420341394864816,0.11791741558951156,-0.5105249986114138,-0.8997011774465075,-0.009973795401777482,-0.9090814768650086,-0.03879520226289123,-1.0652552475731027,0.30700584906583667,0.20893680274473592,-0.2866067619433079,-0.05548939691395367,0.30779195712848084
2008-06-26,0.032288651557027724,0.5916897088486236,-1.0527634523192286,1.0268960577240016,1.4369569558804487,0.36217663042644643,-0.6613160540396077,-0.36282519856549694,-1.1167863671138978,-1.0216861451039283,-1.202356323241472,-1.3567699294711983,0.3331726300311083,-1.4777823057825863,3.019545817989397,1.492522753139372,0.5096129035786588,0.30779195712848084,0.9869292883198787
2008-06-27,1.699654805414492,-0.1310108329939825,-0.12069893271227265,1.0460474991809112,1.235530389745176,-1.0502205643308093,1.188293479753373,0.6157057796028209,-0.6660210375190371,-0.9327645682915162,-1.861454097612834,-0.2525842020309671,0.29343573901181946,0.9266761741213733,0.5862665569548907,1.5431613870469474,0.662655324604363,0.9869292883198787,0.8279420403977767
2008-06-28,-0.8728131106868198,-0.7464364973809029,0.9500266827543785,1.0369940983391508,1.0342675415049543,-1.0719501362558175,-0.6503851303267737,-0.8728970194425157,-0.32549261344954095,-0.8577285761636033,-1.0569394248318085,1.024110520626236,1.330439274398459,2.0454921580763004,1.5889776424413462,1.7365558844358429,-0.7459068097769145,0.8279420403977767,0.27148194030831657
2008-06-29,-0.848914476867699,-1.2069554453115967,0.20615333214485,1.0643690671724682,0.8067943216429608,-0.1787553869715325,-0.48655971716590324,1.1738757178480475,-1.0701557309928167,-0.3041780290753972,-0.5557834319318786,0.2025911708066436,1.7007555736978406,1.0382424161686084,0.8511013449630382,1.7207865252983081,-0.932461988259167,0.27148194030831657,0.09261490304119643
2008-06-30,1.656905050828968,-1.4405589424820564,0.4328683881970775,1.0871136628386517,0.5992018966761845,0.7892975076873452,0.2486571099488913,-1.4630129421327092,-0.9832056496756155,0.912316550847116,0.26649072106200844,0.4337460186646182,0.13057047631573623,0.6658909004227912,2.413824768962787,2.1070766622278345,-0.28565996496910506,0.09261490304119643,0.6514187546456407
2008-07-01,-0.1327737188625239,-1.418457241307815,1.0601463167480314,1.0383282882463363,0.3221707925302649,0.8939059726293805,-0.12459331081532929,1.330972725552073,-1.277752553038425,-0.6474993906582187,-0.5361553558765441,-1.2239980810099347,-1.352548165712103,1.6714030387888392,-0.1355523302470425,2.121834515188588,0.7474035819666192,0.6514187546456407,0.5152625669352212
2008-07-02,-1.0571250516581656,-1.132984123829655,-0.6531815069549668,0.9462935564830344,-0.04017442275532411,0.7671001793199284,0.4866883856836801,-0.7245265336732998,-0.6658381192137404,-0.7120129379002585,0.6674344920086894,0.5329285971539216,-1.2652929235143047,1.6475303281177596,0.3834227477414044,2.0588351941270524,-0.2879890774357842,0.5152625669352212,0.41103230920364764
2008-07-03,0.39449872366730415,-0.498090366439682,-1.1018506127837668,0.8501687876808984,-0.39948034021659345,-0.7583623025680933,1.0098818751377363,0.2544196742971038,0.36920118515929484,-0.9451683467136981,1.28140047716191,1.003962743236774,0.08339379933198314,-0.2680462812318476,2.1027057434897407,2.1347085289639525,-0.3558193748428808,0.41103230920364764,0.48545256932514474
2008-07-04,1.0098577463223393,0.33685619658143123,-0.2679382219161754,0.6488511365951567,-0.7698051060992156,-1.2387509137706205,-0.5798161850258118,-0.1448911274865261,0.6766918398152344,-0.24484885844528215,1.0202630074685852,0.6326010368708619,0.0796005439540764,-0.2205677639309071,2.825414315184878,2.6594369829319007,-0.06271260738091641,0.48545256932514474,1.2528334759042843
2008-07-05,-0.7745989108817688,1.0198917989850478,-0.01189459939613362,0.4149584529884621,-1.122609494959945,0.2787394938417071,-1.370063772603971,0.23935845635404757,0.5755223013716284,0.35845010557529405,0.33774349101565315,0.7630973166651076,-0.8037842266433521,1.6907155547790558,1.3924698040979817,2.775441136725344,1.565928339163922,1.2528334759042843,0.7301500164750714
2008-07-06,-0.39620965956345416,1.4803608291838055,0.6671841557737547,0.26385218204352284,-1.369923290547967,1.141279332735465,0.9508546135919251,-0.4459050789933443,0.8050041765406253,-0.06509364556790434,0.31639039718450196,0.632883811306853,-0.011655099023751378,1.6880200657635518,1.0483061925022727,2.727736198534958,-0.2359214268531983,0.7301500164750714,0.5661565423395828
2008-07-07,2.3104625242123475,1.5592714435856327,1.0983359282026057,0.10890588202040766,-1.5571642370174161,0.3781057794465254,-0.07974008699197548,0.6082219028848616,0.7139806530386101,-0.3394656424292607,0.2829698282481121,-0.7638270877640806,1.7065409969961929,1.1371116439647186,0.09495981647764844,2.681161369315392,0.1824918237068021,0.5661565423395828,0.28425719565829083
2008-07-08,-2.3794622595427537,1.0778684977163426,0.4763225142605948,-0.08703858510133884,-1.6592479479180495,-1.2965632801761815,-1.060135552624975,-0.6151657832600086,0.08377137246128422,-0.5757829533298402,0.4279980957357361,-0.7991982343656054,1.7589525316116765,0.7848575114274099,0.43407899968690705,2.772943778868531,-0.974067465721282,0.28425719565829083,0.5597414871446585
2008-07-09,1.9697840400627038,0.4591860514266683,-0.44860934403062686,-0.22303604922198247,-1.7294152305687545,-0.7510965955697828,0.22965347423117935,0.29858061768231625,-0.31518141605446115,-0.15281658290644692,0.31125701883781803,-0.010256246107041922,0.6719068576067155,-0.893120812607564,0.2503689934125951,2.307312116618402,0.729010355300726,0.5597414871446585,1.337789659322172
2008-07-10,-0.36373842914107657,-0.10123150324266314,-1.034859712219768,-0.3991426707588085,-1.752124674599505,1.214700849158251,1.5840954816713582,0.09731706258708996,0.9265878293111225,0.3562711928697772,1.3217268158870756,0.7779050462283726,-0.5141794412830327,-1.0877470771467646,1.5296253546965468,2.383405753799974,2.1151267232492854,1.337789659322172,1.0909973875331895
2008-07-11,-0.40081963606406473,-0.5189647093993978,-1.5752704349982751,-0.4937976085682641,-1.7198689767949382,1.2931503515883536,0.2835680725837616,-0.4194767770509898,1.4865300753795903,-0.5549613232544718,0.38520699156636157,-0.5168735044759218,-1.3012979816629253,0.5891772956762192,2.1062903649727587,2.4190313806589594,-1.6384420490574965,1.0909973875331895,0.5246144958432989
2008-07-12,0.6713491305342263,-0.6529630067824909,0.8728018030524181,-0.6234068774198998,-1.644183738413477,-0.3306611279328033,-1.8556713658425836,0.5767003173670059,0.9107711608099924,-0.8805239199929977,-0.6693284132902505,-0.7100821930714781,-1.6934150563400938,0.260419614800756,0.8024978971845934,2.2390843312034328,-1.0189721505975227,0.5246144958432989,0.11496717660714229
2008-07-13,-0.6384366572399037,-0.4968824091112537,1.2816883673815325,-0.7676725403208241,-1.730507041148973,-1.482697229888942,-0.6327369237579232,-0.47320161266896044,0.26604655331860266,-0.15923560590963048,-0.7061710163857148,-0.1895589294645631,0.3106474925379153,0.22589985898411544,0.8281919797091847,2.050813435215259,-1.9140570929424798,0.11496717660714229,0.17220558383961004
2008-07-14,0.45952279827801934,-0.10714009135297001,0.17765287381416325,-0.8189928275344039,-1.569164577229591,-0.73028099062738,0.7168060443969954,0.20917349715882794,0.49204625791283696,-0.7092410940902109,0.4337091203204741,1.0103513000980962,0.37233026207340675,0.01100319230687,1.359428859704041,2.119625423711632,0.405769087790364,0.17220558383961004,0.33179831874147814
2008-07-15,0.4215348033799454,0.2848928610462673,-0.07401179761230936,0.7645801063965756,-0.47890880316578477,0.8183021431070497,0.6403461065083472,-0.26115641322448585,0.6776829778480123,-1.947570788087422,0.6403174631219822,0.40269510312871354,1.0620964746465897,-0.14810905838961552,0.1606046019442464,2.1416270266836706,0.38749935221578885,0.33179831874147814,0.05701322353284947
2008-07-16,-0.9186071287825532,0.74655158144009,-0.13648055540306808,0.7775498553249733,-0.38238726708894827,1.1230694044640188,-0.29493939949704584,-0.09947379860967838,0.3345311927648705,-0.8783411467904049,0.11865739838446546,-0.047506451130035966,2.1205381239448555,-1.4052127593167838,0.06333960979212169,1.810952581818333,-0.42934082082372077,0.05701322353284947,-0.2196598096468617
2008-07-17,0.43317208636886406,0.7769452450359705,-0.9711301907376186,0.7618819508469983,-0.2789822276915286,1.2878592115862235,-0.40878860676486256,0.41978756456611693,-0.21845550305328343,1.1048164500430901,0.1653638017258492,-0.16172868684860559,1.6346125699535987,0.6046561196494052,1.3353590690179808,1.6108937725034491,-0.514341114917312,-0.2196598096468617,0.1631186844600688
2008-07-18,0.6348281998314241,0.8737016637563094,-1.0424829285408823,0.7949778187216527,-0.1550279072340815,-0.5475883554980948,0.38270669764752613,-0.6054209304435959,0.5764912978924086,-0.7996771410625629,0.31565610028384666,0.46839998148795264,0.012317515334629015,2.2030934611401585,0.9981368461801788,1.5310712274843696,1.344037661009138,0.1631186844600688,0.7105824586969288
2008-07-19,-0.8482557614026137,0.7992781976885773,-0.31699200411171163,0.5820331372147008,-0.16173909438177875,-1.347530777422979,0.617356916212944,0.6127204977526743,0.8580946429067655,2.2560975653107893,-0.018414738175162784,1.5939117421364695,-0.45766285416001573,1.1323464077314602,0.05133059993350005,1.3063748025442878,0.4593001111112974,0.7105824586969288,0.8468443709560002
2008-07-20,0.4925569127586507,0.5658443374255495,0.020511415242738324,0.45621718433509645,-0.03208055913030519,-0.39755485719052297,-0.9870843750493682,-0.4945295293124835,-0.18159375671581857,2.3619229471373013,0.034923836868388534,0.6325804763705459,1.32594237491161,0.4552411525488733,0.5321824723804225,1.4235746339973052,0.942652840484305,0.8468443709560002,0.5413854894209875
2008-07-21,-0.14668170365045058,0.4170387123009195,0.15851991968253173,0.38073055622548446,0.10013329804430292,1.1179911251064238,0.22237282529896282,0.39277200722107547,-0.6612415482288487,1.4718627308563557,0.01948858294106866,-1.0675224893934945,-0.23770355910172877,0.4052774981813716,-1.4218190583480002,1.2663951950348376,-1.5236640124920955,0.5413854894209875,0.3456539773908963
2008-07-22,-0.2533950969591307,0.12016374493044386,0.7242389818706296,0.2420515166952214,0.24716374299189736,0.7110523743420545,-0.5377718054483559,-0.41320419845788664,-0.8041420257249247,0.48520683759145394,-0.04328383723326826,-1.5265256055772602,-1.213025412679038,0.17629534032505875,-0.6052776321624616,1.1643864829411787,-0.9488145329825105,0.3456539773908963,-0.162669120864239
2008-07-23,0.7896654541470035,-0.3126582882354018,0.16281504592796836,0.0980333465328495,0.390539662803054,-0.9033404965321683,-1.0553267570876745,0.6423964840054647,-0.5419618071852077,0.25821083932215805,-0.8455456155439445,-0.4555223686434261,-1.2530468755478488,-0.29192548105797334,-1.246218383677515,0.7836039821308768,-1.045496714470522,-0.162669120864239,-0.33797027882564445
2008-07-24,0.040683138682093285,-0.7278870827130087,0.8816000245631862,-0.05177459682260612,0.5320108056969929,-0.5841116583899242,1.978793841673067,-1.094791298914198,0.05434329642880637,-0.522297725214179,-0.5918166366229962,-0.5873162649959116,-0.7996346506953558,-0.6999838900861162,-1.073539684157226,0.4275651012064305,-0.3965540864852426,-0.33797027882564445,-0.4112788423718058
2008-07-25,-1.2387394802187224,-0.8703129859255915,1.2175269180193986,-0.19460215163280958,0.669290965812837,0.7084184372296584,0.0638809110412199,1.431573493347971,0.7064419808225741,-0.7407461296194774,-0.7760902774568844,-0.2016441874969066,0.37358688002848744,-1.0523394468845748,-1.0077293695973972,0.2253172651464044,-0.4311022588906107,-0.4112788423718058,-0.2565196836882772
2008-07-26,0.6368690446912102,-0.6726715084169713,-0.5979795173297201,-0.2857128383390615,0.8012409281680304,0.7338351949731204,-1.4757202039848287,-1.5131122101903078,0.8663643783018528,0.11447456241618692,-0.09984570284814073,-0.6993622917165421,0.2475116966701248,-0.6877129528136219,0.4376680702558619,0.13098459871975796,0.652663682912075,-0.2565196836882772,-0.19057523881661464
2008-07-27,1.1324801620041025,-0.36843365449658977,-0.6698751432494039,-0.4245722892681997,0.9219075385269293,-0.20975610299604935,-0.9298662727053655,1.5444123638700278,1.1924499120356873,1.0294881324480951,-0.12730832976846523,-0.04591059380626891,0.009001647849360856,-0.3195940993853307,-0.10287029885911587,-0.08921407015351342,0.2976541957281275,-0.19057523881661464,-0.2751424454106081
2008-07-28,-1.2266493457732404,0.034808513382618644,0.44686119785091355,-0.5598219773747315,1.0245885054804469,-0.9423273594830139,0.5906163547306897,-1.6094422772867465,1.1033594661771284,1.5842558342941289,-0.23099921383680783,-0.0625814697278075,0.0867792417836498,0.25790505103498573,0.30823707613284557,-0.07252009592332498,-0.36599531144535125,-0.2751424454106081,-0.06956179356186142
2008-07-29,-0.5277212674368851,0.26354400581668674,-0.17628759437970357,-0.6988373147449549,1.0443795390053885,-0.9693886976641369,1.3258146823913206,1.7097634145025487,0.2051435689197272,1.0167363395915026,0.1299285106317792,0.4196658165360455,0.17478820591754118,0.6801893691279546,0.5926715411968638,0.038092539200822506,0.5681357814263375,-0.06956179356186142,0.037714553733286554
2008-07-30,1.5715026300486397,0.31746526335264713,-0.7882982592360459,-0.8105573332975555,1.0872509183385526,0.5828935921041946,0.8161189952841108,-1.7985194543535146,-0.13155911170217402,0.47110241542631087,0.07436178947858454,-0.33714143948196307,-0.038517865377437774,-0.8059571528206625,0.5972808995932407,-0.07700170727152846,0.19013240607268916,0.037714553733286554,0.23123372706793197
2008-07-31,-0.03395113729109356,0.3058300406426477,-0.5593034728275633,-0.7869305477049056,1.1037054832564261,1.6429618882371098,-0.9082224766603475,1.7180418436099851,-0.3100037919757175,-0.9148098877826162,0.27176563077013927,0.3343027662959428,-0.974802404688962,-0.5994180275277888,-0.6886268807759618,-0.3877525797875231,0.5043941986542525,0.23123372706793197,-0.25727075520255216
2008-08-01,-0.30093786318913324,-0.061732623277407944,0.3481582688805199,-0.8352044746277697,0.8846026037635799,0.6605310887075333,-1.7048528925375719,-1.2321271998940968,0.39688195184247094,-1.1663661165149404,-0.23777303713627376,0.7620775774722226,0.1419683219782442,-0.9862870450438145,0.8959629087009502,-0.2362897663551212,-1.0824358229898416,-0.25727075520255216,-0.4085196612961009
2008-08-02,-0.5626374034466406,-0.7065143853535174,0.8910011477805266,-0.8693044599505171,0.815404803313621,-1.5087531914004617,0.8111773640214034,0.300323903251304,0.1355783380629056,-0.20711308368265285,0.31721484559115587,1.526689028321641,0.920667513091193,-1.602734207795961,-0.10225753792274571,-0.3638459787927576,-0.31184177740425334,-0.4085196612961009,1.1340231640645513
2008-08-03,0.06912572345421425,-1.4561384539332067,0.5129773492571998,-0.8759351744405908,0.7935024082461857,-1.5221074146577358,1.1294190422440182,0.6689432925107206,0.16872503960427718,0.8166257666175292,0.8086269890934942,0.05390566325431231,0.5759277994924372,-0.6490139798337686,0.1319344890022202,-0.15063821335070976,2.8366492953379403,1.1340231640645513,0.6657461668316237
2008-08-04,1.3355808978966264,-1.5890097408893882,0.47209915311027534,-0.8756449227449934,0.6567828186614914,0.6929867338472551,-0.7149652713362463,-1.3488565717083367,-0.15214741254370548,0.3144513289244822,0.5299565487368273,-0.6581345038395912,-0.3464525909855904,-0.5554364609681369,0.0480522254296001,-0.058773559327823834,-1.9144162120772321,0.6657461668316237,1.086613805124633
2008-08-05,-0.8215052397157251,-1.2509878380964874,0.08576495419025143,-0.843755650826488,0.574340585366548,1.619426177377262,0.3321225542635637,1.5015104872642606,-0.20072414371477607,-0.7066010501722081,0.13206404935086724,-0.22558550918695,-0.5507520983070959,-1.1795805798545742,-0.6829520461352392,0.03806647320959815,1.4047083265259748,1.086613805124633,1.5133432327773662
2008-08-06,-1.0178559855897646,-0.8531851314930975,-0.778715466786698,-0.7768312599591998,0.4771869330017692,0.6594238076200574,0.8190069449724283,-0.6266882722759314,0.36498110065202694,-0.712199224601922,-0.0025119618772576845,-0.16732671327489654,-0.6450265080616184,-1.5449223522005406,-1.1244823472509986,0.02903228777926117,-0.19639505169465538,1.5133432327773662,0.2877207342665628
2008-08-07,2.2937422337720736,-0.37020045287134895,-0.4103452036307006,-0.7556020788756078,0.35368408760230596,-1.5006112054114822,-1.805202729080397,-0.290161375271857,-0.06519345363917435,0.09152670800057038,-0.4621936424573428,-0.43602012930739276,-0.25375497412568543,-1.1717891970762788,-0.39716257485111345,0.035906225770520925,-2.328278760506417,0.2877207342665628,-0.0538156207798347
2008-08-08,-1.5951997826198971,0.16521665535107577,1.3033320449732275,-0.7150728122087275,0.21582688868073627,-1.1521942167284775,-0.0167261083214021,0.7009949343326429,-1.1893670314610298,-0.21580644722241538,-0.6958268704122438,0.9161539847807859,0.23441452124533202,-0.8840844062506871,-1.1865120346779734,-0.20486637024055365,-0.6143648420277208,-0.0538156207798347,-0.5460681708624255
2008-08-09,-0.6164244931958417,0.8914969828786246,1.0126237577712769,-0.6134008657589142,0.1726391736432668,0.9637194581958232,1.834253620229,-0.6870655853719029,-0.335754143451713,-0.7625241230442787,-0.044267364476339256,0.5457821107350642,-0.9800552952079225,-0.2197023027254762,-1.4490977411016295,-0.4259868758459191,-0.9472415081945477,-0.5460681708624255,-0.9229067308113064
2008-08-10,0.21783553879117287,1.4684647672131201,-0.062431801660881844,-0.5244135096607746,-0.006898282451765673,1.308041984803998,-0.9297463292548803,0.2913325669716061,0.8419298330953856,0.056025731314478217,1.3463483941540917,0.3903861419710087,0.21876927081113365,-1.2076015048805173,-0.9788353610396077,-0.6561763557934276,-0.3999881266757911,-0.9229067308113064,-0.4161375145308587
2008-08-11,0.2834925713189107,1.4051528035984444,-2.448489361246525,-0.285850386620806,-0.10659724050277809,-0.7314496351840148,-1.387067626714204,0.1611210489446238,0.22684965607430982,0.3149728145871839,1.9370349611011315,-0.39135082607617433,0.7589785776251559,-1.3131567563181217,0.6925874174113608,-0.7306342658373325,1.009007452948745,-0.4161375145308587,-0.13388535509140684
2008-08-12,0.519602045826046,1.0290287790549681,-1.788283854337871,-0.15313180296054255,-0.30017917356304985,-1.640859879600668,1.5924842180613854,-0.6199514705001855,0.07281273009712623,-0.0080496085547164,1.9193329581216354,0.4947800816532491,0.6165135046413595,-0.0708920462788597,0.16802483491199954,-0.7838129185895134,0.4782739712668203,-0.13388535509140684,0.6393427595438432
2008-08-13,-1.5045642969788104,0.5189446447092515,0.7088088807316199,0.009769630090905722,-0.3845552190171609,0.34977513400183513,1.1026920413247192,0.8647732130981086,1.352199007827647,-0.9755794857342464,-1.6684394657960904,-0.17675195013073228,0.10015138245644808,-0.4577449079623319,1.0240690593305437,-0.5014777695018044,1.8701592532118374,0.6393427595438432,-0.08166956619717351
2008-08-14,1.1552815197950432,0.11117940718321824,0.6390794437930378,0.11522317359353339,-0.45341677470438474,1.8017239083734116,-1.7404146993447391,-0.534286199577244,1.65129132197501,-0.930664861360027,-0.9908659216780145,-1.8675788316014683,1.1900295039948297,-2.0784668011023597,-0.17639406732161916,-0.6650807103464292,-2.219861073606844,-0.08166956619717351,-0.22081203077695388
2008-08-15,0.864785891538312,-0.19798587315348928,-0.44998475042876646,0.238372801947629,-0.5550860797627803,0.23105174347687027,-0.21301722918085836,0.35640425104245627,1.34830906262501,-1.1657333615795904,-0.40971900889921786,-0.7403583733921715,2.2489805677222265,-1.996542627130964,-0.6077587967759127,-0.7117110536599277,-0.3684925944086358,-0.22081203077695388,0.5803534271012531
2008-08-16,-0.8047478151136345,-0.3823276023123451,0.8662655907398363,0.7151822469024922,-0.7641031121294868,-1.574726834443439,0.757468697728754,-0.24500185732641389,1.9234648453865983,0.8222834825739663,-0.4625523780026122,0.95809100102365,0.7383227116085065,0.7915224534036253,2.1793025988525825,-0.43327750990759883,1.793058553139169,0.5803534271012531,0.9887702578050664
2008-08-17,-0.9028272730169609,-0.2304317475391758,1.1331305478851252,0.832908353103195,-0.7102444322746461,-0.6183846265229102,0.11464304248390339,0.5264141833448734,2.566568387382884,2.425658044280429,-0.23295331314531315,1.104304404113157,0.362173518117955,0.479715968013818,0.8901801106406316,-0.340041736207968,0.8996056501551482,0.9887702578050664,1.3756813207938052
2008-08-18,1.537687980877109,0.2474597612453337,1.103960025767988,0.9181102362820383,-0.6418040640493181,0.3193650584488045,0.38080490515685606,-0.7668355911209914,2.2129864851381797,1.4490985394969356,0.5309188696652068,0.7952537317177973,0.919535627300185,0.4671161770795999,1.0137920728161838,-0.16198309069664038,1.0675403553441911,1.3756813207938052,1.204640682810615
2008-08-19,-0.5807749302201951,0.6250237551975103,1.0430021894593184,0.9727051149008048,-0.5995722407926821,0.23663059143648288,-0.8283066985991666,0.8331252075180657,1.8892052209773325,-0.16136594937504156,1.2197380859112839,-0.5036068584799217,1.2365055073168603,-0.8653623042001714,0.18402497188160344,-0.029047167330197368,0.40358865750244344,1.204640682810615,1.2549374460740392
2008-08-20,0.5209525970144053,0.8469480580632421,-0.7268903709245198,1.0255767495071322,-0.5398627683795566,-0.24893654672307522,-0.13252119101831542,-0.7638377199636616,1.06615834894602,-0.1681570265973304,0.6612906058173478,0.7020880719938859,0.7781259695055164,-1.2840554335693188,0.21177764731124346,0.06568806873765272,-0.7409430313577283,1.2549374460740392,-0.05905885897854756
2008-08-21,-0.9724288052984181,0.958295864809549,-1.1850015299705297,1.0440129396651228,-0.4440174359606371,0.25289788046786066,0.8690719975255277,0.5740205151352413,1.0133262505749112,-1.3880304051448311,-0.1591352436353156,0.7944440556337647,0.0034091921699796915,-0.6511620832929782,0.03174335951244561,0.27089377730034236,-1.4895109585704118,-0.05905885897854756,0.7010206293567487
2008-08-22,0.551622906165564,0.9731042965913924,-0.25864633437805407,1.0089472157901036,-0.26575589731652677,0.9608494509363577,-0.3768284484626758,-0.27142452875350975,1.0487719741202866,-0.7962907678969677,-0.7624565115833551,0.030135834658530244,0.39905541014490037,-0.21728640488618625,0.12323979144053601,0.48982909428143445,1.2740006714872887,0.7010206293567487,0.598534033260307
2008-08-23,0.5038113983680823,0.8783072300612789,-1.0978265750262268,0.9773566504173407,-0.15238959599167748,0.2472910361447326,-0.6363398295615861,-0.18103803479172936,0.6566189696363216,-0.5747041575487877,0.1583558612938857,-1.4710579585910812,1.552479122226273,-0.699659725943314,-0.01869085447590819,0.7008359222832465,-0.06565733820127875,0.598534033260307,2.655966690028296
2008-08-24,-1.462044691779222,0.624258711324728,-1.815546859838232,0.9214167432755151,-0.052504306782140145,-1.796710569773128,0.5176728284071049,0.48564790779202244,0.2770517968324116,-0.2442201776800762,0.5132586726932477,-0.1497067629046934,1.363245339205341,-0.584486650978453,1.5924730156099172,0.7960797959819147,3.1577774029286716,2.655966690028296,2.9141250770987273
2008-08-25,2.091336620232547,0.10869508078381175,-0.4088587762337703,0.8310653834351358,0.0739220616086787,-1.2098595529644227,0.14148427055312685,-0.679840599372067,0.09543700174287055,-0.23016414047152428,-1.5969071179237053,1.1318848155944148,1.8084295638813233,0.20798082375292382,1.9370967138364275,1.0981305609511516,1.3480291028013895,2.9141250770987273,2.434136474202226
2008-08-26,-2.5399866952591976,-0.3959270281146795,0.7963505242298162,0.7115094370485716,0.208523068403275,1.0179423519815602,0.09616450321512934,0.643213522082593,0.5151272217970152,0.15841802882414555,-1.5560537717531846,1.2477336360608022,1.1075053376579413,1.2208569848824773,1.1872125663705086,1.1296716162651765,-1.658630126318184,2.434136474202226,0.7672195412285089
2008-08-27,1.6431814549736943,-0.7291078053750238,-0.1498321174532049,0.5432501888446826,0.30960839143898605,1.670130471735673,-0.09802071009202942,-0.11231301711134005,2.459366154235558,0.03496473957721972,-0.1413358839806391,0.36608054527901024,-0.08944877040563783,1.283365462160944,0.059987212357360285,1.2480334119135756,-2.0135538586156203,0.7672195412285089,0.9587669991772524
2008-08-28,0.038049240716120446,-0.8728892399895115,-0.46452914411266544,0.36387885864401703,0.4552244490385591,0.3224405895885292,-1.3526840389405153,-1.1268246286339507,2.7370564030745856,1.1166151699322728,-0.5172406460526477,-0.12740373613486808,-0.3185535713760804,0.9752543351739262,0.13102140393934944,1.4329812719718444,0.2158684638712404,0.9587669991772524,1.540668403380355
2008-08-29,-1.4157517901291723,-0.8310514361577973,1.310984091161081,0.16255783815439495,0.5848509314084068,-1.2599544981061899,0.887733771039124,1.945251379804208,2.7878206493363202,2.5983222228637795,-0.14551972105879526,0.8468105357221719,1.1299257273208618,0.9978457833113396,0.9721569725756275,1.3192628480034991,0.7050713623434116,1.540668403380355,2.37244725566647
2008-08-30,0.5842117253633171,-0.7874386707388635,0.5140323911330725,-0.10868542143574715,0.6905962194699212,-1.1450497639233894,1.6929086668642293,-1.7711364149526483,2.9365067846900743,2.516752129319757,1.0111150763483334,0.5631374283118494,1.1811313949996733,-0.7772093426679744,0.8451070734715623,1.2946982223498267,0.049469784965678436,2.37244725566647,0.6341957566889539
2008-08-31,0.5924264120954947,-0.6563695473623954,-0.872568261339402,-0.32912557959894606,0.7590756277127491,-0.055706106142795794,-2.3738837714286145,1.3916575817496997,2.2607410563264714,0.5517091031552176,0.6801126554015812,0.1642582981604461,1.244797570160338,-0.9621715196597601,2.222277756162045,1.5021925349969494,-1.1842357664646541,0.6341957566889539,0.8108668889353776
2008-09-01,-0.20841153681736513,-0.4911328452466548,0.5654699309767812,-0.5711754863746522,0.8271821264912964,1.463440640089877,0.19179614215712457,-0.9763244233161898,1.795930953011423,0.097948534414779,0.4992865103011956,0.637407562866338,-0.13170054316989477,0.18934310498781098,0.8147176599154948,1.6167962710298667,0.37046834480512947,0.8108668889353776,0.5771029436338226
2008-09-02,-1.519380804763482,-0.3050627138491491,2.169298590756887,-0.83050203650288,0.8475912386409197,0.9713488058660397,1.6692144486441114,0.5785555884937291,1.8533188185600453,0.7852734208505793,-0.4951439473120881,1.1556194796030728,-0.7487358538286809,0.3733804532642796,0.2987696149179503,1.6525079944472654,-0.3162989204688735,0.5771029436338226,1.2530768382937738
2008-09-03,1.5319622680307297,-0.19375902302942033,0.32090062892743404,-1.0556128180279047,0.8331466148216179,-0.6642407942139048,-0.8130924783642223,-0.3876774328467039,3.1340868585437662,2.068639845104657,-0.17497368644200934,0.44467842122391604,0.31018572701661945,0.5463022273954797,1.3821534496062258,1.8419257804613436,1.8987939395265057,1.2530768382937738,2.6652173631406852
2008-09-04,-0.44220667257187884,-0.12596367999398878,-0.8594016774892638,-1.243506727520189,0.7998382241782848,-1.5670891918277008,0.006172481303942533,0.735479274626731,3.5502539938139663,2.774189112009959,1.5814261556088276,1.8664500113128686,1.160042738134647,1.2847781342475533,2.0614745751149,1.9767122911378845,2.078916314138952,2.6652173631406852,2.7379933736315154
2008-09-05,-0.5711593738843233,-0.06354209753117696,-0.2606624199651481,-1.4413606725714383,0.7300877279062782,-0.7078292877599888,-1.3043818823697713,-1.4272380801868758,3.2624416105374245,2.811970171318398,1.7820462797838863,2.3029460081440316,0.8717005768251905,1.3634271623407026,0.5866493287934338,2.0468172104798144,2.30912043264835,2.7379933736315154,2.503727818491552
2008-09-06,0.5694805931009349,0.013104072114108887,-0.35564493289837956,-2.1861190017628718,0.6266062563895237,1.0464757605723836,0.32000593177791004,2.023754644024416,2.509667479017793,0.9359002901590425,-0.2095332003158039,1.0526218972905774,0.670393533311475,-0.02523691307157005,-0.744414536287339,1.8065530245734889,-2.250111077000685,2.503727818491552,2.534614684679163
2008-09-07,0.6110275373140788,0.07698841953405665,-0.3540697512433793,-2.182314911870739,0.5079080456449364,1.4616099262618165,1.6627102087285242,-2.0842268693963146,1.3744274033471255,-0.4295658473535952,-0.36053684788739454,-1.5182869189512274,-0.6415463604381438,-1.0403808161544725,-0.7250504866974455,1.3086857368362108,-2.0482419074546288,2.534614684679163,1.432971513820584
2008-09-08,-0.9481450038195175,0.18843522847185176,-0.8131980537520975,-2.0440991930039742,0.34010568629653387,0.37500366595923085,-1.4777615271766447,1.5033181881304039,1.8938171872373026,1.689224407417353,-0.942771323416086,-1.8415241026866036,-1.1798446148842092,-1.4440710520182083,-1.0599596996558942,0.9963133155022627,-2.446169782865608,1.432971513820584,1.6285492517634859
2008-09-09,0.7902659504266637,0.3456515153464079,-1.403976195343542,-1.842750554170448,0.13926235051462474,-1.1742118172156588,-0.5671236936906815,-0.5840932527967028,1.6895551567362657,2.11613546689122,0.465739209543608,-0.7394952924042271,-1.0240284887715123,-0.7190266592185836,-0.24704201827637218,0.9591896210195536,0.1276846617675317,1.6285492517634859,0.5425405972468357
2008-09-10,0.5044183041602536,0.5352565723867982,-0.402630543563871,-1.6017155669454333,-0.09006049343452643,-1.3748857209136305,0.40268896307568497,-0.16347893382006617,1.2022798568844484,2.497706029906128,-0.8592975489055987,0.38304599559493807,-0.8075696800136885,1.7916249067832761,0.18768377549310025,1.0158235006905247,-1.3067606182061058,0.5425405972468357,0.20340959186590865
2008-09-11,-0.7288177427263594,0.7908377419727803,0.5360768007867746,-1.380794333103584,-0.29627235780006417,0.5095850777532757,-0.09634146460955482,0.5898033132824863,0.3237303281451427,0.3559099613576658,-0.4974338458415451,-0.00752514760823014,-0.7263023625113497,1.514232367085896,-0.6666375201785084,0.7001676917451471,-0.9526583584052498,0.20340959186590865,-0.21181008352898925
2008-09-12,-0.054156775118237375,1.0359733220439706,0.4812665345578117,-1.169718930091831,-0.5505530712786741,1.4932735585470083,0.1217885899454031,-0.844934647890731,-0.10157341534086453,-0.5981633134294604,-1.0802526972702262,-0.8089673628951984,0.05834044207886052,-0.9561398668903655,-1.3679137469231268,0.31416778990872146,-0.6550875627488628,-0.21181008352898925,0.22115528365122566
2008-09-13,0.5516101293075476,1.0489860471158328,0.7422120819633498,-0.9722308811676005,-0.6865567797819621,0.24275606713810788,0.3737709352569176,1.0182338543438536,0.05723854947453987,-0.5784793577388577,-1.41888523896841,-1.6186276810743163,0.7212159853752358,-1.3361027377181667,-0.34439332755652013,-0.13994125230578996,0.5741216373108942,0.22115528365122566,-0.1026233661827417
2008-09-14,0.04906389340891615,0.8258142889258933,1.3711646496630545,-0.8132585679727142,-0.8088027876719557,-1.045829273116138,1.1350595235773493,-1.0428016841740566,-0.22693009326784885,-0.09728561604201741,-0.8649277441278282,-0.21766485704605396,1.4914980381612142,-1.2948009068283584,-1.1467193022408586,-0.4855905667950104,-0.39774879184456574,-0.1026233661827417,0.5490599838275143
2008-09-15,-0.7492016191849512,0.5094445257351004,0.6270213585965833,-0.7265871313110946,-0.7292807732849773,-0.5970728703594644,-1.219748422953404,0.7027500202892832,-0.9072209147720663,0.08289951337633471,-0.5667914243281927,0.44699284050757737,0.42738223489832844,-0.44499488674307663,-0.385494858834471,-0.5653511360580508,0.7760237392840784,0.5490599838275143,1.440081653494935
2008-09-16,0.5357790593765487,0.11968853271879865,0.1834848379960566,-0.48412966232855253,-0.7222599539362718,0.14621942001116303,-1.2818468831710232,0.08420238609484307,-0.8581638575950885,0.512901321365962,0.4675880606001849,0.5172846040337109,-0.7701881432178309,0.45463241223520034,0.5273445744503715,-0.6692375689832378,1.0602112124932395,1.440081653494935,-0.21628702681728504
2008-09-17,-0.11985195247356499,-0.3694297219399655,-0.15868588713146675,-0.529595025502474,-0.6548908734245027,0.20663874761538492,1.1120726503440423,-1.4900179912073064,-0.11135230052914076,1.2211646745906761,0.8572371310140833,0.8189516483387647,-1.319762966488777,0.5890710400057305,1.5036403428769154,-0.8190445429031318,-2.3051729898562496,-0.21628702681728504,-0.23639364644061236
2008-09-18,-0.0780366304175402,-1.0012090764703627,-0.19433868369803947,-0.20926602663930768,-0.6129485646099916,1.5815024137235425,0.46893246676399264,1.7938532604890185,0.04115718874288443,0.6327165698610087,0.9359394075643537,1.66492130944592,-0.9766660924504628,1.1642628842543312,0.6024080836855432,-0.8645200767132238,-0.007828058716363887,-0.23639364644061236,-0.3360739605147062
2008-09-19,0.04041539484994479,-1.418358927821272,-0.8488571676441581,0.17805321741199126,-0.5592321129988103,0.2874878141433374,0.04432424450630607,-1.560384505542185,0.3494708604341019,-0.1344906647179306,-0.5954892200921127,0.18751581611750795,-0.426554740921606,0.5700764514259651,-1.389510481799085,-1.0626888883769368,-0.3050812700766056,-0.3360739605147062,1.8919530640129496
2008-09-20,-0.28754788731194425,-1.4368295093792118,-0.8988699059449777,0.4972852434238876,-0.4998674069986967,-1.7425261211387255,0.3788821782319879,1.0393085935085007,0.4463408598154072,-0.4687801642085182,0.27863872824771047,-0.5590518580294611,1.4007867864768717,-0.07006547211845036,1.04911112623126,-0.7758394419689532,2.0950078079652372,1.8919530640129496,0.782665696745431
2008-09-21,0.32328657275367056,-1.0357248889325348,-0.4568416833396006,1.0540492892462423,-0.44654696799499505,-1.6060913226841638,0.08706771758804455,-0.3468840859664265,0.40358273308000286,-0.6412085304175762,-0.4510949138586505,-1.5758709425543245,2.6894207292103323,-1.3022562632179153,0.49059524537742705,-0.4682335377808973,-0.7869611579684639,0.782665696745431,0.3255998476584309
2008-09-22,0.8058583355336333,-0.42965511567621567,-0.6096065800755567,1.5316532287495133,-0.35044533581873416,0.764348396221253,-0.5636872661671454,-0.4050689831225669,0.7010240525358069,-0.3714349414745252,-0.09359222634435649,0.5091998550076824,1.76882795942873,-0.6251269165636156,-0.5911330115847336,-0.5387468862632042,-0.6826039661895157,0.3255998476584309,-0.22769625983999486
2008-09-23,-1.678579040915938,0.18269830076172944,-0.8674693741196517,1.9717530952953932,-0.2058333876579711,1.9866696326344484,-1.1461578436191566,0.8210596125718543,1.2655210758106334,-0.5310121293901892,-0.9367942139804362,1.0652925222730498,-0.07090710949880823,1.4883098975326445,-0.3474403873884563,-0.6492909725043604,-1.077221643639151,-0.22769625983999486,-0.03608929718947034
2008-09-24,1.1503592229599822,0.6801827495858065,-0.6229034084297576,2.1829933793098353,-0.07476982136978806,-0.2309763704148207,0.008870509675915593,-0.8655623472341891,2.328937915582657,-0.23753395495423799,0.032817194447233286,0.8597701486080536,-0.8904031705291287,0.029775983740834604,0.7384226244167112,-0.3582045869742835,0.2403847991728756,-0.03608929718947034,-0.13493479944274897
2008-09-25,0.7143840242808506,0.9130747233441024,0.39989362449065424,2.0713370771785695,0.08208175937726703,-0.45895964193255256,2.381968990946707,0.676273193505425,2.6997645895088795,0.961749357634615,-0.31208546475082044,-0.1342111869635349,-0.09205720586427821,1.5186215655102173,-0.16596965233068026,-0.048877883905485225,-0.2749193057631963,-0.13493479944274897,0.009808638251147717
2008-09-26,-1.6158109316753702,0.9135251167796707,1.9446062005028488,2.0476873022673865,0.2619665098138486,0.7927032653891615,0.7298343317882072,-0.4257351901816239,2.705411475256836,0.7839203633704549,-1.1218068848267762,-0.2751809480252237,1.736584716408445,2.5510439962203244,-0.4711856292024748,-0.07395337380107236,0.2281609465456939,0.009808638251147717,0.48418090957390225
2008-09-27,0.17151581668005653,0.7214286979750987,1.734397614869469,1.9865728306595614,0.47249909050618727,0.14022349785133917,-2.2371498459160457,0.23902815979061942,1.6088492949419506,-0.3907042422926014,-1.0989938485165225,-1.104913652502705,1.460310410265505,0.5740133639830453,1.855291944032051,0.7657191495220276,0.595584448806153,0.48418090957390225,0.5200456020103229
2008-09-28,0.7131072037981856,0.33579012356410626,1.1218859173220552,1.9081147865458503,0.7499541644540902,-1.3325323812298264,-1.8476781008083403,-0.2168408553273224,-0.06331235293816508,-0.8742745376036559,-0.06389372891454963,0.5753934804803594,-0.02330734681992409,0.27930347813417367,1.2026642653218773,1.1610854892730997,0.40152838933582313,0.5200456020103229,0.10369394403537521
2008-09-29,0.2054177959718304,-0.19596203775417412,0.83591131334876,1.8170742909571371,0.9436418333243733,-1.2374318281464147,1.7640942164498923,0.3168274228114123,-0.22081963759254242,-0.32123642477693565,0.14143011190203872,0.4831142185195468,-0.3333638383903822,1.2322341783776798,0.37838021895728113,1.0030910422235488,-1.0583325561130759,0.10369394403537521,0.5012792641542985
2008-09-30,-1.283047554354714,-0.7023645343581714,0.49878908547520145,1.7159305764787733,1.1006274041002768,1.3553718635782321,2.7861467908276287,-0.49291194225517354,-0.40192476938984034,0.1665688832452552,0.6994680521737447,1.2307311596856754,0.9232395144726325,-0.6625745795893858,1.274253708780586,0.9717328779583295,0.6563803288252328,0.5012792641542985,0.1569147217178112
2008-10-01,0.6376286500194975,-0.7245817630923197,-1.5061518633778084,1.6061636947569264,1.2117732004187765,2.096699511446561,-1.963199647301752,0.6250462944911421,0.039362153910631005,0.45836091654215777,0.9245251459227755,0.009955909229744984,0.3033848930943685,-0.8360229126091366,0.08969804126384961,0.8601677063390977,-0.3852544932167967,0.1569147217178112,0.6526276893913229
2008-10-02,0.22482885997699503,-0.465513079838976,-1.7822968532183858,1.4805386137115417,1.2304423391755837,-0.22876123875085125,-1.7534922650506943,-0.5467121236093693,0.4044229793878314,0.8447100416509762,1.795953324492028,0.010724678058158023,-0.16581775193636725,-0.251806826749289,0.817202798499737,1.1558376857868427,0.869381674496945,0.6526276893913229,-0.15942033799275263
2008-10-03,-0.982164618177605,-0.046794545265364536,-0.6572233780107404,1.324643809057056,1.222784234853824,-2.2228577523886317,1.1440440190921402,0.11291060003387156,0.4768289597668311,0.3235265321946847,-0.36285930451609216,-0.7353447223077829,-0.5443891492181044,0.13322923163809258,-0.2611840903428247,0.9796122826491788,-1.5518417215459352,-0.15942033799275263,-0.2049096135861495
2008-10-04,0.8449445128873068,0.4302504575673428,-0.3196132019248485,1.1082501182895035,1.107731784430666,-1.699721176121002,1.4990221972265967,0.447722349317667,-0.019099988987832415,-0.3966434727809904,1.2970903454778102,0.35438913317341836,0.3157792661777998,-0.34675439365451033,-0.9934342688915803,0.8051116829106263,-0.002975162515695274,-0.2049096135861495,0.046293684322439806
2008-10-05,-0.145289730545636,0.8994307440023883,0.8097323500416146,0.8617660377997403,0.9817029860214634,1.6236179474530064,0.5108570110813797,-0.6255746987346146,-0.1957669354787466,-0.12495946185272838,-0.2958728053778254,0.031593854400372316,1.2199595289904643,-1.2555681551577351,-0.748218791014946,0.7399751262632992,0.293318777386018,0.046293684322439806,-0.1160289974479492
2008-10-06,-0.6336435581476325,1.1602897382832622,0.08691527855951964,0.628560944073073,0.8351487994434633,2.2722594633570763,-2.0336310351601115,0.5774910265095551,-0.14335743684732344,0.009926701096823453,-0.03276918885838863,0.14647697281626995,0.7970929627558351,-2.3197776166106876,-0.17282738229179861,0.6869638276732261,-0.33324291300763353,-0.1160289974479492,0.5620722076836259
2008-10-07,0.4951968437366119,0.9733143089584883,-1.8031285795952536,0.26010083578992765,0.6940191421336414,0.5745983593518168,-1.2148540989501908,-0.30556888246506425,0.28020005544514504,0.20766454206219914,-0.04303104029285454,-0.14363594833328486,-0.21218826940728028,-0.08918914995088184,0.039674659925581765,0.5452446936432291,1.7326129260806877,0.5620722076836259,0.35547100185133196
2008-10-08,0.19114797308945117,0.3368740779593918,-1.0362299320623465,-0.2796218932476863,0.5418353242138652,-1.915533583213708,1.9558460600641405,-0.24680928629606363,0.45821453388957184,0.6929108654068399,-0.8040373783181485,0.3997172208053737,-0.9395121076965414,0.2879861154815352,-0.011099619444419713,0.5775829999930097,-0.9678206963780034,0.35547100185133196,-0.11503204300752104
2008-10-09,0.011490881420664824,-0.30824066490045154,0.42895739348909057,-0.7352849864985387,0.34092913051185514,-1.0813296534297185,1.3437209172228894,0.7969765934697273,0.8178153768974458,-0.06976985092583678,-0.409094261293448,0.599483623309111,-0.011944524549394353,0.24267913296942054,-0.09162787917725926,0.6310449532761425,-0.8997121665516011,-0.11503204300752104,-0.3397316997661322
2008-10-10,-0.6734357755691583,-0.7575899941076835,1.268829473978448,-1.0494286311854486,0.15161103143845517,1.3605753385981134,-1.169774524913941,-0.8699917672483037,0.6325947902823021,-0.48932942244741906,-1.0169304834930317,-0.9089688134039068,1.1500398610510474,2.4223949091935912,-0.34164428304520805,0.21982228773208304,-0.7771484989729381,-0.3397316997661322,1.6300628844335352
2008-10-11,0.6190325396958979,-1.0189648937883296,0.58323743304504,-1.267191530122181,-0.0494586606772461,0.7312874771726634,-2.0506555855594155,0.7529061564034899,0.3761332614499304,-0.4869596237771764,0.520741529131268,-0.8358957989337253,2.0196739010174416,3.2800886552304958,1.0652101779113614,0.2151403801900638,2.4909785313548998,1.6300628844335352,0.7053188474987998
2008-10-12,0.04964641414329291,-1.1279039632106431,0.4645825286055916,-1.4957800367079535,-0.3084796584892947,-1.720598802475714,0.7224352059295774,-0.5594603258765175,0.29163915281224045,-0.6949062519770407,-0.43965899964165506,-0.020897484369760095,2.266622223316939,1.1151374762813842,0.08669091690623011,0.16696199641817322,-2.1272275862039556,0.7053188474987998,1.0178718276685172
2008-10-13,0.03803335434416821,-1.0016867572003099,1.3300530011402292,-1.584141327885183,-0.5057072518078538,-0.4518160500619855,2.182340960691253,0.25432779573957226,0.027732462560421407,-1.061120709911196,-0.5947078604758878,1.8382116104562032,1.537991271565248,0.09791732287028605,0.46371044054470684,-0.01007230148142751,0.7630745965974945,1.0178718276685172,1.2955780996884956
2008-10-14,-1.4303790191773342,-0.5431990987258102,-0.8783499783395534,-1.646883418972716,-0.6786639023897411,1.9508375876699782,-0.6525218735201662,0.09317462212903908,0.4537425908131441,-1.542308136402331,0.6219445253566909,2.2470932573403033,2.1357756653473845,-0.3145931846021289,-0.2833290857968469,-0.07492774201709623,0.3550824626974587,1.2955780996884956,1.6938726449554753
2008-10-15,1.4588692136608197,0.11673499166579067,-1.199515118416435,-1.6886523908019535,-0.8668387307294391,0.9904717983538304,-1.391899883973868,-0.15060708602579406,1.1529377341709743,-1.0191433917304824,0.08047261718021843,0.9923555057378002,0.6142968942751901,0.04636000158455925,-0.6125815593363536,-0.3093726913005867,0.49220912678429973,1.6938726449554753,1.4570781119773106
2008-10-16,-0.7073671736345205,0.6326042498227303,-0.27689348963097143,-1.5292289545329496,-1.0433783885918892,-1.0811141781261049,0.25594850009096937,0.12692763687849293,1.628810259232681,-0.15864756051029827,-0.48471784137954044,1.0367767502125675,-0.5273663721361636,0.13858541882041114,-0.9701268748837051,-0.5096426593976372,0.045287999899812144,1.4570781119773106,2.1673310396829537
2008-10-17,-0.4341007520777866,0.878030079071148,-1.0955531890095738,-1.5185106503894374,-1.18928438392644,-1.4492283386178384,0.8372653698883934,-0.0833040802943655,1.536705733691341,-0.07611092338651199,-0.21093626667011472,0.28125053989479826,0.652893810666972,1.9090583781065404,2.197115822426154,-0.00807575379551129,1.5280732675526267,2.1673310396829537,2.4855351024924035
2008-10-18,0.9217579182800825,0.8609152130243519,0.20967156144696553,-1.4630517264771878,-1.3534416563867548,0.09811130187733637,0.36555801192791093,0.12378318659072371,0.9482843690729218,-0.2592511332233502,-1.124761743385712,-1.297039574044033,0.901683745676718,2.2104140387196747,-0.18330022340266638,0.08231590732009776,1.85972302449072,2.4855351024924035,1.3647563458132674
2008-10-19,-1.2056722909077904,0.7011653593043341,1.3328554963821033,-1.0113546184640512,-1.6232056050356525,0.6718660226342646,-0.3057583771089584,-0.6581058255742862,0.4012578755889131,0.22498701251808423,-1.595299297808019,-1.877958549486963,0.5513118494497774,2.0934280405460517,-1.27782173205486,-0.09830468209740173,-1.824953680046342,1.3647563458132674,2.2498003847193493
2008-10-20,0.7549157937640558,0.4823070580136247,0.058762762118103246,-0.9067114152838958,-1.773799745450143,0.14637491401549385,-0.29962958386144223,0.687282769041154,-0.33938141954839995,0.15751944109511967,-0.5524273432849791,-0.9360156211806572,0.28778764090983333,-0.44543135025296043,0.04482913169512293,-0.10042775874323186,1.1549073235574812,2.2498003847193493,1.0420807394461629
2008-10-21,0.17108770335627052,0.09934289882843232,-0.7937117197134415,-0.7661088127961262,-1.8556644019328234,-0.40876732761519474,0.3605507148045324,-0.6449981237935485,-0.9606663794966337,-0.46728294506754264,0.14535182608052544,-0.3757593931281909,-0.2278034365914155,-1.5258526118233013,-0.7644014988104161,-0.23825621767070257,-2.223945076124249,1.0420807394461629,-0.16224098237829795
2008-10-22,-0.6697895379177113,-0.22570843225565668,0.8691044500737503,-0.47723291048049926,-1.8402584404647708,0.0568055638573922,0.09434631850780528,0.6064917432791833,-1.404347812924227,-0.42315130257730443,-0.270719865432897,0.5508052236700413,0.23684710175879722,-0.025104810178389628,-0.5346418268831185,-0.31130251700680733,-1.7712576634300783,-0.16224098237829795,-0.4467428608925881
2008-10-23,-0.09796196645979474,-0.5694640443101997,1.1265524147554344,-0.21253794109304,-1.663180351293142,0.24778939554788845,-0.8620148173950558,-0.5441598000149843,-1.5560269829360114,-0.5662939085215045,-0.049701847079218764,0.7415021991880023,-0.5987092355566579,0.8431686547227848,-0.9013489721569343,-0.44108740801766305,-0.42158567884322373,-0.4467428608925881,-0.4306475962667465
2008-10-24,1.0530589168276865,-0.929118570098216,-0.2972916206760942,0.1408468356044419,-1.5451333086536592,-0.7904766013992359,-1.1479110332812947,0.5516977844299924,-1.4092252132582814,-0.4819239152126725,0.16994807651449945,0.7200708051053782,-0.43592039485555384,-0.5716559414184977,-0.906358208062041,-0.9202507059626011,0.15166297197972997,-0.4306475962667465,-0.6507971343838893
2008-10-25,-0.8730339093666982,-1.2104490851628957,-0.7601704395405299,0.6179114754159609,-1.3296497872128106,-0.6511969939924268,1.8547328172639634,-0.4647657804815404,-1.1325572521313154,-0.11815160046023987,1.1395673927790009,0.7733427673100353,-1.0217499044988576,-0.840175176930651,-1.1083083021950209,-1.2595208305517365,-0.43312646685302625,-0.6507971343838893,-1.6785794159589527
2008-10-26,0.3565696027917192,-1.2491406776429597,-0.06182372280758206,1.0286941857080933,-1.1995340458241255,1.121421826862448,1.6807623457431133,-0.025349656172026447,-0.5019350170132513,-0.17483143327823208,1.7359981059866918,0.2987460644784689,-0.8215964180312859,-0.37143397189936095,-0.018586457818289864,-1.2476067130862711,-0.5119210547578785,-1.6785794159589527,-1.0018978607051459
2008-10-27,-0.8914327074991883,-1.08115061728682,0.2643983015160486,1.263494439765439,-0.9928227854807224,1.4365263381727023,-1.5449200091698148,0.960823101166481,-0.10429064506905149,-0.8711916860754656,-0.9773568478052173,-0.8917681865919076,0.36920248350324375,-0.00245133852137906,-0.46545868874448587,-1.2945589446180346,0.6736050044273733,-1.0018978607051459,-0.3097511874675556
2008-10-28,1.5169000607864578,-0.9181523285072435,-0.32122637281306543,1.4883087708294753,-0.8484434350241247,-0.5475203565278434,-0.9017215033725821,-1.6496282858606348,0.017078047540557355,-1.2749331353551565,-1.0297430499240272,-1.3841498478272223,1.2044663578708865,-0.6403546497835361,-0.2632706064984629,-1.2422448096139438,0.807809358956221,-0.3097511874675556,1.1931643495591715
2008-10-29,-0.32071574043041146,-0.8299910943906469,-0.4137276198444905,1.621868691055927,-0.6845242610739234,-1.5501622356833136,-0.42530401441871196,1.8197547533718428,0.016693236598578697,-1.8166626958075636,-0.08335484793632579,-0.8786450994524057,-0.03227023172108004,0.003738587901444608,1.3543687271849922,-0.6692634867782064,1.9010582017289026,1.1931643495591715,-0.15309465923989257
2008-10-30,-1.4031322134541222,-0.7865312522370709,0.37961827389740843,1.694007846452478,-0.5179658215735495,-0.11639279584049483,1.0561236690699736,-1.4885752896817102,-0.40915821372546796,-1.6127940044233162,-0.8756112309679661,-1.1999212243219664,-0.6783293408483471,0.5137313559422481,0.19756064849544502,-0.9114243275773446,-1.0860491921686701,-0.15309465923989257,-0.7784253815361952
2008-10-31,1.3744204378544826,-0.7565015641367655,0.45439105729901996,1.7164412393330617,-0.3114469978578143,0.8292931484501032,1.2208123109138818,0.8413446497045982,-1.0978858838165795,-1.469278824013546,-1.3755723435814284,-0.8744771964152414,-1.3269343796831419,-0.34099928885581704,-1.2904642352274658,-1.0955001143958016,-0.6715983448824567,-0.7784253815361952,-1.04350927955712
2008-11-01,-0.6489170671536115,-0.6616457262197856,-0.04187626376851535,1.7077638193063513,-0.06713659936723043,0.27266566746332715,-0.49473195696748673,-0.042300918970622194,-1.2112232913523417,-0.5883492129568412,-1.780023966574432,-0.08759944576790742,-0.29351112164919624,-1.4692988767810575,-1.4450925471509304,-1.2290114170857966,-0.38276075142537064,-1.04350927955712,-1.0535382059564564
2008-11-02,0.43542698486998543,-0.4744124319911267,-0.3666786160935485,1.7304861366358824,0.22732708049226313,-0.08612350741894793,0.20263836981143485,-0.750618086691861,-0.5099746467217114,0.2711141575042887,-0.48893074625987354,0.8243224474370122,-0.21799125281306056,-1.2494794204699735,0.19118753560692822,-1.2308554491976509,0.19691783470965535,-1.0535382059564564,0.34539713931767596
2008-11-03,-0.31943759903124436,-0.25013353206455496,-0.4859805142635533,1.6797675787035922,0.5421878143889945,0.08832817303239758,-0.12466464288107233,1.1352232491322019,0.3206345059092689,1.1215368098007703,1.0914995786365917,1.1546589757039831,-0.38887985490431637,1.044471699217897,0.5783501944382281,-1.0213597340075053,1.6001809621106668,0.34539713931767596,0.594042209307437
2008-11-04,0.2376522894917009,0.015094127111716068,-0.5205390534721293,1.5967500413714577,0.8165309216884606,-0.2986747070306929,-1.3795244247700191,-0.8023617899267755,0.21716330352339777,1.1817204860371688,-0.43096481154804256,1.621990305640061,0.7602301417448533,0.6369789112172951,0.9111633319127885,-0.6564130622502616,0.38023070863273595,0.594042209307437,0.88707352624927
2008-11-05,-0.16411130844763783,0.30667816756919386,-0.7551135972668193,1.521492450726616,0.9421377703227943,-0.6010990333932676,-1.0139494675632437,-0.007339462287577625,-0.13695530425404173,1.8416608653053173,-0.9343066555390813,1.3750076147210275,-0.3798798497015205,-0.19690406893196688,2.0575268162890192,0.02491825051040345,0.08169549188889359,0.88707352624927,0.8015159226808473
2008-11-06,-0.23126855275565508,0.6295360324495836,-0.11664923491765847,1.4086894329512305,1.134623091133547,0.022310688550994596,0.7998568818041045,0.6466402795543299,-0.17691237299723905,2.7248861726580134,-0.3069274531613947,0.09023205803507335,-0.76598875705599,0.5956673159280891,-0.13477832796097003,0.17935944644210328,-0.5698168610046375,0.8015159226808473,-0.2829587614457076
2008-11-07,0.814922911886655,1.0316814425874223,1.9054278455190001,1.242234285703382,1.242896734013862,0.4868875966146675,2.1222790433369743,-0.739460715647122,0.47636262892875525,1.7290156372727903,-0.2670163455514256,-0.3607147809238879,-0.006092985753076175,-0.03275600789169508,-0.6463343066384294,0.46615700480979766,-1.016332752061212,-0.2829587614457076,-0.6393876899213666
2008-11-08,-0.9817113800855729,1.359401268370042,1.452000805835108,1.089429078853194,1.280185546610482,0.44525276791262025,0.04348617058398479,0.46634016224402025,0.9011439402251799,1.0822003702822502,-1.4456104801017033,-0.7337932529174627,1.3496580137973424,-0.8706521392854494,-1.2412459754883542,0.08466302176217431,-0.7983598816414683,-0.6393876899213666,-0.8199712947070351
2008-11-09,0.5799319635353454,1.5632969638923386,-0.05026112686361315,0.7465001249087208,1.1271749179330361,0.06446323829140764,-1.275009794495517,-0.02650818063071041,1.794244458762876,0.9859140403571184,-0.49047328276925534,-0.33018109923130434,0.7274335959336092,-1.09550921635369,-0.7151746010900856,-0.09622111092649756,-0.0935827342189576,-0.8199712947070351,-0.7430602112505398
2008-11-10,-0.04855070694823674,1.7006672978060904,0.22632791553043033,0.43734876711883824,1.0254476595583202,-0.09880229238661248,-0.25110979364994696,-0.31250394175834767,1.9910537504524826,0.7315001081986999,-0.355569598958596,-0.5795149719628024,0.34077516325387186,-0.8849550568994407,-1.2026953597749503,-0.3641216738221962,-0.22598014853703854,-0.7430602112505398,-1.2275649963980344
2008-11-11,-0.7306739330496613,1.7024200922223514,0.2853811052177739,0.19524361448591504,1.0266991376468253,-0.7309926109720577,-0.05783241733342772,0.17281691714564107,1.3215504431660443,0.32543582151874173,-2.0737913444011262,-1.366508594074346,0.24073819065198807,-0.3282646890568424,-1.5113473879839192,-0.9899763158439031,-0.049625071012463814,-1.2275649963980344,-0.9390810669282179
2008-11-12,1.5946516947004996,1.629480800447129,-1.012689397921343,-0.059436799983955284,1.020105665234683,-0.6627571053311001,-0.20768410672660906,0.21449842851550754,0.955239405291859,0.04269848764982122,-2.0592624348625304,-1.2932056759357613,0.044579293980434725,-0.3061845887168791,-0.8365174424356554,-1.3142824020769361,-0.22363877049443487,-0.9390810669282179,-0.9388560864082873
2008-11-13,-1.2250417670987992,1.4536697544899413,-0.3581827857027144,-0.32975741704793743,1.0278795559320595,0.4751801682530241,1.0622786924888192,-0.6135811572604153,0.5269435188021275,-0.12081153442372576,-0.7504719630136053,0.0278633861085378,0.16852789157636316,-0.34248953642716357,-0.854575356397507,-1.145663895972778,0.2615014347690152,-0.9388560864082873,-0.6873402064230942
2008-11-14,0.5687889845629062,1.2341902383425352,0.4647454079639114,-0.5631802530118885,1.031622151681881,1.2341582070474248,0.39095484301831285,0.7661649928892166,0.08491651063358784,0.2484700756042982,-0.1911244575983423,0.5860396362391707,0.9549149688748774,0.9961870406730846,0.3013825382156537,-0.6727742012831682,0.5890107676509605,-0.6873402064230942,-0.5437543692545429
2008-11-15,0.042201533629407095,0.9648918420416558,-0.6000000457891305,-0.7610103609401575,1.042546162435431,0.4671405863138594,-1.4378225154002977,-0.16061281589599888,0.052157092283280235,0.7201818459719472,0.36997659214345135,1.0323000290196784,0.5741299195721613,0.1674921415551854,0.6309856688095771,-0.5682380854213169,0.4462363550004003,-0.5437543692545429,-0.2541943621592636
2008-11-16,-0.17014525780066894,0.5716815749787039,-1.338751221938257,-0.941166153309213,1.0313143339971116,-1.3332640178225525,0.007204278745736446,-0.8306206964553065,0.17099624551997705,-0.3601872621339396,0.41350290559369285,1.5593678348738889,-0.5891090998275365,-0.6832006470835855,1.043553151949994,-0.40952304443766163,0.04416224677865642,-0.2541943621592636,0.06214543092099013
2008-11-17,0.5364891637624022,0.10708281298202973,-0.3702517786852703,-1.0189208292827507,1.118055917264879,-1.0558544135057837,1.5130359268223672,1.450307265942504,0.11603431582850944,-0.6724954929413981,-0.09868143404703329,0.8133139643798419,-0.40898183618297507,-1.101660568937657,0.7252492041105394,-0.49810097730311453,0.5926332374498192,0.06214543092099013,0.00020876568751502326
2008-11-18,-1.0699250512207086,-0.2993293502627404,0.40593050714169476,-1.114931185887781,1.0143163298071445,0.46493399142318764,-0.6655390911868868,-1.8310346029452165,0.28497514783019645,-0.8051997397486168,-0.11185174534839182,0.13142287170124117,0.5171047422112626,-0.07968166380543167,0.8265080617837977,-0.6589305018743535,-0.1530782154328267,0.00020876568751502326,0.5085622338263044
2008-11-19,1.0210194495398381,-0.5249648175285454,0.9153679519415854,-1.1853289426769764,0.9492457227258116,1.1686617186213244,-1.031969601125302,1.983755460680758,0.7419853399924875,-1.699544854531802,-0.14341734840023454,-0.1250926297613311,1.1693615849355714,1.3090788157096624,1.3321432063096055,-0.42574047317596364,0.7416993556286842,0.5085622338263044,0.008065877242335581
2008-11-20,-0.7360288387628012,-0.6179202433178166,0.32868764158172614,-0.5617132389478954,1.0979514410434692,0.411006116961341,0.5973207067594613,-1.497139627306004,0.7085909153044175,-2.2068561601772756,-0.11198957494245236,0.49423730027626256,1.130695348655226,-0.3176515425537029,0.37667409521786455,-0.2584458112484104,-0.5242923628804931,0.008065877242335581,-0.33450556994459874
2008-11-21,1.3730667456068755,-0.7055700578547074,-0.27401812005246895,-0.5277868284798257,1.087445877664817,-0.4765002085552167,0.4141952181149017,0.3641286166570398,-0.15518314961644675,-1.570754012855839,0.6855286801835532,0.9847564370788674,0.8088784418326647,1.264399087978309,0.4438025123131056,0.012027339513074805,-0.47631570898344505,-0.33450556994459874,-0.2916643650530174
2008-11-22,-1.1483525428669583,0.06348628256376716,1.0599752344562021,-0.47982176808083127,1.0225356323252293,-0.28708636915642793,0.48899313711599507,0.4120223519901446,-0.48654298957971287,-2.551114130586821,0.8574192621703102,1.1692920531850053,1.4903594653509158,2.0286989646354545,0.9757446884276082,0.30813496821958425,0.18850024086574052,-0.2916643650530174,0.6248617344639907
2008-11-23,-0.010800419810314035,-0.26313932289215114,0.8402826502484949,-0.5117480485332866,0.8973974398075278,-0.06216979309547187,-0.3346574191991571,-0.3746100046326413,-0.8546315531461186,-2.440842019852532,0.04406127564897421,0.4573880503714092,1.317625266434624,2.6044860877419596,1.9380211796332092,0.6862034004073192,1.1884569484229643,0.6248617344639907,0.9021297541831244
2008-11-24,1.331627394806159,-0.684968905076621,0.25518426747634126,-0.4444620710570347,0.7683408226683864,-0.14008239753620846,-1.1130487187616303,0.008118237643368113,-1.2319454257923756,-1.681313425296673,0.6902270841639998,0.7230394377749847,1.073058021439815,1.5854454088434156,0.8653935195713574,0.9593626744544205,0.7927313701208791,0.9021297541831244,1.006727544084562
2008-11-25,-0.9430060485754067,-1.2279356994716526,-0.23978516088661467,-0.38793408938370055,0.6173571223927955,0.13757553139802978,0.9453862973707479,0.2915640518894622,-1.263694954768564,-0.7562674362873457,0.4964263540567984,1.569975974831912,-0.4541416320844538,-0.5111753986127181,2.8842043609960957,1.5052637372022213,0.2326264220892951,1.006727544084562,1.5107214965610354
2008-11-26,-0.7155171379445734,-1.679247804512132,-1.547394285176441,-0.2988082977699418,0.5442326352923568,0.6686319971545099,0.04064896444610746,-0.42413520700850693,-0.5648274348785831,-1.0096244140386856,1.0764010234022487,2.0044811135573712,0.13675601476639362,0.4232242584995666,2.4448183232999576,1.9603724121865107,1.0433445444036293,1.5107214965610354,2.70953740244097
2008-11-27,1.2336641046860144,-1.745189311895867,-1.227981455247583,-0.23501084282787676,0.3835047519620236,0.35668806309425616,-0.6714732693564335,0.4015060890891679,1.3842105362200567,-0.8860423524159791,1.3255931811936146,2.2694979851898496,0.31048623662849817,0.2285903085509148,3.536903646772072,2.453015763132196,2.6040382734886163,2.70953740244097,2.212257132296905
2008-11-28,-0.7428589436999521,-1.5618974902194926,-0.6019344696507383,-0.18699647230019326,0.17732529220525953,-0.8338701046424508,0.06616945506839368,-0.3337669251303698,1.3090397916743595,1.4634763239897544,0.6376340565736354,2.1048620379811207,0.36539452118469506,-0.035292055224971836,1.405790068658853,2.520553312573539,-1.5944180697829191,2.212257132296905,2.123051975316323
2008-11-29,-0.9298625586025514,-1.298049487515834,0.4965213738522751,-0.12973715176284356,0.029783397574997983,-1.0093421637329014,1.0751177710965523,0.3966100014351783,0.5125550393226478,2.6487821366468483,-0.08587531714166656,1.800701660037872,1.497718274801081,0.8181286746387886,0.4664695036236458,2.476562136390716,-0.07391569380494144,2.123051975316323,2.3321383172782157
2008-11-30,0.9677248072616813,-0.9956728297167955,0.5966419742588639,-0.07985953572117949,-0.11063589044867372,-0.07334938212744536,-0.04921998564480007,-0.6792522068356838,0.07180791287182937,2.7823188603092457,0.05121313960102154,1.725719434864608,1.0717178547347088,-0.939794192591205,2.129423282702701,2.5231619585865,0.9743318716008885,2.3321383172782157,2.3994564451206704
2008-12-01,-0.22495439850576252,-0.5300731551059421,-1.2746599359412274,-0.030199413808791438,-0.3000160151222396,1.4184518808938849,-0.8361425567204851,0.9956295252957212,-0.019938907238349013,2.4052858637669763,0.42217348791515996,1.9506876791730858,0.41743953113408433,-0.6923431834031273,-0.1351373954904327,2.516006030668844,-1.3163559199921533,2.3994564451206704,0.8744411327340909
2008-12-02,-1.0034412079393793,0.2736373058540191,-1.1536401552678477,-0.0033766377564875792,-0.4380305655545928,1.1854178603832808,0.8417770657164365,-1.1872340248087176,-0.006717762066380894,0.05709165272973288,0.8823061283815695,1.3297774012884378,-0.13480692033692665,-0.7045713432516295,-0.349892527033517,2.295561119039284,-2.164652585548645,0.8744411327340909,0.5825336527907248
2008-12-03,0.9605537028085901,1.1121080164899035,1.2851501468784254,0.014188612216558535,-0.5736259712293936,-0.9143232505353591,-0.44065356387168364,1.0759298088027294,0.18162169303618061,-1.1657269158606878,1.1956565564477462,0.12461391158299502,-0.7965123515918252,-0.463019054587476,0.11150685119829995,2.2340356753395962,-0.7165076980616629,0.5825336527907248,0.18940852399082989
2008-12-04,0.072581920490151,1.2635967315909191,0.6096454231580862,-0.04358414113464515,-0.6830406627099869,-1.7098636686553716,0.20563979334180946,-0.5381098580210847,0.09548058500393825,-0.6252084223117784,0.4198011792094374,0.467395701224731,-0.5063470385001241,-0.5407039917892593,-0.4023908799195377,2.144383154498688,-0.5150731052939623,0.18940852399082989,-0.16847265609805653
2008-12-05,-0.7835675027619012,1.1402346905137135,0.7336256513689229,-0.044794566105776944,-0.7958473198351804,-1.1538601463106557,-1.712821649592157,-0.23085862837306306,-0.029199987909501186,-0.4300486902473846,0.04974946730388164,0.8540550558179183,0.5924414778718926,-0.37863923793777,-0.4881259487010442,1.9471078341215897,-0.8204823086752014,-0.16847265609805653,-0.25461175945903053
2008-12-06,0.6505880488857495,0.9054008518140221,0.8524867151913345,-0.08250420727541194,-0.9692915967713802,1.4696659808166732,0.5600353328741059,0.6080389477010878,0.27672969203218206,0.07158409989953964,0.9337209410194123,0.06198437201976851,1.1034246431158934,-0.7509131038342444,-0.861351853829658,1.6766201115539743,-0.20762656923844114,-0.25461175945903053,-0.373476486963051
2008-12-07,1.0081599585702627,0.5674178618848662,0.565484721615668,-0.11579662588372994,-1.0030644714091057,1.63149974501912,2.018525011106077,-0.6080792853625253,0.21974259224842416,-0.009727091155985128,-0.15593394979257186,-0.1047988020380461,0.48441358371947013,-1.2158454855144094,-0.053256962277748066,1.5940317809989788,-0.11200482600108097,-0.373476486963051,-0.29933783102646555
2008-12-08,-1.7294677792175608,-0.07060328915934701,0.6968602277015765,-0.13793909225456488,-1.0222777973964545,0.945848184763431,-1.7293953692664417,0.5326589287665205,0.3831926614653947,-0.7051998521936802,-1.1032356714794314,-1.2823105458250095,-0.06738223866073124,0.005743678275467748,0.5014795589334741,1.1849068663272024,0.20742660065954965,-0.29933783102646555,0.36285990968287063
2008-12-09,0.0836746595248267,-0.8104803591680112,0.34606909017447796,-0.16632588110836735,-1.0141344065993654,-0.15473498279024375,-0.9231553437872249,-0.46416831269160946,0.1399970919392177,-0.3895767068966667,-1.8916590845974448,-1.5671117461363917,-0.34701120837208904,0.785454341630203,0.9346678000131724,1.0587106754617028,1.847849753180977,0.36285990968287063,-0.029222789325242065
2008-12-10,0.5778086999273259,-1.1622077816343825,-0.546051901761609,-0.18578911748386526,-0.9872932570995882,-1.2319128130896593,0.40692100320450164,0.4514233340572448,-0.9244996970270556,0.3016157115928444,-2.0655880850961905,-0.2802128156074746,0.2466056326665602,1.6747234498811139,-1.2611921328975577,0.2428209569869375,-1.2325432755450623,-0.029222789325242065,-0.318044485063789
2008-12-11,-0.20955835442553727,-1.0981561629091878,-0.33464919499602147,-0.1785336751315025,-0.9598377171121552,-2.205647245953674,0.2758078583613328,-0.22883495654414546,-0.5254462654300733,0.566508619781377,-1.1488924693442029,1.092062397146663,1.3674985887443099,1.4302933259107005,-1.0903429113577434,-0.030753818055223148,-0.6821374810565525,-0.318044485063789,-0.3824993827890974
2008-12-12,0.3285410839173787,-0.7610081244915969,-0.9665483490946305,-0.19364812214075133,-0.902712714733105,-1.172165261854543,-0.0860783363368411,-0.24812168099842793,0.13910101766551644,-1.2230646261162168,0.9669263005256448,0.6459360031704685,1.687403241642695,1.1859906991748417,-0.7524446736657284,-0.14440539503498345,-0.11134974410873115,-0.3824993827890974,-0.3373227131644886
2008-12-13,-0.8747055018338289,-0.14270034667735212,-1.1919535548939777,-0.17942390517217052,-0.8370804264985824,2.3995147302799293,0.27583902149130046,0.8266485346359421,0.9722259254686877,-1.2740623540458542,1.259238303955064,-0.645147076368545,0.9442304670496952,0.5962460727438577,0.1907860445177623,-0.43122457052761765,0.18480110159388785,-0.3373227131644886,-0.041786474356498716
2008-12-14,0.4988001295047564,0.7017321402997183,-1.2394382803248363,-0.15691605357849808,-0.7624054264633136,2.54794573393417,0.23377514568769203,-1.2928112970849455,0.9055866307995345,-0.6583137203772321,-0.20629214156177406,-1.299269311154579,1.428485170641795,0.28639601679864685,0.009951677781951959,-0.43400249051595724,0.7804453754502513,-0.041786474356498716,-0.13461214184864578
2008-12-15,0.3147887818283191,1.2875596681569963,-0.10307727220535726,-0.13457623371095234,-0.6720889658971063,-0.8872951721185875,-0.6818241262804953,1.440995271021935,0.20803391591724302,-0.4694446838556704,-1.9100835680501986,-1.210904611517148,0.768583632087739,-0.29956449904902627,0.8625791879538681,-0.31775173860069456,-0.23498092898997539,-0.13461214184864578,-0.08346487998674423
2008-12-16,-0.24498105424474034,1.5425265223916955,2.00117612397644,-0.09906930665681449,-0.5753185840769406,-2.7838082371361232,0.2908013835238286,-1.1625574856294267,-0.5296340253859179,-1.158540074783832,-1.5889375521107896,-1.284047239106991,0.29546432069370726,0.3328770483837044,-0.9075474751456083,-0.5185582869750044,0.11112996911515816,-0.08346487998674423,-0.307605107638918
2008-12-17,-0.8250189274400869,1.6577204665239589,0.755528603863622,-0.09155666220288397,-0.4424504445025126,-1.5457134356007924,-0.16126349218098718,0.44687275507353996,0.17728674271467768,-1.8867122256373396,-1.2112410786436687,-0.5446690779117318,0.6777415509453141,-0.43790896095057913,-0.9032786998805787,-0.5743512340819623,-0.3801043500473795,-0.307605107638918,-0.41563823978976683
2008-12-18,1.404797257482965,1.3963882564196552,-0.47328004848960487,-0.03800053780404522,-0.33823029786950876,2.2255353488010012,-0.651609056430605,0.5575554676206463,1.2690683478157616,-2.040141364645406,-0.26922617419139766,-0.7943853872835747,0.5203649418184739,-2.031364988795869,-0.5952241011780716,-0.5956092453482443,-0.2551585259167014,-0.41563823978976683,-0.6181613619160575
2008-12-19,-0.8642854994852022,0.3306387130434561,-0.757645353061003,0.1352974870492041,-0.32891816279032415,1.6794127111209562,0.45898460216000064,-1.169732793373048,1.032171953446959,-1.6210755330081046,-1.2651036924130565,-1.2818398430319184,-0.03547060338285003,-2.0408543176032006,-0.09266052605467548,-0.5292720271640114,-0.2776172371149429,-0.6181613619160575,-0.6468567118340726
2008-12-20,0.1674746025244202,-0.5001372448974315,-0.0764795490260259,0.12751529440945764,-0.160107955402373,1.0235703522906645,-0.2558564807547976,1.2853399429980843,0.8611996257252345,-0.8166160562021363,-0.4864810549374834,-0.3858218952901757,-0.38635352582980087,-1.743192530525834,-0.1838102091383977,-0.5590657175476426,-0.05762087677372496,-0.6468567118340726,-0.7446224901657097
2008-12-21,0.38910536690925684,-0.8776334429557414,0.24089648444407152,0.19828310622532552,-0.011590519442690666,-0.5310896004470288,0.08665092489994072,-1.0506524786049325,0.6203755827179497,-0.18603687202149144,-0.22161476508395864,-0.22181525875911282,-0.30221820423743695,0.5840285303915232,-0.9081309449113902,-0.8927720400603938,0.021310281106132513,-0.7446224901657097,-0.9071765086435237
2008-12-22,-0.9412293787905515,-0.9293641073858869,0.289557665475434,0.1672672260018791,-0.30890800313192035,-1.4025883384363413,-0.019943242489698924,0.37766603446581565,0.8937315376063482,0.24573551723406106,-0.20683913439216478,-0.33444212814413266,0.6749548941267848,-0.39014443599636073,-0.13177133479433328,-1.1802022332941973,-0.5090533751319383,-0.9071765086435237,-0.7359204938666407
2008-12-23,1.7078784182771838,-0.7788200550372815,0.11674093808600196,0.2794995152147315,-0.2233775069217043,-0.26328656317368987,0.5385087188547675,-0.6148625704988139,0.8133941263788034,-0.5336294975539546,0.04973094571689328,0.21023133009623174,0.7567151190983529,-0.8961272962291548,0.8009775293503691,-0.9272030221735428,0.8676802275882998,-0.7359204938666407,0.2698821108716346
2008-12-24,-1.0088622520760833,-0.013625502313158847,-0.9959107906121367,0.3991791642125023,-0.140092115851605,1.7447159695391425,0.8413300248985478,1.2201011174708989,0.04383586049416671,-0.8739938159031659,-0.5494174045236768,-0.3865152366240226,0.8588596331033279,-0.7003955633732766,-0.2081965642429438,-0.5860067270920276,2.134695771190339,0.2698821108716346,0.12262022679859765
2008-12-25,-0.22893626765737957,0.46839899228696846,-0.8544119665255187,0.6048940352828793,-0.06997917330756558,1.2399625626174857,-1.4494416107804777,-1.0449593086188076,-0.9786427807910535,-1.5545993729430652,-1.1950688650865426,-0.7972858465829518,-0.5501373320671482,-1.4450850178349202,-0.7988794032331709,-0.5463060677238133,-0.21927202059859613,0.12262022679859765,-0.30945046506620527
2008-12-26,0.03409982939910911,0.9901778619414887,0.9719109797806745,0.7790367399040476,0.017269131519543696,-1.5930192453870395,-0.6614919010120452,0.42698931676234647,-0.9056675670966896,-1.2318249022289767,-0.474927327862764,-0.3788105964947993,-1.484759974325083,-2.123898945977232,0.5160936381529704,-0.46652081224556624,-0.866650115644525,-0.30945046506620527,-0.8785267346965051
2008-12-27,0.945850225914722,1.428132654227666,1.7944108888744108,0.9503668362854403,0.0674678504307443,-1.435816321054442,1.0647538357358872,0.10668965063364369,-0.6345717168736683,-0.7150972107985806,0.2909902045189077,0.47013633726147386,-0.8066613238157015,-1.9386188563200806,-0.8036817249430039,-0.5581261621436652,-1.1557744874148985,-0.8785267346965051,-0.9008388414069767
2008-12-28,-0.38579272780559903,1.561506718195158,1.0571636438216145,1.1837574306659957,0.11689431104693492,0.7111231240820308,0.4071122383582301,-0.6197715302641124,-0.6443939406836057,-0.36164079123144366,1.1227922383091857,1.1688720873462621,-0.5651871578350309,-2.0084194652912846,-0.7747195843954314,-0.7416380464199653,0.0734474149643799,-0.9008388414069767,-1.1282321337689625
2008-12-29,-0.9401952271199516,1.3960330037588302,-0.3583847758498322,1.295093870651093,0.17291578954446388,1.197727567530722,-0.8255521219369317,0.9537891336828884,-0.5863183860800661,-0.7645269302021642,1.0610712481000224,1.2064793277642045,-0.444977262702199,-2.821590689623766,2.6844021135935225,-0.4246184599075589,0.11947655117345081,-1.1282321337689625,-1.0853595979990496
2008-12-30,0.5730581813758306,0.9872986162621239,-0.8051920679073086,1.3801328782871685,0.24771198313308615,0.5637393003302683,0.39958505068778094,-0.7574756589251808,0.18659485805731787,-0.7024046748394747,0.8641034156680144,1.410375109344472,-0.36839063042418535,-2.346607890155697,1.4574882458799387,-0.19314618970681413,0.3978106641193457,-1.0853595979990496,-0.9972045756739653
2008-12-31,0.8755771239120872,0.39698276149556266,-1.5605197714828751,1.3511162037500868,0.3088263479160692,-0.7294823355454475,0.33147599240082354,0.11602065871186878,1.5393182888240176,-0.15631455387470067,0.36805655607098264,0.6316233488648466,-0.11209963201536823,-1.7936417844091674,-0.20097410979978347,-0.08646719821911611,0.47677389680456955,-0.9972045756739653,-0.7252514321446857
2009-01-01,-0.5992464621756836,-0.2710742555734244,-1.5138809284372146,1.223541377913569,0.3139545518832753,-0.8823719960418482,-0.35757983413115474,0.31676638062350054,2.3601201373356466,-0.27217824782653216,-0.09733732178089449,-0.0513739708760965,-0.08232477892068865,-0.6894487363432815,1.642488978045707,0.3331827868806982,1.0544250289562345,-0.6687553406177192,1.6003503535881987
2009-01-02,-1.1412351755596184,-0.8941229157998791,1.898551164618407,1.0910109038297586,0.3446620718047446,-0.1197449602944821,-0.37452083266410546,-0.3492753947577389,2.152520049245763,-0.27559715398305856,-0.4382558789373253,-0.48049391454196705,1.0673190719517178,0.5873921646247842,2.0941574587505376,0.6356497632998017,1.9662223090289537,1.6003503535881987,1.7401173657544164
2009-01-03,2.183989226381514,-1.5910755675214778,0.5896772143343686,0.9635426052996678,0.404647988038967,0.5034563111592346,-1.55134092007682,-0.40351064059801756,1.0749274031867266,-0.4257824729077164,-0.9859757220325474,-0.46597602046610065,0.6437955371085219,1.9227987368378643,2.1578039414530084,0.9694206640434215,-0.5555119035166272,1.7401173657544164,0.9927595328060922
2009-01-04,-2.0420210495419404,-1.7297136881229187,-1.7876109876083408,0.8407031592701616,0.4625279374718626,0.784580998915192,1.7167348007518552,1.109258292635741,0.5675275428513226,0.2705120485592874,-0.82157699208911,-0.41478804985138834,-0.15140040229824253,2.5878227963970635,-0.04241220483611186,1.0290861614941664,-2.671701495206283,0.9927595328060922,1.286998228227964
2009-01-05,0.6038127680717368,-1.6866050059687125,-1.5715076035606594,0.9923990234232798,0.57166478416507,0.5342957345380228,2.5508541466788928,-1.1127033146458558,-0.13570614681780632,0.32683702535020487,-0.23327221594053085,-0.1188724651854407,-0.6334037318314969,1.6215515536834804,1.0107457095362538,1.0584011069891155,0.7843468978480352,1.286998228227964,0.6695725612693524
2009-01-06,-0.20088542753305685,-1.498753812886723,-0.40881106486306296,0.8465836513060904,0.6013376479187226,0.12162192936465319,-2.4212076942381557,0.7882926002054437,-0.07249504671827757,0.3049026893324726,0.6331883486167385,0.9602641482380166,0.11494560951084574,-0.05278578575505786,0.2993645703319191,1.05875940308564,-0.1881573389764526,0.6695725612693524,1.2706140319764452
2009-01-07,1.2053516839452034,-1.295183803334325,-0.3321723568499671,0.6721164364390021,0.6021212756647287,-0.9099403353009241,-0.8400321001690566,-0.1584664972166148,-0.0786816935088603,2.366444777098207,1.3531556552704318,2.041066247685921,0.224441209703337,0.22173657799588348,1.538632437499417,1.4574789255179046,0.7152320061234985,1.2706140319764452,0.5604581100363745
2009-01-08,-1.1744871303047872,-1.2069345056757308,1.099493774842169,0.556438505868758,0.6199699981483856,-1.3516094845726048,1.4868388432507391,-0.4946919997703553,-0.32901964947191603,1.2851302560961755,1.4905773341812096,2.3902368321318943,-0.466789161061313,0.41861634532088493,0.7999702367533622,1.372810234675998,-1.1564644731064746,0.5604581100363745,0.18945288194839216
2009-01-09,0.4867719191337678,-1.2171851339439181,1.1786206322432229,0.41844933372483073,0.5873759495586732,0.3096937684961384,-1.9859103291969369,0.6516567776639605,-0.18715689589090198,0.3639677826325503,1.1647151433727168,1.7534845230219716,-1.1715823349634615,0.6664584501588159,0.45751161753834163,1.4470372522944714,-0.43841477982060956,0.18945288194839216,0.2277568340585477
2009-01-10,0.7698630933874325,-1.2734069712037623,0.9492652658235837,0.335845658191499,0.566977073776803,1.9882632294769798,2.1035340204259367,-0.4361504354793712,0.21778988669455931,-0.40506191595027785,1.7512183504997763,1.4729550153108395,-1.3737349641331027,-0.4598776788068506,-0.12668139082512497,1.3959508275186776,0.23375621912899988,0.2277568340585477,0.2289386897422064
2009-01-11,-0.8139854088946596,-1.2802859337739814,0.6288950602989984,0.20131679590232188,0.5128822881410008,0.9480071157837207,1.7133866657270946,0.06833989275705218,-0.3540754460153357,0.7767508202750295,0.38608539105610695,0.06546339086631817,-1.831703973471105,0.54526097249646,-0.40031297188187404,1.196022547937365,-0.02166837517802814,0.2289386897422064,0.33516487748598117
2009-01-12,-0.2324737975864049,-1.1233504787843192,-0.18121379858218004,0.05361937444344224,0.41321170909897786,-2.0613629474794033,-2.154270761354346,0.20857201476599566,-1.0446526599852453,0.9221433618492234,-0.7107837273169515,-0.14936033687361686,-0.3674049054443202,0.7675652439615492,0.4601979196906639,1.1174884482990568,0.22521078956365934,0.33516487748598117,0.23163022212139633
2009-01-13,0.27884534834399854,-0.767183471442516,0.13497504818032066,-0.1080373723151932,0.35187498683231466,-1.7651382322433429,-0.16895158076718395,-0.21023421945422233,-0.7759345428369364,1.4127334845494512,0.45812856093009063,0.626123612360669,-0.12727669903115588,-0.7615573150819653,1.0690065652891598,1.1686809435922623,-0.37366361748813337,0.23163022212139633,0.1670199303407241
2009-01-14,0.26068089231381497,-0.14062523574335037,-0.1767936056924449,-0.2835329942318178,0.2872193543078511,1.7515644787253049,-0.4825187229062341,-0.018518006170779654,-1.155114549371705,0.9069625962409933,1.263038671295734,1.503784048095846,-0.7915410771662453,-0.4621987491148835,0.38840214908955567,1.0220814298049705,-0.18373472405294067,0.1670199303407241,0.915843652967225
2009-01-15,-0.5385117820157121,0.5492718022817172,-1.4588222746784967,-0.46688340724101784,0.22040178659636042,2.3131540962564157,0.19769139211632655,0.4047683058304246,-0.8397353450502997,0.08110579786082683,1.6636326836330895,1.4155178564720994,-0.7746407275639919,0.14896270479845705,0.7133613757934414,0.9087570198879551,0.9924541971170646,0.915843652967225,0.4405195739114849
2009-01-16,0.7453336400338911,1.1679236673411169,-0.07357402090168375,-0.7303201466644729,0.15899965461278084,-1.5035572806215356,1.1207333368923724,-0.7258521286269923,-0.32206688431766933,-0.9602019270548784,1.367639106724839,0.9889498791748806,-0.843132867655706,-0.8013416896295967,-0.7632018765574083,0.6513392695899078,-0.7192831493443681,0.4405195739114849,0.1490062952684813
2009-01-17,-1.389160337515237,1.6304282723607821,1.0924094617876765,-0.8730424790139253,0.092318619807353,-2.5050127208492508,0.1604581985614868,0.8372741903949672,0.5303749338815462,-1.494338792582298,1.5067085612593674,0.19633294919820554,0.3558332959012792,-0.31553329371349725,0.688088820153817,0.7298477316976923,-0.4857218851716554,0.1490062952684813,-0.09638444414457273
2009-01-18,1.165905710883558,1.8477216276218051,-0.08288762670904344,-0.8256657858890246,-0.0010487486924196563,1.0237763887480502,-1.7328093680800265,-0.9215356721623622,1.0468762787851682,-1.067799338008453,1.085307927395069,-0.5118571473532817,0.8610869924157846,-0.39863912624506753,2.2495589754323517,0.9044188557402524,-0.37254619736380734,-0.09638444414457273,0.7148976584416213
2009-01-19,0.18144298720842958,1.7652898190424913,-0.5362119472009476,-0.8620482905153996,-0.0626372339086552,2.3465332964755046,-0.0043505421359136326,1.0141327666739026,1.4106679960454356,0.3986639108783721,-0.9888310849660974,-0.09457671480395143,0.8513828663403723,-1.1558024462640424,1.4201331021047627,1.1057114032912179,2.4628910153439922,0.7148976584416213,1.0646678328851904
2009-01-20,-1.2643196323944694,1.5544222468056228,-0.773497166664066,-1.0443978982038902,-0.057550917905686054,0.4052516645210456,1.2123763857008016,-1.0148904961896734,1.6016506625764526,0.3789178724257389,-1.0790101156320382,0.3295248399147683,-0.9054784669927195,-0.502875386161385,1.5725803082977399,1.2487416717181319,0.021596373795763135,1.0646678328851904,2.5460491516985093
2009-01-21,0.5972666985751199,1.2974281752182,-0.5551302685258641,-1.0637591064552494,-0.01512494029505844,-1.9524807460528253,0.2381415612718862,0.7806172158778782,1.7572798489193722,-1.453248236587565,-0.325689891005176,0.5385148775057934,-0.9401614755735581,-0.6797460557030831,2.6264562237140257,1.54248065267699,2.8328028041073092,2.5460491516985093,2.2359976398231023
2009-01-22,0.929443627235974,1.1842514305701524,0.6014118325939705,-1.0404932222366743,-0.06923606510002463,-1.183563846295271,0.41867152710988187,-0.3878393887673612,1.8971978269690968,-1.8298633720991317,-0.5481264142183256,-0.5240930844734122,-0.6959218241433333,1.520754282274685,0.3398278342108107,1.5463533940493468,-2.315223595492977,2.2359976398231023,3.2943287763786144
2009-01-23,-1.6639599709036015,1.1519881323429852,0.5159467189335675,-0.4815756312612046,-0.6815435897019861,1.202148560494281,-0.9005282543722691,-0.2385353886829898,1.214064584713896,-2.298075857250471,-0.33803199577794685,-2.1104364266252817,-0.23594779327208906,2.3985392990988643,1.4051215030876723,1.83777886178392,3.4732098871323553,3.2943287763786144,2.9412452761457084
2009-01-24,1.2073959513627344,1.1715534427021845,-0.6376330336867261,-0.5176187952049698,-0.9123757611031523,1.024443719725878,-0.5596727201034642,0.838911441056936,0.4990390007533575,-1.2235870015001151,-1.3702699941579097,-1.7656986132245085,0.39860514301839645,2.3841308550866787,2.4040917988618666,2.1948234124579016,-3.4150761849027953,2.9412452761457084,3.0660875984332234
2009-01-25,-0.7184785287057447,1.9428998340217292,-0.641727434977137,-0.5407954078748787,-1.1173115162291563,-1.1521330545512476,-0.05350182615248364,-1.11401638293621,0.4900837602176491,-0.5982453882395549,-1.0751863864393907,-0.6770219472620349,0.6824416398102953,0.28329613940573584,2.144660111185829,2.3442552552868925,0.9705267568095414,3.0660875984332234,2.837093034595944
2009-01-26,-0.3115077712754972,1.723251652402061,0.7790871282832322,-0.5401462969681962,-1.2795575886756525,-1.3325328631842268,0.3632376239868994,1.2303443126883173,0.7666831291737056,-0.5990572410936336,-0.20630020195860152,0.21425696820098347,0.4987556875951498,0.5166798197629985,-0.31147981516078294,2.341503239043676,-1.7033821089265544,2.837093034595944,2.3111305654566463
2009-01-27,1.065286861019915,0.8843658530299824,0.65867477661078,-0.6636049131060842,-1.6230303547914522,0.3294746456265574,-0.21441482847200777,-1.2130723147284035,-0.23240943186199484,-0.7431670357445712,0.07538210034305075,0.19456111534074022,0.6524336996174398,-0.27076233155769414,0.018964133835347632,2.3404035830015952,-3.481731530284234,2.3111305654566463,0.8131191620380723
2009-01-28,-1.4823106471665397,-0.2217141781045657,-0.09490492856988364,-0.6491355311994917,-1.6451473057535428,1.63352036194515,0.36781602293672105,0.815896972873467,-0.9964095673187909,0.06593327112404196,-0.725720601071888,0.21061346966712413,0.3196330929603988,-0.6909871246457322,-0.5615246133630328,2.332348179031771,-1.52912049029171,0.8131191620380723,0.8542522416886047
2009-01-29,0.34283392747540165,-1.2440505527450052,0.10431311455476378,-0.6186111522619616,-1.6216561010047943,0.5357013501865332,-0.2524162148167758,0.05847930907729299,-0.9432498398664274,0.7121681003374586,-0.6486343351417158,0.7305032509032737,-0.3650591022948948,-0.9266286676112013,-0.3231409875242001,2.465033151293601,-0.4205391692228581,0.8542522416886047,0.5549347920269787
2009-01-30,2.2268807257680727,-2.0407695263902,-0.4623408783742535,-0.5743213033611236,-1.5320281848821038,-1.2311889378569176,-0.25797179142488535,-1.0467054495065782,-0.6908972723460297,0.30871245417137017,0.5630633635589276,1.1957559537905826,-0.5879184645805022,-1.2156908908712323,0.6455973296488644,2.396060768658408,-0.33263145081808493,0.5549347920269787,1.3404178905644453
2009-01-31,-2.7384872647358516,-2.474879170615499,-1.550362441952585,-0.4740140359260046,-1.4332433224812027,-0.9743201988536587,1.4377862448177219,1.7012736731079174,0.5346559413507759,-1.5408586589597815,1.3281120247262088,1.6776000935099802,0.08081289969065547,-0.8262718035565052,1.59754873785283,2.325468873295293,1.4861314931843035,1.3404178905644453,2.927890018174636
2009-02-01,1.7009172170825062,-2.7709414235970646,-1.7319755104622203,-0.40560881701033347,-1.2880192235747974,0.47465461901782235,-0.8695399778112934,-2.0214636390159804,1.9876765663348213,-1.4821541003432508,1.139753072254604,0.8225438533303224,-0.45258893392967425,-0.34359025055426634,1.6044340600142963,2.3655704726517763,3.1910283100606587,2.927890018174636,2.2525970771968877
2009-02-02,-0.20113967003851574,-2.661930153906504,-0.8026575084212834,-0.168638964771318,-1.172479370274528,0.4789677249979163,-1.8368904663464636,1.634538289260499,0.6439517331670157,-0.26732500383055513,-0.3262387909335083,-0.24746121936213653,-0.3422572090479118,1.1853083128853565,1.7080997833582126,2.102611493985756,-2.2499678411671993,2.2525970771968877,2.49451842075816
2009-02-03,-0.615941118412128,-2.245845472756208,1.3214614723493763,-0.06034276555857449,-0.9043592448962172,-0.1011339680099143,0.07796658198109048,-1.266677946089813,-0.47881349685989516,0.1310441584823444,-1.3668431372990302,-0.7268672719509627,1.3716969704821123,1.4039791934438284,1.1916512784413305,1.8106846964797676,-0.03925152972429671,2.49451842075816,1.7986567265626348
2009-02-04,0.5914752740320537,-0.848460978761274,0.66476151208776,0.02767043345128756,-0.6967356890903127,-0.18204009683049355,1.9676265615440875,0.633223826668981,0.03605426586660982,-1.8741119232668921,0.4920001692879312,0.5604562895638697,-0.05963942026638684,0.5880341608951946,-0.20097775046265792,1.5678885809639098,-2.632192699857506,1.7986567265626348,1.5144419823821575
2009-02-05,-0.5693614446580532,1.004103523329618,-0.006705546408601557,0.10907944425471565,-0.4778761246347946,-0.1153742184525842,1.106598434339485,-0.15645290925116206,0.6257574327107007,-2.8830745135252474,2.0544391985589807,0.8598096910458516,-0.6837427725559423,1.252025036339777,0.03964674604082498,1.1985611894319717,-1.4808990513248672,1.5144419823821575,1.1037950840301907
2009-02-06,0.32471470377565975,1.8235407389837084,1.5520314612169697,0.11465262281173498,-0.24717799505952706,0.1838319975611726,-1.0053988533366895,0.030968370531596054,0.48812393569614354,-3.0250446829914637,0.13420495504554483,-1.6709336591850055,-0.7315792184315597,1.0887735533870757,0.8628462603838374,1.029137993583674,-0.49286608255097103,1.1037950840301907,2.6017993932857073
2009-02-07,0.3170538022552758,2.0144007802059396,0.339372921013133,0.17942377830074785,0.022664959448684897,0.3168258014855916,-1.7882720366106877,-0.22903972672503384,0.17048380419265352,-2.6801745096649907,-1.5650181860430268,-2.266238595846137,-0.8104431269602792,0.4599532480606462,0.2949451083802429,0.8742949907346967,2.7483556300853444,2.6017993932857073,2.2593592572439336
2009-02-08,-0.31696726986135015,1.963841660810393,-1.083928473875111,0.22264302871491976,0.30304182803767316,-0.10565411523053422,-0.715145798296285,0.4584930466554049,-0.5808450342728868,-2.142044931857533,-1.7250340811872291,-1.1647449153979204,-0.35489573655327344,-0.12623677468043076,0.3717333413230459,0.9510985746929,0.21391502297406528,2.2593592572439336,2.09169590863238
2009-02-09,-0.3589509556522663,1.776309996462799,0.0781926943662862,0.28907133212544966,0.6303316814975648,-0.6160862341175848,1.3527155594686016,-0.42791795340999045,-0.3998005249484685,-1.7233808805600406,-1.5776794958340066,-0.4127806185739912,0.43620151342281704,-0.8689289135913252,-0.13061527145563695,0.8997036323452883,-1.7319887236923726,2.09169590863238,2.5311826154383477
2009-02-10,0.7615675873057209,1.3457982292394255,1.531219079731703,0.32490990098881783,1.024877351405919,-0.18015203216148606,0.9849119791046191,0.07269797141648783,0.3162140321095113,-0.970833660808102,-1.8672858441865354,-0.5315634837833644,-0.04981519828829366,-0.3435841631128762,-0.04840998191496211,0.9403651674171115,-0.3752334817687106,2.5311826154383477,0.9413239369042878
2009-02-11,0.14369771565124662,0.548049233139263,0.6563252407554088,0.3235270320045166,1.3564178634499153,0.5561324387930321,0.001936402286466054,0.7677667203592385,-0.40174513674704376,0.791918370576564,-1.359202681572157,-0.6401440693465509,0.8340526720461476,-0.44298703507925863,-0.5329320881686163,0.8955284087119476,-0.2945688367312547,0.9413239369042878,0.6621113842800633
2009-02-12,-1.3096957240499707,-0.46590310414483166,0.5040511910905618,0.33137249105188615,1.7295075495275465,0.39496801573032403,0.1675825659643655,-1.6792494542877874,-1.1575289818895578,-0.1973635551415509,-1.1135778042658084,-0.16494336452077504,-0.1829622691752213,-0.1707031485073656,1.5413190956536478,1.0345574975590364,-0.7132831752104236,0.6621113842800633,1.587983211196573
2009-02-13,1.044265626833232,-0.9104618360488062,-0.8735831437413805,0.3225770859675714,2.0091457916863353,0.08005626713837709,-1.9877648128121812,2.12615861159026,-1.0465402757746507,-0.5549819602926446,-0.3540869645297683,0.4268783754650144,-1.6296514408777618,-0.7728106119636389,1.651789048351673,1.1179083024308176,0.023338510406183368,1.587983211196573,1.0170432636210578
2009-02-14,0.22294737203046686,-0.929779055744725,-1.476089979450481,0.31576784712615524,2.196824676527702,-0.31475856697171606,-0.4365770911333176,-2.2497514593222796,-0.42866919584100943,0.2109292687975896,0.9884384162925612,0.33683759330753554,-1.7526016020360502,-0.3083787598211142,0.684500172006582,1.019405438247163,0.053687454355839284,1.0170432636210578,2.236686962448396
2009-02-15,-0.5163321601934713,-0.7517383072309054,-0.3229530437003582,0.30037440634797585,2.269263454497093,-0.399463718613759,2.337511131752754,1.8177761662252727,0.15398020542763402,0.4337435493802385,0.7742652531522339,0.6675020833965001,-1.1921164920329264,-1.1048295987981611,1.5341727891150756,1.0122185978422424,1.6107974941808345,2.236686962448396,2.7763904895596263
2009-02-16,0.6195048541209416,-0.5923938258956902,-1.224434124382018,0.2751113952865601,2.2379501952883327,-0.07804005815595316,-0.7621652840539541,-1.0268581586728893,0.7199217341207019,-0.4246230359701206,0.8714471673708198,1.0955673288906862,0.8242025329655195,-0.8667498609819676,-0.18510872928534738,0.8448187648221386,1.0673093954160646,2.7763904895596263,2.2677854030489866
2009-02-17,-0.9152682097339685,-0.4599822960778427,-1.5476525801978458,0.12395189314304056,2.1299613858693527,0.34784709856888235,-0.6648356946258955,0.5840310719306503,1.5778258351474614,-2.1508729014177024,0.7551596026957277,0.4792679371312904,0.13407201610065947,-1.4695048887574418,-0.5834839322627254,0.7721851691183488,-2.661855026322899,2.2677854030489866,2.221366411941276
2009-02-18,1.5009951336727176,-0.4192032807673454,0.21702237858229728,0.06889204637827648,1.9743622251926571,0.43065186762866775,-0.020344443503929454,-0.4279359698920325,1.6610178738246466,-0.926632798483347,-0.16537401212644157,-0.9883263625312895,-0.8886955925272894,-0.937283288067207,0.22782414396619607,0.7503312796339505,-0.9877463964329736,2.221366411941276,2.656320243010994
2009-02-19,-1.48653136102506,-0.49428548605565104,1.1781365639794334,-0.05236276834367083,1.7486367678947987,-0.12069525085819625,-1.105943365591581,0.43250316244519577,-0.6466818839395789,0.8354050238290217,-1.2579313130824354,-0.7093186067738201,-0.9399141921615186,-1.7056932227364514,0.7163109605168815,0.6980567969125135,2.5337539048188886,2.656320243010994,2.3388351599551904
2009-02-20,0.72600054915014,-0.6511694121299393,0.39379245318654477,-0.12095887343621886,1.5423767942772788,-0.628791802571927,1.32940966790945,-0.5058121634071813,-1.3303280033896863,-0.022803468463185258,-0.5913612846463304,0.4990751709371202,-1.7138601512915517,-1.1273017826367553,2.5794406855100047,0.9614399543074319,0.9147236122772556,2.3388351599551904,2.4755761484685856
2009-02-21,-0.08278274970026822,-0.7374240834290063,0.4573265383275163,-0.07204706029186068,1.3330679779490442,-0.32359058946568214,1.136768119400263,0.5196870724846026,-0.05815738175041678,-0.8874705668722287,0.3038569192759172,0.7661822218222752,-2.267530534210422,0.23952816235158897,0.7591745800510685,1.0546528784631903,-0.6243246523210452,2.4755761484685856,2.4229555691010405
2009-02-22,0.10622497026825066,-0.5996001172294553,1.7401343685793094,-0.10328357246916277,1.0416116924487404,0.7377508227381367,-0.393762397196388,-0.37578355548167397,-0.6252588592040766,-0.19407533642300345,0.8061565251534201,-0.43059928623017885,-1.4995360486907439,0.08714744598431876,-0.5194043723291588,1.068832908034688,-0.8677856480274311,2.4229555691010405,1.3886498625699937
2009-02-23,-0.10022219408753333,-0.3386781637882941,0.027018358218855336,-0.1414166023067545,0.7772444063213566,1.0908927849385224,-0.7724243588943007,0.0958019902347469,-1.730242445907913,-0.846579411049964,-0.042617465824058356,-0.42979025057104764,0.10357879899020506,-0.15557262645229097,-0.37341428075533784,1.092376321355668,-1.839662597892674,1.3886498625699937,1.8149586926592218
2009-02-24,-0.5090903583484597,0.018525244395542203,-1.5021810816536931,-0.3968322257737292,0.525299871222953,-0.2979507444427656,-0.6984238259266101,-0.34784605631704935,-0.7996737369694825,-1.303204648660906,0.6008221228115114,-0.448331381653755,-0.12988959741473277,-0.23665624137409505,0.23869111152808994,1.341634746736573,1.2057301471203035,1.8149586926592218,1.398064031619451
2009-02-25,0.9689073335967336,0.47083861568485147,-0.44685656325545914,-0.3683302376131377,0.3245625456037814,-1.1596580529506972,0.2982079253755209,0.18265169342108792,0.3789622626496945,-1.7321814359585317,1.164132936034653,-0.29270624973639664,-0.7676244870810653,-0.5554625621385479,-0.31217123561105026,1.0273976388908255,0.13543721553380544,1.398064031619451,1.2595187432816872
2009-02-26,-0.7532359893975976,0.9346205074375549,0.5450661969754317,-0.3305284850893666,0.0948732068017726,-0.8796965603717697,0.3473202015441159,-0.11873458037693087,0.2794411044998918,-1.2339606826000664,-0.19650406246749647,-1.2473494175005773,-0.3632374497633899,-0.7203051327060099,0.35783366807207206,0.6851000683468558,-1.1014389261047155,1.2595187432816872,1.5737390839130507
2009-02-27,0.12053008305654968,1.023288752392336,1.2229813612488971,-0.32558884303219965,-0.08015277971314401,0.6344332813371869,-0.4713200543988614,0.284596712637696,0.4560479831694189,-1.3389617891477252,-1.9028636489244384,-1.707327600429263,1.3203985624250691,0.1584447073378068,1.043242619368902,0.730563364662827,0.4398776632667018,1.5737390839130507,1.1587675947264011
2009-02-28,0.28784820838447833,0.9143627901865167,0.6077655127925143,-0.20203089463576343,-0.3134599727860958,1.1617989761810734,0.7189265921003092,-0.543573744728783,0.4395855563998383,-0.2885478876404046,-1.9825445686871297,-1.0694306092230956,1.6563861419008339,0.366080822072721,0.4595862967372046,0.620633891048371,0.120319847812887,1.1587675947264011,1.1941510626209426
2009-03-01,0.8274220113964605,0.5171953916423402,0.6884048096071289,-0.053303665763250054,-0.5098631777786088,0.6910068785847022,0.8638781162457058,1.1169466835379582,0.17245288428593078,-0.02551152391854367,-1.9033423450993638,-0.7164093709995107,0.7053073188300855,0.2609628035235032,-0.8758117197551835,0.46163065070891773,-0.7730460480358129,1.1152209706511034,0.692217406437451
2009-03-02,-1.2229737722835536,0.11164288060044907,0.8989861727479532,0.1811605009326114,-0.6453880993721408,-0.6481866225233752,-1.1440268919303545,-0.8823663236810125,0.37752788738116194,-0.7236749115453429,-1.0891373754676996,-0.42901626751020827,-0.6416020153705734,0.08156802574162496,0.6745116386956324,0.6133694825014289,-0.9634583082878133,0.692217406437451,1.216398326315128
2009-03-03,1.073865588832132,-0.19515637831342478,-0.3180170508931091,0.29171093784512875,-0.8144008824483493,-1.4857985622353194,-0.37585060176519414,0.3381078003873827,1.1452118185421878,-1.7618199447384628,-0.29797921409717054,-1.5929398375312749,0.44504060936843903,1.5968439686781528,1.3170449889525155,0.7263146423978313,2.2787272627355852,1.216398326315128,1.53003667039533
2009-03-04,0.15225393806207121,-0.33849077702788155,-1.8091586355105767,0.2550743475231979,-0.9393041059445214,-0.8396103984052369,0.38281969672762284,0.2647816479539352,1.205499934093043,-1.3842064123834674,-0.6584302324121353,-1.9741089793157065,0.2408757632522456,1.1151470433844022,1.7839757610640532,0.8398358012092666,1.7898833935485996,1.53003667039533,2.256014939310446
2009-03-05,-0.6836690785775844,-0.29966759445422547,-0.3392207103255611,0.3219667239262895,-1.0422295217931365,0.8255165049486526,0.6010232832222694,-0.88923924794953,0.8745754399979416,-2.0801968929454033,-2.153016452465294,-1.892445836373701,0.6381186463557941,0.32578946792395963,2.946518259065914,0.8560008141964096,-0.3297582771934388,2.256014939310446,1.7643644807678684
2009-03-06,0.29997912556949125,-0.10996988748278196,0.7017141442989151,0.3128472502462284,-1.1084016368826701,1.6052547368830858,0.7229179145319794,1.448059949305099,-0.04089293489600599,-1.8757506872366112,-1.747626847237015,-1.7044683654005421,0.25590835773991033,0.22816895346275948,1.105311606219253,0.9354514143841591,-2.5738097031197995,1.7643644807678684,1.6043837957781673
2009-03-07,0.40815316926566453,0.12459970617272859,-0.8382992147496485,0.40085407275843227,-1.1626085381265,0.6583415053441456,-0.6316143658410067,-1.551901054219853,-0.5340261806834105,-1.227078813168304,-1.6887794047827573,-1.3181415813087194,1.3136375990276075,-0.4834024388587061,-0.020094812265440302,0.9899562595424096,1.0311659139492677,1.6043837957781673,2.5044351304459864
2009-03-08,-0.4454036399332372,0.42223331843918155,-0.8082093426534364,0.3836295753290093,-1.2362339391745367,-1.4717955192742185,-1.79000756193377,1.322528352141067,-0.6871607926832513,-0.403236918404193,-1.4390745142752492,-0.5945843546866507,0.421673599597249,-0.24582856206782838,-1.1213368680808198,0.8448088827449302,0.8798571858737779,2.5044351304459864,1.57268089203992
2009-03-09,0.5665654962457024,0.6882194863005144,0.0928933912824346,0.3865569774424986,-1.4107080736088875,-1.4160052856875076,0.1879334819643654,-1.0935446351542253,-0.8503044567736407,-0.3482438907282439,-1.4449586556113272,0.015892536670642637,-0.011535995164669487,0.37037433994419333,-0.7005128170204239,0.6889347178127483,-2.615017072993682,1.57268089203992,1.6605391202450661
2009-03-10,-0.37233139072651017,0.7629168410261057,-0.24076524395456506,0.3760847102875519,-1.5000103310200026,0.03825625586846252,0.7766195524670403,0.9068952877086508,-0.014383131421400122,-0.5037922669111704,-1.3245521281462402,0.20697440540365764,0.7228052143817911,0.14567123923326983,0.6200452415753352,0.8098296732401006,-0.10900044746015289,1.6605391202450661,1.4919901447781567
2009-03-11,-0.5512790637490278,0.6377334804153391,0.06732941069430054,0.36453956070594773,-1.5885186264955786,1.2201220020788057,0.2816985857223847,-0.802326590693085,0.19986656711073159,-0.6268028804702948,-0.9776165253737956,-0.7997011516630335,1.1524560558185089,-1.1830404476442633,-0.2276192910663062,0.7429336393016983,0.7693164450406966,1.4919901447781567,1.3315036713498227
2009-03-12,1.2604610938826488,0.42935053600318324,0.8842368404943012,0.36972594250367474,-1.6595983046316884,0.3894799503871453,-0.2877521407308922,0.8995110551758263,0.16699624178779401,-0.717660661987675,-1.5571783525531517,-1.2517789555312853,0.43756549345525747,-1.0671705164743013,-0.053078634687978306,0.632008928230408,-1.6731001279928304,1.3315036713498227,1.548571278073906
2009-03-13,-0.9769119098033592,0.11612104719284416,-1.1544244108597106,0.4063455130798359,-1.6963780262929256,-0.5593500762522395,-0.030298942024450062,-1.1742317773809112,0.4889648144358907,-0.4555582609247737,-1.1980030517986386,-0.4836184384922859,0.4787425289507309,-1.5463855362175758,0.15635036533524987,0.6833406057257475,-0.3224913187696882,1.548571278073906,1.5625025930286063
2009-03-14,-0.05807813598313489,-0.24984635528511137,-1.789383208232951,0.3831922286222998,-1.7300176655393373,-0.2781199257778971,0.7075049848098962,1.4300325326289551,0.6603273357472301,0.4789126348557517,-0.49796636606776,-0.054714494893993756,0.293767616400766,-1.0647460948016223,-0.2947367307400944,0.8449497894215304,0.04144047368710397,1.5625025930286063,2.074331644421709
2009-03-15,-0.48427838905165155,-0.609819706661216,-1.2299210200396022,0.32445358658260903,-1.7359184317608445,0.5644988401638793,-0.2473124471566419,-1.351444484655655,0.29516409736617955,0.21828571665355295,-0.4811864337839675,-0.32830058816172036,0.37674040378022255,-1.2221866901549394,-0.18308793380663108,0.7251514256157087,0.983510948928386,2.074331644421709,1.5689189686701746
2009-03-16,1.3794757946716472,-0.6777798866236633,0.7861899436949308,0.3011094549358774,-1.5554719731565934,0.32783766863809505,-1.4203810465389788,0.9607258757450609,-0.24883587189077014,-0.1735623868570765,-1.196586329623592,-0.7216366459704455,0.3500205111198812,-1.490465253615324,-0.06050354985655898,0.5276765007571803,-1.2574205331155834,1.5689189686701746,2.6750778820921517
2009-03-17,-1.2861042185072717,-0.5688746607375256,1.2940909339784408,0.17364913514825334,-1.2099862351927084,-0.4622805364869761,-0.6704354239302489,-0.3471077817675939,-0.49391385992756637,-0.5363238039581506,-0.5131697453860212,-0.4409410695441329,-0.6097790287774457,-1.1203520904379674,0.6036463230341019,0.3296822922218485,2.574883855996844,2.6750778820921517,1.741863300111921
2009-03-18,-0.3357003439328483,-0.47993160587515465,1.6083398928030754,0.13126001582401683,-0.9167612791667887,-0.4083674067294544,1.5337974380199995,-0.241919737102239,0.2707487945568693,-0.42280023485796986,-0.6170644732803455,-1.1776373894279342,-0.14906286551077777,0.15996898988202585,0.8756584995079488,0.07672462306365142,-0.483221071502813,1.741863300111921,2.2663102269416164
2009-03-19,0.9928441449619542,-0.37926625752552506,1.5072346404004326,0.07471840045753429,-0.5879554231316464,-0.26750358351765563,1.800818157674272,0.6786595279820097,0.5102984469606663,-0.08723762668524196,0.17565363408711374,-1.0396389939404709,1.4881802929926489,0.1904987954385551,1.1068567862683434,0.12914807352112986,1.2607389258167203,2.2663102269416164,1.952566385023669
2009-03-20,-0.795182156425443,-0.28565854295530657,0.08754614085424944,0.019751438623034256,-0.16198828528446754,-0.3543221279854062,-1.5505150311851426,-0.8483646986641584,0.41484634049784724,-0.06586379804417063,-0.42028494245496884,-0.4862492129858633,0.3903569819347432,-0.644499175081695,1.078608189167745,0.28336650242268147,-0.2977000830074061,1.952566385023669,2.8807166631931147
2009-03-21,-0.022338835352701925,-0.1803215299793875,-0.13622130094776624,-0.01551289894353887,0.10130250615845966,0.5747512990758312,-1.5317467162394065,0.6701637077117513,1.2474447130200297,-1.2244826138825,-0.11074999706382573,-0.26974192586312185,-0.45944648056278525,0.9384737201470003,1.1766991528176602,0.6054881129925389,2.9926990553139032,2.8807166631931147,1.7248074405291407
2009-03-22,0.9330651883318792,-0.11601664399355617,0.37529200000953783,-0.04063647431832247,0.30934705210027724,1.1388871886817866,1.181165704970987,-0.3307520077435398,1.2951889754192911,-1.7001173149140871,-0.8638384654236047,-1.1605231936827005,0.3733673420962243,0.8476844332241075,1.7095722004883391,0.9665301238490818,-2.999873078976716,1.7248074405291407,2.9376269033726787
2009-03-23,-1.5652310598918107,-0.04741620636511347,-0.006605032521180492,-0.0999899550806563,0.5357189252746505,0.10425269730839601,0.09109657739268136,0.013161357285399345,0.8234422831748103,-1.146085110587154,-0.9560987729969949,-0.7921156115163978,1.1953464422732092,-0.8264709827365487,1.691764917869375,1.0757781826974018,3.275468589208724,2.9376269033726787,2.9962786813924924
2009-03-24,1.0003945358052841,-0.05396971241242633,-0.43588909190007447,-0.09670198472743301,0.6623965841137465,-1.2568821191576705,-0.46726134306731637,0.08445254861265895,0.23901646278471583,-1.078136794757782,-0.3476795110058385,-0.2576594867539487,0.6474006889743734,1.1147572157461034,1.1759756444124385,1.2207492489554213,-2.0782427265045404,2.9962786813924924,2.512444905691402
2009-03-25,0.16212451719632853,-0.12266554940643702,-1.681012451149427,-0.04899962365728888,0.7581603429826231,-0.7539574123923892,0.9243957974253356,0.07113592552816736,0.32645348111793693,-1.3904690004918308,0.35050379397767967,-0.013835726009120048,0.9369511996273758,1.3760484538918367,0.8995236803485761,1.317338865285078,-2.4406404079940796,2.512444905691402,1.890547321927105
2009-03-26,-0.42293470547973155,-0.16301256366427438,-1.4349679154025905,-0.03695962667472563,0.8652986448307043,0.471507071441172,-0.33331176064370505,-0.35316174342331375,-0.04758395682312615,-0.8337961621096276,-0.6533786410451495,-0.3445950483636052,0.036987814602890995,-0.4563314692428514,0.9264127948282975,1.3858025023358873,-1.1021191859301218,1.890547321927105,2.469838002926094
2009-03-27,-0.7286404138687285,-0.16464577116824197,0.01938085658990023,-0.022150934675100882,0.9482047935108258,0.676936127561441,-0.6121707905733079,0.6760170262000497,-0.029897410650715123,0.9766751648739691,-0.635638404212515,-0.3703226876975219,-0.37401142169643453,-0.9203962265819811,0.6859046716676989,1.4367044690537008,0.8910499643425156,2.469838002926094,2.1173711481938096
2009-03-28,0.8952680084668141,-0.15603387391435797,0.19428909830911545,0.23119949053004704,0.05977929435186157,0.45043720093060274,0.49187550636359706,-0.8232595540557228,-0.6894498295316701,1.5612545206453592,-0.09779424888406009,1.0188445987242216,-0.3171012162836294,-0.17497634115787086,-0.003654972987796362,1.4008817604470447,-0.5022431825803029,2.1173711481938096,1.9385508058777354
2009-03-29,-0.5413229103209148,-0.04851619644020161,-0.37467714929695206,0.16576578777839468,0.20034590984057468,-0.3690569776071938,-0.31001473544628244,0.4906709742746861,-1.0058076834427283,1.8164222106332577,0.2887609627891969,1.6625424879320945,-0.3506935913296148,-1.8407037116691278,-0.030905277938528316,1.3811949543019522,-0.5718430890121644,1.9385508058777354,1.9249815815210956
2009-03-30,-0.34626596922799363,-0.0180421306276711,0.12560558437948824,0.16998372934804554,0.44254697163741474,-1.2025145024246975,0.3546225238127031,-0.1275695461916356,-0.3166354515402893,0.5074816552053483,0.7430359334978385,1.0688993604809942,-0.7127259647566162,-0.8565088029334161,2.0300786279923053,1.5300138943404968,-0.5571052145900898,1.9249815815210956,2.2787093519114343
2009-03-31,0.6375915615138,0.5087656536689966,1.1843828954424587,0.07004655944441214,0.6244844942800765,-1.02518009294172,-0.4460844085349842,-0.1805968992616206,0.2545426849147802,0.07568464693950513,0.09878285587853747,0.38819498807728453,-0.07766128334131307,-0.2755762570108837,0.11849681610461818,1.5431104178378743,-0.23225953448764664,2.2787093519114343,1.1776822205780917
2009-04-01,-0.37479403060683275,0.955260946890281,0.33028207680838073,-0.04528678344932993,0.7335076476021292,0.6971690121159865,0.14011286719937974,0.4438580423078186,0.5477680998559936,0.7849116832549359,0.09605366944518706,1.5705740529536414,0.15799543248510226,-1.3060844689146007,0.2604648073628964,1.5278000540613745,-0.9022968073504256,1.1776822205780917,1.8107459944627846
2009-04-02,0.11427335359976419,1.358114206009918,-1.177218416221556,-0.19215149999097195,0.8222195203306334,1.6825292883568577,0.8850088658011264,-0.19240733541339158,0.7525818472060637,1.423605276884663,1.5396847198042989,1.1316305518143965,0.038312880296412645,-1.494461774644902,1.335734174821149,1.6459524988265266,0.7487200307198121,1.8107459944627846,2.548085316689581
2009-04-03,0.09202349911325258,1.72777020391195,-0.711697273929172,-0.3358520462262128,0.847358253010637,0.6496277517955332,0.037461291966200815,-0.3429920266099593,0.8851212788975172,2.4109713720542616,1.410494507204219,0.923110392346017,-0.29888399665010956,-0.5057366379280122,0.4526577606159531,1.614212536991705,1.9975795612111256,2.548085316689581,1.9976273468904975
2009-04-04,-0.5792916855542474,1.9613104285872194,0.31604728066438315,-0.5551338753689177,0.8608612751180909,-1.5303164283330999,-1.5579247843115742,0.6302060734934115,1.050215922489537,1.2371444393746658,0.2342063604469008,1.2248275384958005,0.024087260995383157,-0.5177261552923914,-0.5025767795442228,1.251424341928961,-0.5874474868125554,1.9976273468904975,1.1490705011741589
2009-04-05,0.07611496247025552,1.9055779581999892,1.713805574451339,-0.7786633912835428,0.8776448718198778,-1.4941601513589842,-0.6520074645477422,-0.4848649944307492,1.3487655510087573,-0.44890637365510166,0.8506892630439836,0.749836824549885,1.6665529779283348,-0.5373215359901721,-1.3203669062117036,0.8900487449692573,-0.6624467770202913,1.1490705011741589,0.5060813456863484
2009-04-06,0.9676880914861994,1.3211675051883882,1.413340864692205,-0.9653564608764587,0.8173340034847222,0.23198040936863498,0.7058130112669486,-0.09606397277233576,0.6096894311512719,0.17966186781972018,-0.2078465590304817,0.09587881019906136,0.9063428835569897,-0.33302475703473394,-1.4593600818953838,0.453054218182361,-0.9753967976094682,0.5060813456863484,-0.029500269477714825
2009-04-07,-1.1829287612040311,0.3855442983220207,0.16146990736814032,-1.087315595460633,0.7036109745306215,1.8947203361115228,1.060277491208316,0.7506379212857724,0.5293878212697488,-0.1079778232078922,-0.615774332031826,0.237063535741846,-0.3127484948250809,-1.8837005203361117,-1.3369781185089176,0.14303346781108772,-1.0533903039289232,-0.029500269477714825,-0.21804690298921922
2009-04-08,0.6386339780633012,-0.6057687605112582,-1.0815232742837275,-1.062135467568486,0.5415974248134222,0.5186180206911011,-0.04547064998027321,-1.2271171149696114,1.1630074533801817,-1.3023712680629054,-0.1861612543917519,-0.0393048159710441,-1.7589533226258276,-1.1962536973182392,-0.7056363047429982,-0.13662996425023297,-0.47932238634451013,-0.21804690298921922,0.17820252483361984
2009-04-09,0.826054986718883,-1.3438061980812783,-0.3075049885020689,-1.0512902961334796,0.39550804967900943,-0.7866392062692162,-1.2092806295055452,1.3120489996717064,2.1675788814949537,-0.9846374031317578,-0.23453942717904208,-1.0964437832070544,-0.8971913448361798,-0.49591770189137985,-0.24269788664171718,-0.26290318062457807,0.9019225019305379,0.17820252483361984,0.8178813333583458
2009-04-10,-0.5742047985104191,-1.9670397222363565,-0.47114636089234496,-1.003472762500041,0.15174113368398634,-0.5339898689969977,-0.052596582377824934,-0.7983009680051898,1.5892443487813483,0.051855788088105176,-1.1120222465868497,-0.918192522193443,0.19745538466470564,-0.7720045923844386,0.396732137270616,-0.19488326336995665,1.473303261771241,0.8178813333583458,0.5348212759741011
2009-04-11,-0.38338599651415467,-2.4260110297583037,-0.7325679395473975,-0.9567110052642499,-0.03537785001612594,0.3013814305769657,0.6619020594709625,-0.05282924859301941,-0.4663266932270546,0.1567631425018517,-1.6861530022246565,-0.7676893206870715,-0.4818894473698027,-0.4775092398213982,0.33149886499721015,-0.12274074996776864,-0.82143363996903,0.5348212759741011,0.41268414592186903
2009-04-12,0.9029235449274364,-2.538197690225763,-0.7602097939449288,-0.9017790305156098,-0.21876235051518206,0.24778746491958703,0.08458911190481391,0.814868131799025,-0.9087134559066644,-0.31614549973281053,-1.5934878309948446,-0.2257479510111767,-0.8573066292044539,-0.3772199725721485,1.2216707186515283,-0.16059973955982335,-0.08022903195300911,0.41268414592186903,1.8843555279347326
2009-04-13,-0.3825106546952899,-1.3197542564209657,0.14193581286112267,-0.8617814460109143,-0.35929691880295245,-0.07306697151145478,-0.006334455440532918,-1.1976804534826184,-0.06553358402979169,-0.1095506939641397,-0.7925731721884589,-0.3232348277681052,0.12999274837860153,0.5265863367977278,0.3510051630564021,-0.125522648877287,1.8976835985982083,1.8843555279347326,0.78888339359933
2009-04-14,-0.0450553219859137,0.20889554574189514,0.5039227099658834,-0.8958805472225877,-0.46256098174211197,-0.043021790777189185,-0.5493489015073271,1.1499772789393177,-0.08902631145274578,0.8418772388395035,-0.4261409071365317,0.5142175688774735,0.40625664986802157,-0.645514595005551,-0.8313708346064698,-0.31104545254991217,-2.492201099364654,0.78888339359933,0.1906747516996878
2009-04-15,-0.3315709490552087,0.9245579940030085,0.10938064859470768,-0.80677847055354,-0.5987938903459216,0.06614806377773486,0.28035274557888684,-0.6446316088403549,-0.6892426048607743,0.8030277382850299,0.5328204996088077,0.19453307618744253,0.8735384247597432,-1.0921036855680517,-1.062233477471942,-0.6701698644257467,-1.0145283425863068,0.1906747516996878,0.036795825353411124
2009-04-16,1.1394778909577055,1.1802021994561298,0.2324063802289064,-0.706471089492264,-0.6977269052584922,-0.0009580788781068506,0.40726033599404576,-0.03880028808473494,-0.8190677504583257,0.6328220589039378,0.18962854405444363,0.06625643019688245,-0.44340986844717784,-0.7215755827159231,-1.2265274931319599,-0.9023102168044174,-0.3219728420035677,0.036795825353411124,1.0700570827099223
2009-04-17,-1.5136847012344878,1.1980143207303613,-0.1750576445789371,-0.5957053926558822,-0.7682988463655478,-0.036328679660226765,-0.40015213868283533,0.26103157680558103,-0.4801327112080054,-0.2854967895353923,-0.5087404315604802,0.20744951698085168,-0.9017980609015026,-1.2382934958368523,-1.576442848517743,-1.0422195898539033,1.258015528216374,1.0700570827099223,0.7990080730128697
2009-04-18,0.9246693974956087,0.9581100827453484,-0.9376491552727584,-0.465345457722538,-0.8416987084012032,-0.4896964837976609,-0.06657538541181945,0.31362691555200967,0.2302642487650154,-0.7043594078822177,-0.3087424633825203,-0.14956356602317394,0.17500265573720192,-0.4563661270228013,-0.34558804584434194,-0.9127736429924564,-0.4623830576683459,0.7990080730128697,0.5094763371064618
2009-04-19,0.02385822719558844,0.11237941131671683,-0.264354825390712,-0.32455512671203557,-0.8590713617093513,-0.34567003910218563,-0.580138356431717,-0.9585392150967584,0.4382108742142708,-0.6718351994708601,-0.2744935582422099,-1.4461266191687507,1.2317113141547371,-0.4369211302997998,-0.4937514051564469,-0.7626289869133135,-0.36523147113800564,0.5094763371064618,0.5404340960859417
2009-04-20,-0.8150695108052326,-1.4736363501595648,-0.0066707806020963765,-0.1661672395106114,-0.8416328029100202,0.7185564823586361,1.150405652229206,1.4362071584359635,-0.03710591861372365,0.25052604245624666,-1.3878613952940935,-1.8070886084019624,0.6384108229009484,0.06948389817039777,-1.2480601641723734,-0.766977164358555,0.021782972813458472,0.5404340960859417,-0.23727804794972954
2009-04-21,0.5798361868675975,-1.6983096186742082,-0.14199079782706917,-0.030256344185557574,-0.7948230713086863,0.9207081338747568,0.7622302976372649,-1.7874839947110466,-1.2269382516040939,0.5736687855978834,-1.3497272673931904,-1.6086538788737044,0.7031281871898236,1.1387871725873475,-0.35365762359273956,-0.7266826868034998,-1.3007691762258573,-0.23727804794972954,0.8658603572010021
2009-04-22,-0.45548711313914736,-1.441591742647817,0.5439180883146918,0.1633927022428144,-0.7298777777958092,-0.4961346901312827,-1.384719510140963,1.489117749115524,-1.3811733440373741,-0.1194117933358354,-1.0391678475398363,-1.1647330674692706,0.4140033670952037,1.4408888261871242,1.472426820828665,-0.5612819920234484,1.4618915614180372,0.8658603572010021,0.4234501716428212
2009-04-23,0.39293438468264436,-1.1147745444600046,-0.19176030557485316,0.372387577348007,-0.6508127567324926,-1.2626985710844099,0.15099516152829626,-0.38398604880603854,-1.1576305060498622,-0.9553178110097998,0.004150399730623434,0.06549143883627619,-1.7251232051385028,1.4821225037867443,-0.2877471007104507,-0.70586760834288,-0.5928273993910851,0.4234501716428212,-0.2724213249447101
2009-04-24,-0.03097585161925307,-0.6932271232131197,-0.510656461090293,0.6100731716335426,-0.625852732173115,-0.14663296691653355,0.8755278485376763,-0.4292477115139107,-1.017929694779312,-1.0969907990817276,0.16622280005008927,0.2077686209187696,-1.124158482218216,-1.2287046677869025,-0.4124970018365975,-0.946271478283606,-0.8519269526002616,-0.2724213249447101,0.8199425442163085
2009-04-25,-0.6648766184194977,-0.1295176687894986,0.598766219626004,0.8339833461206196,-0.5207795363819678,1.094664426532904,0.259692225566469,0.939135191126352,-0.7794045222725029,-0.9979835356983563,0.12925209339477003,-0.26881024155867544,-0.528373279548429,-1.2390447487250533,-0.1280290887270143,-1.2396025356021765,1.8712303786154156,0.8199425442163085,-0.27538463324864465
2009-04-26,0.26978509598346595,0.7057180643783784,1.0058935212752047,0.9992008449204589,-0.44745885748604813,0.3751750177997971,-0.8407984880230864,-1.3169725220820692,-1.0762222142063824,-0.829171076050827,-0.7514844656190179,-1.1583452872422948,-0.8060078586464827,-0.9774881724777555,-0.8624374908191095,-1.370053679803493,-1.5678636765438214,-0.27538463324864465,-0.20599341103002444
2009-04-27,1.4108618227337257,1.620355773457901,0.7079360054558126,1.094689787408408,-0.2979931401448723,0.45613394457805445,-0.02997021659579652,1.5827292830324358,-1.8098061490031847,-0.8981299791533336,-1.0929515137640067,-1.4310390679857279,-1.0636876984374208,-1.3643752985238082,-0.8170094616456189,-1.3128191409994057,-0.03772899584995822,-0.20599341103002444,-0.8390561805305171
2009-04-28,-2.0477044958558577,1.9623239098853715,1.397580017370646,1.241055766245273,-0.13812748849932008,0.4139263485607286,0.09530480391393831,-1.0590973680949531,-2.3768376732833043,-1.055199421073201,-1.1160750730675817,-1.4874122298216341,-0.9625159540905041,-0.9569920632249009,-1.3612697103059734,-1.21881434102582,-0.7270469075476519,-0.8390561805305171,-1.0072275709939233
2009-04-29,1.6786764364003024,1.6381029601817791,0.9674657412407797,1.4806279416714656,1.6480019651262785,-0.8599265445210322,-0.5858693121785186,0.40713893989585437,-1.888901367520228,-0.7768842819040408,-1.5434337638001085,-1.6729147239779236,-0.8376724275017903,-0.20498506061777627,-0.2954829466493645,-1.0224928321997742,-0.06636582973101694,-1.0072275709939233,0.3383023686339246
2009-04-30,-0.9721034651353911,1.12205567275515,-1.1129768584292115,1.563128424448244,2.0046839540154044,-1.6155587596684107,1.5533060398199,-0.39510839974910045,-0.8095382398963189,-0.7740907064344527,-0.499749361311945,-0.9849364607143455,-0.5713269285286114,-1.1282639855973897,1.6724289772305336,-0.6354556903600957,1.7123228098778742,0.3383023686339246,1.6866343009651
2009-05-01,-0.2095669274625043,0.4047860312131896,-2.0864038766609014,1.62321658234449,2.3208039110209238,0.6249509737623666,0.1844278364447644,0.7953949087652045,-0.11196499348922528,-0.9016069684693668,-0.1916387896422242,0.04836219564287554,-0.6468838539680593,-0.32801050349852423,3.461995457252528,0.26427172099179574,1.6314467226058353,1.6866343009651,0.07658493670140468
2009-05-02,1.522744992525762,-0.23396524863258136,-1.2922479848867818,1.594198328127183,2.5094043825268137,1.5342124945564684,-1.3905315313288202,-1.3309588663281289,-0.22143404233537833,-1.0244029550403775,-0.1902525458500203,-1.7510780935492378,-0.5341976900835145,-0.7012285482364897,0.38064763827383663,0.4344430563230776,-2.2126729860837875,0.07658493670140468,0.6738467495954464
2009-05-03,-1.07359240222581,-0.7727872291195531,-0.1514499033984723,1.5051206101792325,2.616899294879895,0.3190888179365181,0.4335155366176124,1.5090642400876724,0.11990778286991967,-0.5839143929363281,-1.597960087636049,0.8520042558205957,-0.862367653399313,-0.11283052059510401,0.15334288167265017,0.667964307005106,1.2762156600068026,0.6738467495954464,1.2179077792350876
2009-05-04,-0.06685443685861533,-0.9136150958429654,0.3345290534871882,1.3831500201289606,2.659628678434818,-1.0224565571591402,0.921594917038571,-1.388132461717077,0.45168293619150246,-0.10484377570466072,-0.1854562478521458,1.4029751222227425,0.5573804966934576,-0.08821059684330121,0.5704489546234366,0.9090352771494064,0.9297535625033914,1.2179077792350876,2.774775415385247
2009-05-05,0.48451708643081837,-0.7714211330889555,0.2900999274983497,1.2329554602917607,2.5887968566245467,-1.125469496124468,-0.601979326603504,0.8452423308574161,0.5437311036843375,-0.6209736702559467,0.9259816843200802,0.9596462878913381,1.4089831010437501,-0.6228730580678389,1.3629921658496136,0.8974031610446693,1.6348106595767575,2.774775415385247,1.1643264501494082
2009-05-06,-0.5573750423996046,-0.5236049317689262,-0.10658663589868149,1.071779070391792,2.5600032917577984,0.15797918493090377,-0.6153973001884742,0.06741797712828325,0.3636394806536837,-0.10195897765298363,-0.3898523084158246,0.31233335713775046,1.1528755411176048,0.39894807293658097,-0.3452910161932883,0.8100623178480788,-2.051155182015767,1.1643264501494082,0.8818009638610192
2009-05-07,1.2715259565734107,-0.23092707713106234,0.3946387076825035,0.8429578540853495,2.413516327623589,1.248162992792969,0.4525281267827309,-0.6437238546886527,-0.05942123016215387,1.1754236802824778,-0.25220946807773686,-0.05867212568605245,0.3879285419521912,-0.5483927631056071,0.020867875638229946,0.8868314075608849,-0.255675547116105,0.8818009638610192,1.5327335864113771
2009-05-08,-1.628471809519229,0.12005204706353183,0.8205269240131025,0.6623543059209833,2.2911744884551664,1.2977806197677686,-1.427905184734243,0.7937042133288413,-0.5657548907295296,1.7301259309564114,-1.0989247354781153,0.9443447224393834,-0.6367755844843253,-1.234040764644826,-0.3208140587337278,0.8297363878950426,0.6711230644128467,1.5327335864113771,0.4015123096975516
2009-05-09,0.6860735309979294,0.46409982976800424,0.4628705250064067,0.3660172829818831,2.099106153876383,-0.9244485469195568,1.0770148392683874,-0.7936439309216352,-0.7730610344865417,0.6010554666243988,-0.33506584157167457,0.34811545599389754,-1.698653644399696,-0.7892705825455738,-0.3003614244169841,0.9492312192919363,-2.059427826664596,0.4015123096975516,0.5897568529425599
2009-05-10,1.7147917511922077,0.6192788842970232,0.9938897034463148,0.18390404025291046,1.9297064951918506,-2.0350535303623567,1.3003817164277987,0.8539620211251747,-0.9367448115306042,-0.020170613796679712,-0.3042509824021212,-0.356329955342392,-1.1118704602817515,-0.5804474119862408,-1.0560766139478763,0.8052529035501403,0.23966072611046657,0.5897568529425599,-0.2664448702188687
2009-05-11,-2.9044199447622927,0.6014589261397648,1.1187648748432366,-0.0019368693021140696,1.6879903085400547,-0.3628269237227914,-1.496321773221441,-1.0667480888849747,-1.016444764506265,-0.35730117796755945,-0.7750990753202518,-0.15811921407358348,-0.23920268541248088,-0.7736209934766757,-0.8818519743811073,0.8967907452364741,-1.0661940066217133,-0.2664448702188687,-0.37393085007690413
2009-05-12,2.2527523549776816,0.5605439999488672,0.19371480971256788,-0.18282830220420768,1.3516755874480688,1.8527686000004813,-0.4455991316562926,1.3546889474819275,-0.4289761201571637,-0.1454508129643688,-0.29104797465095666,0.1349616747797369,-0.9360838361689072,-0.57776623640523,0.19028955180938423,0.969142366995133,-0.19120356871206035,-0.37393085007690413,-0.10130072219423797
2009-05-13,-0.32785552606004675,0.5680012459707273,-0.8028582517794074,-0.39297710007453734,0.9494994423508811,1.488649021003505,0.08726241691586961,-1.59547612974175,0.14025257415180697,-0.62901411561026,0.12059007717590545,0.6962916891403163,-0.7009285313259102,-0.6627602145704447,-0.3197576007570607,0.7358192447876685,0.5508045247886948,-0.10130072219423797,0.26198444704275026
2009-05-14,-0.48951110453435664,0.5559503903179265,-1.3276041997581074,-0.6242963048005615,0.45902285005477894,-2.1597869098974645,0.9459605174280168,1.6767262980888527,0.49451941312311093,0.011041525081481832,0.061597674284380635,0.2704728815740115,-0.4359353229009606,-0.39149313202062136,-0.2883306322337341,-0.04301988024888498,0.9923866170650565,0.26198444704275026,-0.4299124089397206
2009-05-15,0.1349916634280722,0.7436523228377576,-0.3010804533729685,-0.7779362673786343,-0.06789523993580171,-1.718478313788918,0.4265792268073131,-1.3477544294799018,0.27928616017638597,-0.06581457203361697,0.4958556510287544,-0.40603939019989027,-0.38824757862805065,-0.6953561859230099,-1.3661892233742725,-0.21644711081534002,-1.1077523659510584,-0.4299124089397206,0.07220437974515921
2009-05-16,0.2978784671982087,0.952292010184794,0.14416120506747745,-1.0180773346600542,-0.6624832130544931,1.6543145096738014,-0.41092997626207384,0.05858071412765742,-0.07881730211873182,-0.19896477222524286,-0.3719867901798684,-0.5560209554393558,-0.14639470580217073,-1.016486412656462,-0.6247724106264971,-0.3412044268570721,0.9055928372187215,0.07220437974515921,0.274475861410029
2009-05-17,-1.1891716883068302,0.9516751387086495,-0.43061156523095173,-1.266879300456673,-1.1910789335471463,2.0134265506209528,-0.4201931248169415,1.6975179610878532,-0.1450244725552208,-0.16090131827866955,-0.39587741633620166,-0.042067327152981907,-0.3864335697835369,-1.3430998738554973,-0.9611872773998547,-0.6795658488549202,0.42996285993327193,0.274475861410029,1.293579555380973
2009-05-18,0.7762638968072854,0.5728924677333735,-0.5085070135765141,-1.455891050377941,-1.5937682334329215,-1.0297884902272834,-1.793918522394338,-1.9382856261168488,-0.1502288461038409,0.5920101061360843,-0.675548315753272,-0.30090179370562625,-1.1509231637261559,-0.9418279032492166,-0.2898253594728407,-1.1698012279170864,1.350978460593768,1.293579555380973,0.10542724718680917
2009-05-19,-0.03969472375371938,0.08632169405188886,-0.20455164391185318,-1.6443956448301922,-1.9730908152348219,-2.251418796333819,1.1795739050093796,1.4977158882505832,0.11260854125572672,0.7615637312922767,-0.5386941669265634,-0.1261595589581692,-1.2415235865027614,-0.4490453712260431,-1.1331029326576112,-1.5232437692072667,-1.7346799828564936,0.10542724718680917,-0.6046351503211631
2009-05-20,-0.3995327524510578,-0.4439653675928368,0.538136147282524,-1.6728455130670192,-2.410465012347595,0.5722673622356426,2.1397023263456587,-0.8513644951877954,0.5270830588043401,0.38733137928636785,-0.49926986407625007,-0.21758477904546594,-0.8087411161388331,0.26078468633041035,-1.0516416109125495,-1.743742667838404,-0.9514747163699726,-0.6046351503211631,-0.4726760674502818
2009-05-21,-0.7301461240696452,-1.0052401027185598,0.6747052592612018,-1.684333793549398,-2.508324537749379,2.4382284786959847,-0.732215424993948,0.2679756927077219,0.511229682758451,0.7627786718900639,-0.666104205464626,-0.9034759004597492,-0.8355701925458037,1.2344384024470358,-0.3816598600959162,-1.6965771391840356,0.0030694503395459396,-0.4726760674502818,-0.25702051963558353
2009-05-22,1.5717205704561727,-1.6043111610104035,0.3770971685498217,-1.595379945053714,-2.549982324162079,0.20138064364450997,-1.7717612225456023,-0.0028640050200053756,0.11113940526693522,0.2979143208390748,-1.4781364253396723,-1.3926399065429484,-1.2933805341748277,1.1963522759974339,0.06834087385626908,-1.5572362082756135,0.29523010273229044,-0.25702051963558353,-0.6385067004915496
2009-05-23,-0.602235527940941,-2.106665611128341,0.6343860705004292,-1.3939342537087063,-2.558068468208441,-1.9575091201348616,-0.11427440878914329,0.018980435852479917,0.1918316423476966,0.25844155144229847,-1.562456053708837,-0.008683799832699202,-0.2990407354660898,0.06393619972848216,-0.7173224592954565,-1.2449492506984623,-0.43372350221414785,-0.6385067004915496,-0.847344067513195
2009-05-24,-1.4742305296637481,-2.2835422030483996,-0.6195460240625872,-1.1852452930739625,-2.533796794182562,-1.387103518923089,1.1704852139502506,-0.150384938266854,0.025826939124378778,0.38264336213393746,-0.5044417356817686,-0.25048020736975196,0.7339639557921623,-0.12207122320781626,-1.0287267696838218,-1.2047752461073769,-0.46731503083506604,-0.847344067513195,-0.6701649945150764
2009-05-25,0.8273156956179203,-2.0668207837299337,-0.972960400947004,-0.971897602025251,-2.4850950951386923,1.1462670556235854,-0.9337359327885228,0.15389491046260606,-0.09024805335975115,0.698562104567684,0.12879384979528946,-0.5757889943671504,0.17146428469516015,0.1010165348353965,-1.6748818765289062,-1.3809623306072207,0.6043448653458234,-0.6701649945150764,-0.3628964836221073
2009-05-26,-0.06929374407898163,-1.3757917587713686,-0.2699939717871285,-0.7975860227861976,-2.4505620275304776,0.9929556651634917,0.6091037179597905,0.16109933104600183,-0.08213138829098865,0.6843021990013097,0.21652959230872626,-0.6250128290357947,0.11976861068501744,0.44810495391206995,-0.8739917201128394,-1.5981210407746307,0.2742672930155109,-0.3628964836221073,-1.0886650333296644
2009-05-27,-0.19647826837201998,-0.3694169464812329,0.649936632832308,-0.6095753201886198,-2.3528720768825084,0.07141188317558878,1.8949671575576232,-0.8093387463615049,-0.4589184301254439,0.5052207486596971,0.07733762908911333,-0.5449901065654391,0.1950420731304095,0.5262250893707031,-0.5335858452467132,-1.7211609496676303,-0.7619231681930777,-1.0886650333296644,-0.7359577538536467
2009-05-28,-0.45034676908617577,0.9470827131919535,1.6476676266189763,-0.428056287697848,-2.311564905494345,-0.2131904262994802,-1.4555994385298106,1.4149880642132873,-0.6433932803805595,0.5699537619525037,-0.5993849667628651,-0.20139031989904166,0.4318536103124674,-0.5451115306569314,-1.0443290555335922,-1.6554470200179263,-0.0325138135933126,-0.7359577538536467,-0.7811356765204045
2009-05-29,0.3983616777437373,1.9955468641532024,0.5991765165282049,-0.22709709428675742,-2.0160400104843825,-0.33180919694204575,-0.9018927424371105,-1.550803704480956,-0.6569463616328253,0.15880814271263566,-1.312289689868746,0.16007702121896136,-0.8849842715443391,-1.5569239566727082,-1.2125212037493591,-1.7407649370208107,0.1333616170900988,-0.7811356765204045,-0.821058764460265
2009-05-30,0.42488020132894694,2.1164052330419714,-0.30975833684662135,-0.0609517217692078,-1.7218485828099108,-0.7664340778179526,0.08626838957494737,1.1644921621403062,-0.4642349729460795,0.26439768512808176,0.3723182086381129,0.28200255967424276,-0.7831820142760619,-1.1055655977017012,-0.5313285741446597,-1.7180396963325186,0.05391106414513624,-0.821058764460265,-0.9540495004469355
2009-05-31,-1.1263997530412635,1.9132395064948884,-0.3651622316483107,-0.7372818430745325,-1.0055476800960557,-0.3424345107891893,-0.23589461988437538,-0.37828724629652205,-0.30142571822685155,-0.6915397080551623,0.36825908989978773,-0.09249234275728013,-0.5663416208097626,-1.0297345029798581,-1.6192231426796047,-1.7287009639506605,-0.3968821743343975,-0.9540495004469355,-0.829983455576292
2009-06-01,0.4786855544467385,1.6327932823682312,-0.9815790662200592,-0.6787437750517809,-0.7491069855668561,0.14574659194760486,1.3845363842342457,0.028454460468203685,-0.05217846353211298,-1.5441225013321755,0.032513327220106365,-0.23694893421462407,-0.6796791731417048,-0.811541887094751,-1.3520636354663726,-1.7676307140704235,0.5180356211802708,-0.829983455576292,-1.246488978283357
2009-06-02,0.7092543353215097,1.3368010087956108,-0.42245260589942213,-0.5385560208479881,-0.38088898259529785,0.7016777514666698,2.625114281741232,0.2887669925572123,-0.0217683624049049,-1.9429767034061793,-0.642664686337748,-0.08399733359475063,-0.5135526052478813,-1.1706684514794101,-1.9892222385412268,-1.8370501277157554,-0.8946429168570741,-1.246488978283357,-1.689408127196486
2009-06-03,-0.3673153129117144,1.510658098656906,1.1144452887019607,-0.4884400555454249,-0.10577961102633153,0.8413596028115896,-0.6067171748942197,-0.5814879646261553,-0.3504982344568177,-1.454093890363773,-1.769137398145797,-0.7692829228775732,-0.24387852460178383,-1.6216870094679334,-1.7167195599215233,-1.9661403089374068,0.10889510621860338,-1.689408127196486,-1.5795961159497287
2009-06-04,-0.807801832888776,1.6990067353009335,1.9245624934223415,-0.3786619507545384,0.20624678314316514,-0.8164822138190133,-2.2043355527935904,0.7754178328792831,-0.7840044858302595,-0.8429547191317993,-1.930480175123826,-0.9135336012762502,-0.19813856933355614,-0.2821043105275852,-1.4687589610038005,-2.135640759825949,-0.5786902067118972,-1.5795961159497287,-1.7408867106282397
2009-06-05,0.9645092631536923,1.5849230248012962,-0.3261396011252832,-0.2461019067039964,0.5146456535134905,-1.8223567349483183,-1.1711980954110084,-0.9276673019528849,-0.9433046610777347,-0.2276432006044324,-1.1399138610484572,-0.48319505079478414,-1.0553383540626962,0.02599696657232676,0.8069761769303069,-2.0061044703822124,0.6135733444678385,-1.7408867106282397,-1.1063719137180996
2009-06-06,0.22732642301235023,1.1794134574771036,-1.899246814745789,-0.09165295255677768,0.9674184727394552,-0.3393415150363456,1.0712194054530668,1.1568524963611795,-0.4548179927777779,0.2885084646518289,0.9930336963050393,0.8382632695114958,-1.4619888162970547,1.4173328801582559,2.3784620890817285,-1.4472452464270198,-0.23152908272199216,-1.1063719137180996,-0.5719644758369715
2009-06-07,-0.919215998637166,0.6328408068922053,-1.4770588763618704,0.07356344886743768,1.2773527943811869,1.6903089650642997,1.9155040810883133,-1.3237429251053894,-0.133417236423886,-0.24515141606984728,0.8545482044339694,1.017258930773949,-1.9264363308083434,0.8822423513467085,0.29319217566101907,-1.2199260860032006,1.0079492264663117,-0.5719644758369715,0.017595757452111904
2009-06-08,-0.7027708952327497,0.11391111855866962,-1.7536749240623604,0.26727509948811534,1.562103243964903,1.5787540128889426,-0.08590033405991472,0.8287853556294178,-0.17201176992376999,-0.5917873141193914,-0.5665339455714568,-0.39724239242654114,0.06684572936071397,0.008166991359450667,2.4930229655525773,-0.7801613332854285,1.0636391095844193,0.017595757452111904,-0.22290009202563457
2009-06-09,2.1049491688136475,-0.26003241073175665,-0.07366390807153984,0.4560151882897856,1.7906570138242337,-0.0791167781897052,-1.7406055127336515,-0.015932116424024652,-0.12857911560020435,-0.4354035547462924,-1.3757961206544478,-0.19206365564522426,1.6893706626555052,-0.1419104286420006,0.5717346077712545,-0.6687365175799943,-0.3226723517877565,-0.22290009202563457,-0.4819188835802917
2009-06-10,-1.700663796851817,-0.6034663091976791,1.8978138097267792,0.7010187462843096,1.8758898548002554,-1.4947910357149645,-0.7672618677565111,-0.5373474841102257,-0.1697951345000981,0.2449447831926368,-2.2555234773287536,-1.0455125186438385,3.2898295382508858,-0.20639700724863025,0.041679393453262076,-0.49779344275435494,-0.5534878970101118,-0.4819188835802917,0.41389338381171353
2009-06-11,-0.3758930190534779,-0.8517055353010952,0.8711650004191215,0.9051056291912243,2.04328618891996,-1.9862479064628529,0.08119155510901725,0.7209295158808536,0.3793788561239663,0.4784971598854526,-1.3654184652361525,-0.7583305381018915,2.4207790545253656,-1.3829936684295177,0.9022082193583728,-0.06265699577749638,2.625113111295138,0.41389338381171353,0.8899681036878995
2009-06-12,1.0855753264121706,-1.0362093448756025,1.0845461678594546,1.0631166043271048,2.138731638712235,0.33583523261970605,1.0045259420018497,-0.5102815431089393,1.329980735522037,1.1023467077227764,0.15643471575914536,1.1770563591428294,0.19099291222975623,-1.7298373203714446,-0.2056605189524054,0.008865819591394047,0.9741428861716513,0.8899681036878995,0.28017936929978776
2009-06-13,0.03673162910614889,-1.0040193698812938,0.6559076683283028,1.1989896574063061,2.1735641531693766,2.0536347800402637,0.24859885276918206,-0.036426507224830706,0.8903961895007966,1.0551819828497297,-0.029539614183396845,1.5801859230373767,0.1897448080553839,-0.938477715003588,1.3708552862300867,0.49809046003726287,-1.237976694268626,0.28017936929978776,0.9941561858822227
2009-06-14,-1.1392286832710457,-0.7965680281807731,-1.7039516276709614,1.2893794804872052,2.1308141380474237,1.1260759104750682,-0.3740692016425178,0.7235644994870306,0.6411668568450758,0.6938454184224809,-0.18553744347813395,1.4193505906118273,-0.6851877728513116,1.4171477843700473,1.9931616083335095,1.23769849949303,1.4638171378026477,0.9941561858822227,1.0693605337936891
2009-06-15,1.0993686633392608,-0.5232097844833182,-1.6287475668190659,1.3393075082413124,2.02328700049624,-0.48601532389069607,0.004135141017033292,-1.3334065416194467,1.3216058804936384,0.06602147337360437,1.6636150460038128,-0.15355335345662954,0.7235465132110898,0.989465376491871,1.122920044947989,1.73594045606028,-0.3808296717778569,1.0693605337936891,1.5816802378910617
2009-06-16,-0.9416955176651675,-0.14764961538475185,0.5576516487352615,1.251170027302411,1.7098504723858856,-0.4163073816149599,0.771563898623243,1.5207800893154173,1.3293302296502685,0.009476168947997066,-0.857459240068683,-0.6157820503650986,0.3773924929334718,1.3218289772366054,0.27963479989140955,2.1736437997808493,1.2579487420473847,1.5816802378910617,1.1264309869369877
2009-06-17,0.8296677323788522,0.19144086835812862,0.6659140638580225,1.2147047507797841,1.4621235363313776,-0.2034983674364663,-0.8767828143741646,-1.3202472208581757,0.9706517290914503,-0.15041121715766056,-0.04337810905012905,0.28598341086075607,1.5697213978195583,-1.6576443587909715,-0.9686749090157669,2.2591649690058637,-0.9116462672612764,1.1264309869369877,0.8722960965441608
2009-06-18,0.6900083705056047,0.32714962938570197,1.269499225873434,1.1816683963726626,1.2254187471165305,-1.1715449245366678,-1.218752511194678,0.9735581962793116,0.47348277523395305,-0.3593725592545554,0.9103627141633095,0.2514728802643493,-0.025661357830579795,-2.2388460449261602,-0.14526983692119816,2.1628335140136072,-0.5575339473304041,0.8722960965441608,0.11226051246607342
2009-06-19,-1.9961724079684537,0.2479633658669045,1.5800123997026443,1.0715134198429144,1.009577047890486,-0.6326612071177604,1.077695939374857,-0.6363184794995025,0.3514701310443703,0.0827457842279822,-0.23210943207001145,1.18435794841732,-1.460631584568374,0.06846044908534082,-0.4624758133952138,1.5975359637202216,-0.6374471040029818,0.11226051246607342,-0.12099797094574516
2009-06-20,1.8386440294276987,0.09556671292463935,0.5047094335182788,0.9665860720330097,0.6960765453930731,1.2481587737938233,1.0272427388535152,0.21416354091760179,0.8233948488767495,0.09643886565763668,0.05970611432117181,0.9694617704294727,-1.4868422002279882,0.9117980696806257,-0.7369426433847066,1.5030822410014049,-0.3331170830450821,-0.12099797094574516,0.36398264521839097
2009-06-21,-0.7556758119322071,-0.11542319889645378,-0.04549048291577795,0.8763288885664627,0.4289383631253491,2.287827165557205,-0.5618609584209158,0.0768664223747152,1.2182776917047524,-0.6577305528384789,0.40262901066521856,-0.01892009302400438,-0.6049126317092467,-0.08537621734886815,-0.1226829341021752,0.6292366581573436,0.9055728888225412,0.36398264521839097,-0.2039063067669297
2009-06-22,0.43302818791799463,-0.319619757016823,-1.0793667805668086,0.6852534925906965,0.11197218774211742,-0.011290884559635275,-0.01085450902582727,-0.20221961038036612,1.539810475295167,-0.5583303678200007,0.8910200361113804,0.05900450402999928,0.07493456499370743,-0.18277609248557689,0.6235081535348912,0.5959664704626034,-0.8861980758047231,-0.2039063067669297,2.4873638699755634
2009-06-23,-0.7209327855434962,-0.42304840873344746,-2.2954706374933576,0.4688947970842335,-0.19037331043181363,-1.604174332795632,-0.2842701943890984,0.324587710690081,2.172166798265513,0.7046926686692443,0.9909941859082122,-0.2449821846931759,-0.02852963383639483,-0.7336852210621729,0.2278330419670298,0.6000784445684761,3.2767932424958324,2.4873638699755634,2.3294517475307566
2009-06-24,1.1133993155428537,-0.43914217745888434,-1.141396186764963,0.1322568827594672,-0.48946711590392433,-1.4793371793626928,-0.6434373824969725,-0.49880556724199404,2.0182767048683994,0.2893536967328346,0.39396702169135883,0.44159135633142016,0.11300750796474252,0.771029580749442,2.1411398933372694,0.865027320982535,-1.5174857987516812,2.3294517475307566,1.00505487439747
2009-06-25,-1.5854894503224706,-0.1836455756323658,-0.46804195523358383,-0.07545553482378879,-0.7541507965598985,0.05423389476479457,0.8134427685594877,0.6880436467920492,1.2863950011019085,0.8870115415362342,-0.6093653650661478,1.0939488495020604,0.3844811197389852,0.3965996370871161,-1.0182587735228925,0.7362528078161258,-2.290561111281698,1.00505487439747,0.06958963874392976
2009-06-26,1.3453296716351033,0.19504732934315397,-1.4101617277888183,-0.2721889134336415,-0.9980961580945557,1.4038032422988602,0.5149568937110062,-0.7585412089982303,0.6132835484013133,0.9071807338704327,0.29354847164236836,1.0733692326308137,-0.6611606963479721,-0.7286113205417519,-0.14496281596869212,0.404210732275492,-0.9697128783283633,0.06958963874392976,-0.22140946274830697
2009-06-27,1.2105206553670622,0.4616133053369783,1.2475390057597422,-0.5037642062908513,-1.1346108147864036,0.6353432993830738,-0.6951866533104069,0.7390056475430019,-0.03939458493576445,1.9943109520109095,-0.4622275978064194,0.011341508142471302,-0.910387068954796,-1.1698232694357285,-1.1401493706864114,-0.1194189887496233,-0.3930446094093219,-0.22140946274830697,-0.3286414549292379
2009-06-28,-2.224222230307494,0.5837580969819602,2.199880204886122,-0.6697401947047438,-1.3008331361689203,-0.4747802228928369,-0.5654512502876057,-0.7568698090181241,-0.3210637061192701,2.0120455275096147,0.30071206559670793,0.49699061070551387,-0.5871527335456291,0.5599778900054543,-0.3952669923480191,-0.2842124032256794,-0.08726678980974949,-0.3286414549292379,-0.139060646590975
2009-06-29,1.3283774343043648,0.5388695927321568,0.33529007879646194,-0.8141258501092564,-1.2787234328558283,-0.4301665357790003,0.855866952525153,0.8986411280906166,0.08498939440439987,1.8130925238929765,0.39777925797235353,0.6913757284263896,-0.7705681871293362,1.0268456675514424,-1.0010112088355632,-0.4465348363596435,0.3070241273298949,-0.139060646590975,-0.1813558288260537
2009-06-30,1.2349739467783398,0.3333311539015106,0.3614837509589771,-0.8963796982751536,-1.32794162960854,0.537670267100612,0.022826963834159733,-1.1751304629150048,1.3186587064892454,2.060983480839432,1.3867822024207423,0.2631337286045661,-1.1022784939141101,-0.2176792802244099,0.3461696286559423,-0.2285209339983029,-0.11031871240361893,-0.1813558288260537,-0.3242624280601967
2009-07-01,-1.5983381957963452,-0.0460191591276174,0.31810168778991865,-1.003930287452809,-1.43356094765843,0.06566366132923884,-0.7471392518737803,1.321937333565754,1.2370403296637003,0.40337135478376573,0.6200858901286682,0.25073835272316364,0.1684273412542064,0.14584639380446915,0.26178722778336394,-0.18467166949102068,-0.13608727461983372,-0.3242624280601967,-0.3707670926759208
2009-07-02,0.02425397883377201,-0.5825924444029743,-0.316558716819738,-0.20682310890170516,-0.81088310258853,-1.3318524898940354,0.9299966664875937,-0.576483161720771,0.5127054611151102,-0.0893472474549749,0.3679486540852222,1.2778727555583889,2.135062790081265,-0.09077852582159389,-0.09937588704174731,-0.15586817191057165,-0.14071684791234074,-0.3707670926759208,0.28111053404818764
2009-07-03,0.22116735327575346,-1.098441035091417,-0.7948083086416527,-0.2740322178623155,-0.911427134965825,-0.39436862097977765,0.11961820405518692,0.5339825343537021,-0.8663279664252664,-0.0490594002786279,0.7843708621519419,0.5567152373723008,-0.04721161486895735,-1.038173944041158,0.6723030413105959,-0.007209393955247128,1.7069680789765413,0.28111053404818764,1.4172336602085311
2009-07-04,0.4363310740960302,-2.186369767242963,-1.405006097955796,-0.4485175999190882,-0.953213155904651,0.6958970754816284,-1.4765404301588287,-0.6830549739720245,-0.7222373001281112,-0.6918267053508942,1.04226726961114,-0.23156438243633357,-0.5310458909346653,0.02700440277308757,0.5184476560851468,0.08619823990703307,2.0509872404447926,1.4172336602085311,0.3831925549442233
2009-07-05,-0.09972090988669997,-2.1963854295301037,-1.0103275105778893,-0.557940218265338,-1.034570509795542,0.7933171553126587,-0.20274121711043583,0.9163367091503134,0.04051297308849166,-0.57723320390903,0.32204129962158584,-0.3904750766828249,-0.9224493242343196,0.04832593035832649,0.5812120672983644,0.13337955209038213,-1.5010276812172,0.3831925549442233,-0.10249559262426976
2009-07-06,-0.42538924526796695,-2.0856820042201214,0.9376656717096232,-0.624408413606731,-1.025424245152626,0.13916684970262047,1.169359551769905,-1.1104200224480538,0.0673955285246169,0.04846840798706806,-0.26913773614958497,0.4232189881126101,-0.7018557981955684,0.01778476718616169,-0.05409171199478961,0.0943332510350108,-0.8260978822301122,-0.10249559262426976,-0.5390028595408372
2009-07-07,0.4280361563178729,-1.5386765345711029,1.1911931841960919,-0.6843295327207488,-0.9850768538689393,0.07741170349941214,0.7238097560550675,1.134954861949525,-0.3128096275041757,1.0156487419798095,-0.9110619551780125,0.24045435065023618,0.2175950116194315,0.24748832282965944,-1.2701162071707999,-0.34954094333287766,-1.0391737149305014,-0.5390028595408372,-0.47220678230392343
2009-07-08,-0.09925507076853711,-0.8404527914106708,0.3850125626336225,-0.7937229924392183,-0.9200044927563537,-0.24292145139208654,-0.17972706747717682,-0.9019104382363352,-0.5720771603520336,0.2987747179552027,-0.27837624892486545,-0.31143743776986305,-0.1423711407724977,0.059313203547603124,-1.2731888677375658,-0.3578351296787333,0.5085536394705842,-0.47220678230392343,-0.6264179113174845
2009-07-09,0.16995758083137213,-0.2305314552318304,-0.1235845213374588,-0.8169496204300503,-0.8402950713541105,-0.7872527518494251,-1.288484390546404,0.2732180012367965,-0.8083034780747543,-0.05878103204091534,0.9084650437931471,-0.3902867961582308,-1.2176708660658975,0.2271199600635742,0.910051648656526,-0.2379092745317488,-0.3557103665051164,-0.6264179113174845,-0.08348179979947395
2009-07-10,0.30284979283924496,0.30653600328315805,0.12970866249141774,-0.8497352349683626,-0.7518649897625057,-0.7620655100284977,-0.8733257265692482,0.3811708933847388,0.05490288166197531,-0.46788991160667937,0.5110696578347432,-0.26077846871978977,-0.8345867144735495,-0.15858011452388923,0.48395982740472204,-0.005519595833332501,1.4625753825296006,-0.08348179979947395,0.10184560062974046
2009-07-11,-0.5902201190109629,0.7359553435108225,-1.1739896404284138,-0.8511755019937947,-0.6446955954853462,0.5825783986741481,1.9239031552613903,-0.9041698293506713,0.7301450885632805,-0.8167147140351538,0.2110620848434042,-0.6068006146404441,-1.1339114856928707,0.15479338358991807,-0.8962171752831033,-0.04434310063738867,0.61997009781518,0.10184560062974046,-0.1579313834254195
2009-07-12,-0.907812910115719,1.1166046250451211,-1.7667745421045027,-0.8775525152096936,-0.5255599442233241,1.6287204754477898,1.324945161930792,1.2791134958121773,0.22804142213712403,-0.6032755919150706,-0.7590044767140766,-1.0075266846326327,-0.45367726192538466,-0.48698733343121836,0.022019923193737623,0.11372058640338234,-0.7385816604934846,-0.1579313834254195,-0.08722102364282767
2009-07-13,2.183644669357846,1.3737795785638476,0.32585720455046957,-0.9383070289456474,-0.540640278022837,0.05134555491060792,-1.6492357404874045,-1.45692177271085,-0.19817738641049498,-1.1765557559790498,-0.8846666106393704,-1.5940921235360115,1.3186971001274477,-0.9596099263417798,-0.23523239358285286,0.020301406989431673,0.34275554812452735,-0.08722102364282767,-0.12561331608094206
2009-07-14,-1.9927517787269247,1.6351158450447518,0.6584001520629443,-0.900020113788999,-0.4070598200471844,-1.4660180911037235,-0.7636434876143532,1.4879532495616916,0.2481087220794104,0.23824193800735466,-1.5393955685886382,-0.695928409960994,1.3259807732286664,-0.5493426548246617,-1.6980760865130284,-0.2558019267129127,-0.27394947472006514,-0.12561331608094206,-0.5159675126099279
2009-07-15,-0.4372944771279841,1.7749452917097357,0.683762025292353,-0.9543627823533326,-0.34951266704616274,-0.7114503696145001,0.8150096456142182,-1.4442579936113518,-0.6334955620084609,-0.5756740531070842,-0.7494252660443579,-0.9378191445631449,0.010253597206809436,-0.1483914687257464,-0.8092887190410227,-0.3530059428722353,-1.060206715838673,-0.5159675126099279,-0.31149862581083587
2009-07-16,1.5420931301450094,1.9455659240782932,1.0110323273500896,-0.8729811760461392,-0.18243560335143966,1.3064191624344772,0.565379345460506,1.328041365433429,-1.381992134376969,-1.7933996837330666,-1.1565409373951725,-1.0922349701821459,-0.44840210187524676,-0.5244515091829086,-0.756709308829329,-0.5649094156730282,0.10916774933987275,-0.31149862581083587,-0.4044831879816516
2009-07-17,-0.811898489589558,2.03177412655019,0.7550783084235334,-0.7602415398865752,-0.021444505051615815,1.5850508538041435,-0.8275641651385603,-0.9407082840171128,-1.4930298358381304,-2.2464095453428397,-1.3468220523103607,-1.4193768704636542,-1.7602848330675933,1.3908070752943276,0.20193212411772668,-0.6131478889924925,-0.46163654191723713,-0.4044831879816516,-0.3145515650868499
2009-07-18,-0.47099373240190984,1.7826736544379473,0.29481676781946914,-0.591315824207005,0.1450563473516977,-1.3435118924509704,-0.14786671718393427,0.24145653341830836,-1.0075816808158253,-1.1833921874218705,-1.5417849733177111,-0.32416083772372256,-0.44739851918406365,0.8354302360145098,-0.09772849489308583,-0.7940416429754124,0.5726707175694615,-0.3145515650868499,-0.4182678295950314
2009-07-19,0.1750237833569165,1.3411837572356116,0.2855505134756029,-0.7064323479203076,0.17552830869050903,-1.9588122072369967,1.0287267839847793,0.6101027729860464,-1.4469407320898893,-1.6617247090595484,-0.8040372529869403,0.40032429913052586,0.43804652906088887,-0.6803478203366561,-0.133248785957845,-0.7731438792664819,0.1544230354316918,-0.4182678295950314,-0.5105261995524971
2009-07-20,0.8402523928703122,0.8273606210409651,0.018194859799565304,-0.46249543295197226,0.3235830151951763,-0.07387210212467607,-0.9964635183037147,-1.2432287190528648,-0.6982768398736451,-1.1423645714658586,-0.9178163645088729,-0.1616030965282106,0.5852188702707141,-0.011542395046320101,-0.48996599488189124,-0.6955504781992793,-0.5900545310699042,-0.5105261995524971,-0.08307400821424879
2009-07-21,-0.12377329469543372,0.5169823248252863,-1.5350310512378338,-0.12300908082547667,0.46442895553405755,1.9248640791976124,-0.6421759466750423,1.4528306700437719,0.010647411647994744,0.18372832327985553,0.21938957829744632,-0.3127355770179693,-0.41495802181255176,0.9262569303070441,-0.15422081548734648,-0.5841359001078379,1.7128595777186737,-0.08307400821424879,-0.22294505313008564
2009-07-22,-0.9925048167763721,0.10880619507071543,-1.2692404881001509,0.11910280290257291,0.6066120946634508,2.2161854761928796,1.2680767622441171,-1.2810350414217901,0.5404937660604707,1.6733621500553677,0.8219884080940149,1.4657421132178416,0.12091024797305348,0.2326909458677108,-0.3064008142630343,-0.7660198880408503,-0.4048976625222815,-0.22294505313008564,-0.29799297132154107
2009-07-23,0.05706330368200534,-0.41350632869900655,-0.16865200153579515,0.3305680799426605,0.7362264691779743,-0.48688479973333443,0.2744871523541891,0.7496253473809336,0.7290810372159293,0.16803480120889353,-0.5209973069236676,1.8480829659945623,0.5498367687901768,-0.5275887121300713,0.9334961122332026,-0.7025663383832794,-0.03532329407332962,-0.29799297132154107,0.3455675260039562
2009-07-24,1.9775338766754895,-0.9520195097345553,-1.291736543458666,0.5126057604478027,0.8552620046973846,-2.6253318376206796,-1.0988543418211598,0.17984852933968196,-0.4492233839369968,-0.2958927422192185,0.17830224652302448,0.39107136181240104,-0.10545421874558016,-0.1736144050935393,-0.8317182113577316,-0.7023771759290078,1.200379765768705,0.3455675260039562,-0.46371069827564737
2009-07-25,-1.2135043056506987,-1.2695821132921754,-1.2913655003339874,0.6771359909367929,0.9621093936425604,-1.752148628446461,0.2504884152831733,-0.9604850000943743,-1.231458031705683,0.12873339504153564,-0.21624737098756358,0.8697996549657011,-0.38852060956928247,-1.1623009615777133,-0.3005201323958814,-0.7335017435787194,-2.400275354181956,-0.46371069827564737,-0.5862023321834593
2009-07-26,-0.8036688252659917,-1.3311681969844937,-0.7094609644683432,0.9281484024850811,1.0564373764042647,1.8387779625121825,1.5247795109532813,1.0405846157668013,-1.4976336303910756,-0.7041022782867106,0.9809772553252625,0.6403691214504552,-0.7499715002841804,-0.22803294771054755,-0.5512944129465932,-0.729812890102254,0.09911573074015577,-0.5862023321834593,-0.834816128245896
2009-07-27,1.1330921510298215,-1.395878886697516,-0.06393154558165484,1.0914816443337263,1.1330068782103222,2.575801588298549,-2.036161890569546,-0.7459218405219705,0.1825263291236933,-0.9058192447713987,-0.05164043648937544,-1.0298369535189615,-1.659911136591842,-0.7972661236340528,-1.0319225769006528,-0.5944159429049914,-0.552168134572143,-0.834816128245896,-0.701032482511571
2009-07-28,0.2071679021933282,-1.2564513861741562,1.408502308449447,1.2390723742260137,1.1863020804535145,-0.7520596659277134,-0.20787280901377228,0.33313795665207135,-0.7350223575953306,0.7696530666581647,-0.6415328847908104,-1.9369170233901183,-0.9057640548643366,-1.4693322920249128,-1.3970679106700974,-0.6460598994862469,-0.38310068639789335,-0.701032482511571,-0.7798695681205782
2009-07-29,-0.5478296259165893,-1.1478138719800102,1.0677806965004992,1.365052718487372,1.1516299564158634,-1.9142204406655159,1.549268391545723,0.014989073879462168,-1.8504801380790505,0.207339053337355,-1.4926231312461915,-0.11136466552743556,0.16964636619570242,-0.5015356064258797,-1.0456677537279933,-0.7599860893812557,-0.3952772792386762,-0.7798695681205782,-1.0421588684216148
2009-07-30,-0.3674273712633327,-1.0684231235067718,0.8108642009975319,1.463597542566329,1.1427434999010277,0.5229345326525273,-1.4728911974211532,-0.21256604289088613,-2.3860879041122387,-0.46357184928620765,-0.4350641060980369,0.3668252055804959,-0.3376925745613684,-0.19554392453631916,0.5926892923368969,-0.7219634245093257,0.342664481848435,-1.0421588684216148,-0.9057249897378942
2009-07-31,0.22572775576176254,-1.1128579820231528,0.5581453556672045,1.5434637140432172,1.1105432832566728,0.7834193670317194,0.4946435906804656,0.2492442979439791,-2.0860650681267408,-0.07159498708254221,1.421517261203961,1.334248935760468,0.04938463464156803,0.43493553376004485,0.4733915240082622,-0.6150315749330143,0.6774408188180894,-0.9057249897378942,-0.3015319394790062
2009-08-01,0.9254472351167452,-1.1827521811623103,-0.5060268593102918,1.5764285814174102,0.8491912327165461,-0.8246045765017582,0.36315642976659157,-0.16994814346269155,-1.5214205382763837,0.07750007335586369,0.4852910491804724,0.1665382543643799,-0.7491949438242951,0.34428290897750946,-0.09234922935345237,-0.6250709790150005,1.1788313668252803,-0.3015319394790062,-0.6375796541877754
2009-08-02,-0.835853354641403,-1.0824144782566292,-0.20057898241255284,1.5042579194894818,0.7474349260503412,-0.4499852973952515,-0.3368829368629003,0.10395506801294076,-1.2568038893996023,-0.6041136682620966,-0.3858729889583476,-0.950132853335665,-0.19782131284906435,0.16996977404401326,1.137797034772964,-0.4006197806054978,-0.7543003911209152,-0.6375796541877754,-0.5547399068571369
2009-08-03,0.0742148016660529,-0.8330423566030655,1.1107248730995367,1.668804246203584,-0.4208192339439569,0.4409448607409284,0.3037619077873872,-0.34524461187339117,-0.5348986926750987,-0.9764702347445883,-0.7299184424261151,-1.6020527477149187,1.2482547755710809,0.09703062168597913,-1.3341596672061031,-0.5638290734293261,-0.037581940552750506,-0.5547399068571369,-0.7519192793944067
2009-08-04,-0.758808889866011,-0.3964831885006912,1.2002505151670975,1.6183234262614759,-0.3449538029371097,0.19866004245577973,-0.7026340773630765,0.20717292306666032,-0.5480682698579485,-0.6105367834047952,-0.014461107246563099,-0.03983038839958426,0.6453614970679707,-0.8778343034298788,-1.243573060860407,-0.6679683224532623,-0.299004032147163,-0.7519192793944067,0.29331082239259004
2009-08-05,1.3252923530565652,-0.7301859026957804,-0.023010686208999737,1.5456239704380157,-0.09826133270058772,-0.11182729848619363,0.13972686109770807,0.04838021388750837,-0.5893614106815183,0.2888472713742088,-0.374208007151209,1.084815998719971,-0.4880905857749192,-0.958651641073513,-0.16297930778039393,-0.7890888713361814,2.034943518988363,0.29331082239259004,-0.43152050691531346
2009-08-06,-0.7970024987238834,-0.7300519075171479,-0.5805258619231967,1.4918662185246074,0.07588559896814745,0.6561714279566193,0.2970259462599197,-0.3176881517103348,-1.4700367127292633,0.6242192484306879,0.1942047133633981,2.124384753175151,-1.6692669831964706,-0.2964672416650474,1.1318381681535699,-0.5977515623556575,-1.1146094947137442,-0.43152050691531346,-0.5116687877294184
2009-08-07,0.23293329606651317,-0.6839791315737717,-1.8675050479691282,1.3428704882564966,0.19661753913088012,0.8777685102284255,0.09367800098123652,0.408211021674702,-0.49754284036852736,0.19505024361731677,1.2880126423511626,0.752963212280936,-1.812871371541273,0.6623648241155244,0.7263731864233974,-0.4034943664866155,-0.15956609895782564,-0.5116687877294184,0.31422043598481536
2009-08-08,0.3485212128293194,-0.6223063377104509,-2.6418125765848575,1.1458690904172089,0.3342451978374281,-0.6292345352796577,0.2717892445530494,-0.46340436149651926,-0.5411358923415941,-0.8844142772058039,0.9789150040086971,-0.5888822131157607,-1.153871205923662,0.07497569230176168,2.4199166142732795,0.05977751557150722,1.5351969387664894,0.31422043598481536,1.569132760751005
2009-08-09,-0.036504436025510366,-0.41427499104272814,-0.7129003734753865,0.9393741249239644,0.6415624036133304,-1.6297223767267528,-0.24265258892584327,0.5324790719883973,-0.4805508307650892,-1.5146794468120661,-0.8145160143309891,-0.41502001603351424,-1.0268695304155913,-0.8091434232352083,1.346251798067881,0.4161491731167211,2.49522058546221,1.569132760751005,0.16222486953547943
2009-08-10,-0.5119887347549181,-0.12323395128961952,-0.5135416840515057,0.6435849488859852,0.8314918481806661,-0.37446460532520515,-0.028409193799977132,-0.637929373470963,-0.06610617832987933,-0.9801276989728885,-1.168459273946493,0.6044375981380161,-0.2693775845516403,-0.5534435830813053,1.1216143313624607,0.7966304573028663,-2.2323331214626325,0.16222486953547943,0.20494546510141956
2009-08-11,1.2972275674331524,0.042941604662953776,0.945178536144319,0.4820314897395806,1.1173617701900282,1.1491057911080604,0.3962844834885206,0.8315654782699221,0.3047415090844875,-1.6520091585348373,-1.2576342659959079,-0.792440537352732,1.2147844628159081,-0.13653513801206282,0.6894391336720809,1.1110134376540504,0.08983414001008783,0.20494546510141956,-0.4853848168734786
2009-08-12,-1.0107595531705256,0.11481662490629993,1.2399849310853788,0.11372419424807789,1.2449912727581496,1.1972656832264543,-0.7964426707065072,-1.1922918772307673,0.49462406624029337,-1.0590302607088837,-1.1990265898963794,-1.997094296166963,0.894386755924498,-0.15214584910796208,-0.41687233406093044,0.9265789366501261,-1.342476641258782,-0.4853848168734786,0.14627932465721
2009-08-13,0.025979082721445508,0.05642998688777628,1.4860991876707486,-0.23685366177581543,1.2661963700778749,0.2283196761726391,-0.10880458666320242,1.417021805883791,0.13406667493627852,-1.308475907903843,-1.2785495394759219,-1.419154111898072,0.1731844914244473,-0.3735026322032904,-0.08280321459419196,0.8012481979846223,1.5982592526554775,0.14627932465721,0.5484045337598469
2009-08-14,-0.8173610488725379,0.07196958556805134,1.4022136668376264,-0.664162942047924,1.3784029366633672,-0.9863842538783983,0.4789097863065558,-0.8711766705548255,0.10767274735753024,-0.3564057014783527,-0.867602743305815,0.24148795467238054,0.055585495433011806,0.17898022097990385,0.5405521275049475,0.8876025960373067,1.3028783934050605,0.5484045337598469,0.42627818530198147
2009-08-15,1.684382351607012,0.21697844259376792,-0.14460121730278927,-1.011199388016011,1.3387007605893262,-1.0435863940324062,0.1608655487625846,0.4595700003718282,-0.5262162346180468,0.2412891570109717,0.03461459851438549,-0.06593961048002951,0.06704412682076678,1.2063017782578345,0.037513141922697,0.7173004981969247,-0.47639906202714566,0.42627818530198147,-0.25537689375470324
2009-08-16,-0.6305038598891263,0.5786340114811933,-0.15821939957891026,-1.3016702459727802,1.266029346753314,0.20996613141703188,0.24633227012345935,-0.2955539448047498,-0.5334463152351014,-0.9249116747074061,0.0916155636247373,1.3619214278896299,-0.34563468058406066,1.1254898028801805,-0.34971015637426994,0.8273847100983679,-1.580777727511357,-0.25537689375470324,-0.27182817249539654
2009-08-17,-1.887438697771974,1.1986819840128395,0.2875015877599256,-1.510163838531826,1.1688785847681706,0.931969582373969,-1.0038828483422697,0.31561717346891227,0.32418642806854203,-0.3535648889381233,0.5481872409908879,0.4168126720732942,-0.11790499012280095,-0.1948509351212588,0.25521039645712523,1.083431147795254,0.03370914706726457,-0.27182817249539654,0.40444494528899677
2009-08-18,0.8958242733497148,1.629228882380816,-0.2609161387772674,-1.6558585492961244,1.0530487767952177,0.2423928036483978,-0.31120883552076156,-0.5129248527016507,0.4156579382662465,0.10418370134856551,0.8653084255781236,0.7875561254800421,1.1199179132918518,-1.8246081631391615,-0.51236564988438,1.0337549618343025,1.7742019965882698,0.40444494528899677,0.6201323663024941
2009-08-19,1.5105280250673494,1.7171145038997209,-0.08860545612295047,-1.7770119826268405,0.8784425459082722,-0.9310267935061356,0.08692357834286156,0.7405051711552209,0.09818293209292255,-1.39423130890677,-0.24447261506652004,0.9651092016810469,-0.04360483592612502,-1.2271843572672942,-0.025773089558270894,0.8821512550092434,0.6178952935566603,0.6201323663024941,0.1047632546556853
2009-08-20,-1.9643860959088217,1.6384962202029405,0.5615888631701299,-1.8357377753783148,0.6859175737445018,-0.22944902978540185,0.9557407115369485,-0.8487513602689126,-0.4767435843121401,-1.7114527782017792,0.6065072280369095,1.8786799695621403,-0.6748716090964891,-0.534735678475409,0.5610927296712248,0.8554510792196104,-1.2687504817329067,0.1047632546556853,0.728588268016879
2009-08-21,-1.393390904009853,1.4765988094010507,-0.00035387812516715124,-1.8574093288850269,0.516861282012144,1.6512461325004075,0.2590976334440843,0.6706165982064028,1.3644817723494558,-0.4405025970859327,1.1724471907237388,-0.25638510440121437,-1.017085856881247,-1.2007658581003193,0.4646437125425485,0.5219424616191002,1.093937375648253,0.728588268016879,1.2161607777176031
2009-08-22,2.891977902831183,1.205528072508501,-2.2049917941107466,-1.8498903752796945,0.38754834508319713,0.6989028401518429,-0.9707079125067395,-0.12040032119590068,1.614873921845348,0.11950802701827275,1.794636363411608,-1.6351741319544575,-0.12683691809060363,-1.3836919442400453,1.1312098611341352,0.4760487023232085,0.3873024208449019,1.2161607777176031,1.3087181388420963
2009-08-23,-2.2295202451114915,0.7961997492542391,-1.2583576727786654,-1.8053622890656258,0.1796653757737872,-1.0902096384258955,0.37985192727276174,-0.6328309116334171,0.4303759254762462,-0.9775393018317885,-0.07172058715936362,-1.0269507180959374,-0.9585696186798558,-0.5431225045476136,-0.34965905007582676,0.2343616545031765,0.4397830300279997,1.3087181388420963,0.995034943664943
2009-08-24,-0.8826633643477195,0.19549756644397248,1.8029254229471585,-1.8754794601748388,-0.06669344870531022,-1.8298664742974646,-1.201589393450077,1.0182506832435911,-0.5521429985721663,-0.7288433508212082,-1.5133869038004544,-0.936294373643262,-1.6580231130043184,-0.5028248407060593,0.30608916463400604,0.19556143862296013,-0.1314341802960721,0.995034943664943,0.44527582989201764
2009-08-25,1.6957900423883112,-0.5895598443016966,0.8102991860096592,-1.7210180118751581,-0.3186945616541465,-0.33412845852225287,0.7794493610137078,-1.2623245989034109,-0.9130835770596998,-0.05220418867135569,-0.532154755026927,0.2525812776702196,-0.8063751822879628,-1.2815932922055964,-0.16867448429096527,0.24308422843269467,-1.0807860548847767,0.44527582989201764,0.13221053932613405
2009-08-26,-0.7090925485100258,-1.149326961396063,-0.6947671048447256,-1.5203173617060723,-0.587475559024096,1.4754791298241132,1.6792190984175883,1.4568821907693277,-0.5866586359013858,-0.13322273641737978,-0.472680192470674,-0.7760306814354618,-1.0622286603223252,-0.4927124968002215,-1.3604525763884665,0.12543296264953102,-0.6536268037603686,0.13221053932613405,-0.1364945404320275
2009-08-27,-0.0559352340618155,-1.3690473850547993,-0.2849261067479614,-1.351813937240832,-0.9448866287729623,1.716655088819357,-1.2915442036991618,-1.6365164938915913,-0.38905222704769077,-0.04851963501123031,-0.641538980675921,-1.1500623912442196,-1.2195248114905994,-0.31952965386710114,-0.6033523562213485,-0.02660097982798516,-0.35165099990200555,-0.1364945404320275,0.07606847313874872
2009-08-28,0.2728606378311543,-1.3652731231608695,1.3428272405369486,-1.041688787802803,-1.2047463301602348,0.14239047629643448,-0.34614650320043977,1.561884615436461,-0.7590469751898277,-0.5035938984178423,-1.7431466760252166,-0.6445819759511693,-1.2538927733251122,-0.6842240190513732,-1.0982235974352785,-0.16173415336121189,0.6120879759288974,0.07606847313874872,-0.5420096477962568
2009-08-29,-0.6343903137127869,-1.1995558757133968,1.5122572625701711,-0.7034590703066533,-1.4322399968130597,-2.024682996143267,0.5537610212418855,-1.058216952638856,-0.7752743709599831,-1.1302249402631885,-0.05966384300582321,-0.031911449784060256,0.29075386569759276,0.38481661959226565,0.17884441119792133,-0.08945918125196789,-0.7278472469525509,-0.5420096477962568,-0.888436543554819
2009-08-30,0.39238758974249416,-1.1139988874187678,-1.6055512196456092,-0.39253203332483144,-1.6098098211291283,-1.460782681576119,-0.987269059689434,0.5654550457552139,-0.5558693776201205,-0.8355397487476621,-0.22668780378429454,-0.5555547001397763,0.9640595650242695,0.7780193660114367,0.5396468354586478,-0.05642884913304819,-0.07317020273911386,-0.888436543554819,1.8467611047326982
2009-08-31,0.70123187299745,-1.0051729224183854,-1.647881552875458,-0.029541129661221726,-1.7293132408456773,0.6379280150706127,-0.17774276419222035,-0.3582202089975194,-0.10616904750421623,-0.154906167567348,1.8323774485394708,-0.45135661819358425,0.5666047524980403,0.4029874145279149,0.13734080793429185,0.029850649497271647,2.4113399665922177,1.8467611047326982,0.5538283654362267
2009-09-01,-1.6132369959037285,-0.9021599094216853,-0.5100111271930157,0.3262179421964487,-1.7567127502522513,2.0431151158441945,1.8128021441137065,0.2589025099871906,0.050773533439343314,-1.1784245110870455,0.21310987294346687,0.04656791116253974,0.6231418963916692,-0.3720938536466204,-0.31704715617893625,-0.004947891675485702,-1.141478619562386,0.5538283654362267,-0.48061147173358987
2009-09-02,0.48387492052468467,-0.7719078576382044,-0.12468970453121453,0.671091559468579,-1.7308581865043084,0.5654793624454046,0.258090870080899,-0.23496459790693874,0.0015608178487687616,-1.1874139694015344,-1.9903907741857345,-0.7253099374338358,0.7767415008058427,-1.2879051696354238,-0.9667392208076495,-0.21383325404821624,-2.5058708259667015,-0.48061147173358987,-0.5474637699457863
2009-09-03,1.282322827719726,-0.665341976186317,1.3308257261482195,1.0202422278829122,-1.6926665471121118,-0.9866771774195862,-2.3064660458814523,0.27533205711335945,-0.28549948546177173,-1.7271859374351601,-1.298091784051508,-0.6713965269801002,0.2010625310020954,-1.591346199708569,-1.4911610723625772,-0.47824430204721396,-0.13167106327398298,-0.5474637699457863,-0.5606051216470789
2009-09-04,-1.9543584669409875,-0.5196247096611303,0.9052813856891629,1.6437126443609007,-0.8595531166674436,-1.099396103121993,0.006364347105840638,-0.4747195872205314,-0.5482609520151978,-0.9258999599104366,-0.8924484265648523,-0.1859113355813083,-0.7710209751769289,-0.17093132120398505,-0.22066227155273058,-0.6636498646389787,0.054600064930367356,-0.5606051216470789,-0.19294906300214634
2009-09-05,0.5833477517193397,-0.2543582088196705,-0.8528991988227727,1.7343844313064882,-0.6834989485649413,-0.34048345581713946,0.1664157616311156,0.23743526437316173,-0.4700450314245022,-0.16611941128516317,-0.11690786562306854,-0.7324179510847771,-1.270218524683189,0.4561923768503773,-0.6780530338295675,-0.692992107253994,0.3148590021203442,-0.19294906300214634,-0.4974309742786625
2009-09-06,0.19985423771355262,-0.2563462697043145,0.1993425320308724,2.040798062288989,-0.5413697244797304,0.40693630187424895,0.8181008783586524,0.06800663921694242,-0.2058335527304952,0.33879904177501136,0.9536687826650743,-1.3291525614214215,-1.8569604096281767,0.8448004128481863,-0.8479641705282001,-0.9381050727386663,-0.789816421047082,-0.4974309742786625,-0.9017893295064479
2009-09-07,-0.1145130348872555,0.14171741201446306,1.248737361700908,1.6316302112220098,-0.4100026573349688,0.9313457835578082,1.3551538987067702,-0.3075899581200528,-1.3143004005985757,-0.07772561920409914,-0.6497766701067037,-0.7201149371466012,-1.6649358975779638,1.3742912780323528,-1.932811784953644,-1.18215509820003,-0.06604277731049384,-0.9017893295064479,-0.35435396168089434
2009-09-08,-0.1632493315939407,0.47860072337735554,1.2044925302875038,1.3556119402656108,-0.18643903479742513,0.43483426578343487,-1.0492487894563953,0.40078468179425053,-1.0450073128177741,-0.37733531732503023,-0.6155075625444959,-0.12210730252647259,-1.3111136938295531,0.32413676979073497,-1.207507213640343,-1.2333183356315063,1.1693291637877796,-0.35435396168089434,-0.5076003495609329
2009-09-09,-0.1990766611111026,0.7592144181546172,0.39856859800712846,1.063885621454228,0.06516391249828739,-0.6312411218250601,-1.3840140932024103,-0.29792833519286716,-0.5347453031543731,-0.45317096689239017,-0.15483118910848678,0.6985430814656395,-1.0581938055611158,-0.7808755139611546,-0.7099519027761875,-1.280212130239033,-0.31430942087994,-0.5076003495609329,-0.8061977186526512
2009-09-10,0.19140418848736895,0.961166809023187,-0.5105160614908257,0.8058588474033015,0.30563705653392453,-0.9489004497801669,-0.7279480549464123,0.07185055679662827,-0.41362340175379586,0.15077852271313222,0.7022418956610174,1.1835769676314833,-0.37065843064627163,-0.7172878459867406,0.2287042621079736,-1.1557323948952378,-0.7809705441483671,-0.8061977186526512,-0.21632399464217925
2009-09-11,1.1982704890043354,1.1358090525437283,0.06492851774942943,0.5428151407464283,0.5356691594732024,-0.1046055012960274,1.3126801410711162,0.16219067210391513,-0.22831608598726344,0.20359790578999715,1.5304029766034364,0.2525155141973764,-1.2557899226028242,-0.05168137259385961,-1.4639696460272047,-1.3174652011114152,1.6025919424311805,-0.21632399464217925,-1.0008964707555588
2009-09-12,-2.389656549837557,1.2226428593200327,-0.3311222018021722,0.3051271254880205,0.6724631086782319,0.7303800265956567,0.7522835329432418,-0.42616902952568686,-0.46186495871492417,-0.19461118131301813,-0.36023204720927887,0.6636823557975662,-1.8870703923272556,0.11390886158473512,-1.472546662023897,-1.759154766886019,-1.2615316978506055,-1.0008964707555588,-0.8783761461263718
2009-09-13,0.99022067199001,1.092607311123587,-2.013191569693884,0.08524033464676359,0.8168081376717914,0.9907064301779267,-0.612874481093121,0.772678224032365,0.07852855336652124,-0.04913798116749472,0.8230913618671152,0.4409047737101489,-1.4980062579722544,0.1135285740860479,-0.5146387661628482,-1.8663031572536275,-0.18225275911518474,-0.8783761461263718,-0.42801830191093776
2009-09-14,1.3315086662219542,0.8588310139856624,-1.6551324071812452,-0.1790650097820292,0.7982040939926051,0.16738843560817118,0.3794857195474632,-1.2007903354691079,0.4924104377778665,-0.2955551349734528,1.752392628307713,-1.0132107581913425,-0.285901240881459,0.9456842853624212,0.41595907826656053,-1.6963423035935765,0.1358938430380748,-0.42801830191093776,-0.6943029263130303
2009-09-15,-2.2977011014523923,0.671956061300167,1.3031755029874692,-0.456675072847847,0.8349928917090294,-1.0223193117102496,-0.053745307073261986,1.5672725066264745,0.6007410468940317,-0.3320800300932408,-1.2632851633505469,-1.9210996202703357,1.152369523807641,2.1489037407222225,-0.178525214438159,-1.475763235227738,0.09759046892647749,-0.6943029263130303,0.09456871219506298
2009-09-16,0.8444180169713439,0.5285186519541936,0.8299787341474426,-0.647531952187524,0.8604094726256386,-1.245359604377081,-0.6878328384697654,-1.6727014186723785,0.7202056069217863,0.1962230748375503,-0.48335641271175295,0.4839509801159342,2.28640887642271,1.0572117716540843,1.8865748491341998,-1.0374268600346395,1.2211606317507882,0.09456871219506298,0.6649054559463172
2009-09-17,0.7356535666020521,0.37655400666218247,-1.660169578542414,-0.8140707281339964,0.8577212790449154,-0.3663605285186797,-0.6741642823899867,1.2243613905902355,0.5010300241875633,0.8388112815566154,0.06524372820530362,2.068679541429347,1.634564420738722,-0.012637081200470097,2.4894677933184557,-0.7312786422438972,0.9879514778534548,0.6649054559463172,0.14967284807934625
2009-09-18,-0.6787525270261197,0.12878915256166687,-0.47062904382516924,-1.0239007136939284,0.8352492515878505,1.0957308391799534,0.47930909666335975,-0.44817681965464923,0.13756958587454346,0.424728675026854,-0.12211414027937796,0.7721196445858051,0.7333428413164471,0.05824423857821516,0.038651386952868155,-0.700334366484667,-1.5335965485758172,0.14967284807934625,0.22497533815517626
2009-09-19,-0.2250664650300699,-0.29213095920657145,1.6458988748109102,-1.2475481062746412,0.7962681583753032,1.6290251400401103,0.7144649871138735,-0.23432405247276106,0.03366657794306097,-0.5629589609701456,-1.372967873437174,-2.0876130875951575,-0.8015306371565986,0.09132461671415947,-0.5270530754695324,-0.7068795817964305,0.22116024433092232,0.22497533815517626,-0.729382015027448
2009-09-20,-0.1620068327298225,-0.8042480891883552,1.2465352691064984,-1.5630671409347565,0.7120282189926074,0.8576453594107817,0.8676828887542385,0.6957357335163926,-0.5301252469258959,-1.1139861743223838,-1.7254761007392108,-2.008886120744826,0.06303024948289382,-0.9167726443881946,-0.8195710834774527,-0.5481933862940456,-0.9314179325668792,-0.729382015027448,-0.5817413420050618
2009-09-21,0.792781290494556,-1.206604562662409,-0.5893813081818642,-1.510815173639715,0.6263331846039767,-1.7640084473023068,0.6215058976325673,-0.8878045734693645,-0.7386528657808725,-0.37702101784445,-1.0618182964186373,-0.8746246844987241,0.18929111327483106,-1.9095591255504047,-0.7182196961521402,-0.4517134590528139,-0.13347910315770378,-0.5817413420050618,-0.5020909199461939
2009-09-22,-0.2400676758063373,-1.4156211716681781,-0.7931816219543897,-1.5134957044347745,0.5567383112774869,-2.4327240515855775,-2.137127524801014,0.6929689003650428,-1.314404019815982,0.238890308458829,-1.176208601586224,-0.045737330206001174,-0.6555601835026439,-1.1983768039124072,0.4714343787336434,-0.2627071203285352,0.030850350099391268,-0.5020909199461939,0.17977137887649305
2009-09-23,-1.060096739197394,-1.5466185827812944,-0.832462774325568,-1.3780342223087678,0.5049931887534015,-1.4200835196538097,-0.5087337266735107,-0.40712033498019073,-1.3550560595999332,0.6908496810408525,-0.005605141623845788,1.153034004678693,-1.0059392019207443,0.3908415026464225,0.38196932363495845,-0.2380487958856781,1.362945028098004,0.17977137887649305,-0.23809971548034659
2009-09-24,1.9970732971894842,-1.2931542588034026,1.72458984680605,-1.180738399066503,0.4087242927760408,2.2730653743279494,2.0319163851504807,0.3500069659852922,-0.7536347000474767,0.17742252458943134,-0.1374264537840761,-0.3512015302843754,-1.1066985755575212,0.06412315707455687,-0.9779647744773625,-0.14842650157487858,-0.6818242499495903,-0.23809971548034659,-0.7600414177162782
2009-09-25,-2.2417458184239463,-0.8821922931739136,2.2127589179586993,-0.9425815928356989,0.297319214054804,2.8765857915009927,-0.0752152573031763,-0.639905400658012,-0.8075679932061423,-0.528380657080709,-0.4517910290565324,-0.23146050546011585,-1.0899953330754824,-0.7114440982578788,-2.4423856681756093,-0.19030719188719228,-1.4812666300765058,-0.7600414177162782,-1.17015155147254
2009-09-26,-0.39084038239316554,-0.5398012529003425,-0.29203518751853547,-0.7384162239287929,0.15844351473547028,0.4027340275601045,-0.8070986083310694,1.083640602938379,-0.9086560314979228,-0.9740462174789538,-1.29668888645297,0.053308070204150446,-1.2734010754089733,-0.07709093071352945,-1.3400388197637272,-0.3803886949964295,-0.1280308210396066,-1.17015155147254,-0.8219117171564929
2009-09-27,2.1469052277459655,-0.22377916409122528,-1.5924455993219744,-0.5546295831238144,-0.008113266193940483,-2.491544286536441,0.4718354184170102,-1.3689854673463824,-1.2824566949537899,-1.4260901085876498,0.9538174033456835,0.2118771225009155,-1.4195442656950026,0.11706111688759968,-1.6188682505326215,-0.9751240277395777,1.1510973396933468,-0.8219117171564929,-0.7871553372848158
2009-09-28,-2.5888711218519718,0.11619822558986756,-1.1712206762449724,-0.3582538941752159,-0.037142176208158274,-2.205617223037622,0.35896378365698406,1.230114976501251,-1.3426809556151527,-0.287711089495136,0.02778360479151431,1.389428115046473,-0.5371260012061084,-0.4975546239860399,-0.6573901003627262,-1.0527763914000083,-0.45960853483952385,-0.7871553372848158,-0.7900435864981791
2009-09-29,0.20171907190000812,0.3746349482488718,-0.7820951681764229,-0.2164844251201527,-0.2078347505460778,0.2646422211045887,-0.9856807368011362,-0.76969723417381,-1.3017389158820964,-0.24636150483569996,0.8155189413877176,0.373251447021942,1.1511611489897873,-0.7687105615597949,-0.8230949616719724,-1.4454519477636893,-0.2950728303015696,-0.7900435864981791,-0.74023611872038
2009-09-30,1.594325287948625,0.3511685544238306,-0.039056009499779124,-0.08563055278308161,-0.3722503736741708,1.979941650800407,-0.42476997187645116,0.282742731670263,-1.4439035187008693,-0.3661535364194964,-0.15818882916702184,-1.0368793285224598,-1.127309386181827,-0.35935091587011625,-0.7747740524739745,-1.8474455670240717,0.46240779079976063,-0.74023611872038,-0.5826296760808888
2009-10-01,-0.7490047053613269,0.1479009095640907,1.0726192212884713,0.039168049116802654,-0.4877230434482545,1.712567892753702,0.39718179109411017,-0.17730007241586637,-1.4958838856091152,-0.35147371555432094,-1.3026350802987003,-0.7093967863163056,-1.347099944643454,0.1559169153140087,-1.9401439092037405,-2.0419972013049317,0.07483273541626669,-0.5826296760808888,-0.4266499064569839
2009-10-02,0.22582373942287304,-0.11628520958562716,0.07031616825019187,0.160583712029539,-0.5832593231311987,-0.2999604742901303,0.8417619354459543,0.6651670838139162,-1.0952287987675857,0.1632273997521507,-0.3555842731390437,0.5712161945420439,-1.58385183563294,-0.05282770032861355,-1.7998873398300679,-2.1204014295019724,0.4391469610092806,-0.4266499064569839,-0.301434145076206
2009-10-03,-0.677250283677288,-0.369219461999622,-0.6709225613116396,0.2759606797013307,-0.6114238883544866,-1.5112844786244548,1.4115902055137586,-1.7084769978416123,-0.6012181501586289,0.4860138723845537,0.5219357453672999,1.2584829130480624,-1.1621757745883121,1.6643852946540794,-1.0958623563832626,-2.1839914298617553,0.22768925983817542,-0.301434145076206,-0.4681053967313223
2009-10-04,0.6038003324901491,-0.6152905765937619,-0.3069804076082115,0.3693390112616693,-0.6415031713946386,-1.3892768072217112,-2.457318631380794,2.0813567246178004,-0.5846715327699804,0.8241663778341779,0.3184036935273648,0.3557676596317037,-0.3403517105741454,0.5432728656155327,1.171353111339241,-1.9962698675240638,-0.09956840211306285,-0.4681053967313223,-0.9580595577039964
2009-10-05,0.2432635992726173,-0.7830746326349909,-0.040429265388902576,0.47667370248852464,-0.6335957797006231,0.1571884511816486,-2.1138187878802723,-1.666096047257053,-0.5129749702496673,0.39287833024466107,0.07576140220688884,0.5163063317243023,0.1826951943263785,1.408998680466466,1.2926670745365334,-1.8197688094629432,-1.0630498997530153,-0.9580595577039964,-0.6799498188038235
2009-10-06,-0.535822701199742,-0.7355383240662517,0.802554350125105,-0.543360896771494,-0.30538875585219816,1.185313392087698,1.7464560697603422,1.0281750769220706,-0.8979751375158315,-0.36471058379113824,-0.6313256370210272,-0.05753526315830367,-0.7094583689553443,1.489371304547875,-0.9853952398676532,-1.8948620028989451,-0.11248383220388805,-0.6799498188038235,-0.8168610416530236
2009-10-07,0.5470382205802355,-0.40726729797996075,0.8367717613803232,-0.5738938289374911,-0.24268238092460806,-0.06555167331311655,1.1245245866017985,-0.7128623399306065,-0.721722987434163,-1.4049178284683057,-0.604218757097862,-0.722957362276269,-0.20835183748512023,-0.9056808063192286,-1.026503675138462,-1.8045886072763826,-0.2477768142197909,-0.8168610416530236,-0.8531913687362322
2009-10-08,-0.37050117988221243,0.14959487732945909,-0.1901363556880445,-0.7481546256014742,-0.2284024311550439,-1.2934849723153539,-0.6481728999024835,0.5457249953944214,-0.9666761179198229,-1.246598145096365,-1.6614562946391136,-1.9703098283730307,-0.4339955766948901,-2.0649300972393263,-0.20129329276644375,-1.5770368254802927,0.031945300394130224,-0.8531913687362322,-0.499921526704808
2009-10-09,-0.022426540293767033,0.6458810336904814,0.48811915411527307,-0.6870600947806917,-0.2962650199503368,-0.3595538104022954,-1.1609534538198727,-0.6237452650347228,-1.501047102121529,-0.3413134313346347,-1.1766264073034949,-1.2546202618606372,0.237649503133925,-0.5389543533284572,-0.7537604194331876,-1.5167233032825056,0.9093376156930166,-0.499921526704808,-0.8018060696376734
2009-10-10,0.17479951227061788,0.938560191087454,0.7061552955766601,-0.5710896218303059,-0.22954337806260441,1.243147200452001,1.599501300889203,0.8681915807578413,-1.5813860817402945,-0.8559929958867515,-1.1854519294909784,0.5497043757661639,-1.3426617916176646,0.9291616579324001,-1.2260822284005466,-1.5991591574404593,-1.0639846446865282,-0.8018060696376734,-1.2910424716372526
2009-10-11,0.28865737241611006,1.142786407158183,0.8577610787411064,-0.4485579754984615,-0.15136422373810918,0.6744875267274043,0.2923315786848959,-1.1664593670306962,-0.9864955874150042,-0.9530201455703561,-0.12209952013883985,-0.08204880688965266,-0.4650629278310628,-0.1955020289471842,-1.5635017224465448,-1.7960514677288002,-0.5901160826827198,-1.2910424716372526,-1.547522203820959
2009-10-12,-0.6326378944585515,1.2731978149092842,-0.4968514170902919,-0.4007177726337102,-0.12861844019935112,-1.21184998131172,-2.2402096800206706,1.3048424128975769,-0.8159444774822279,-0.9404550390384927,1.3409692866266352,-1.133666098903331,0.42614427374519603,-1.2215353030744507,0.6498773436792624,-1.6261331468712878,0.37607798192029346,-1.547522203820959,-0.6710026831198527
2009-10-13,-0.17750230237442705,1.3304948272972432,-1.7297921905000913,-0.28631010150534164,-0.04294631680150138,-0.4979358149923836,1.473294721010272,-0.5881902359766769,-0.3719601189521805,-0.6634096114084089,0.924607241375249,-0.22930319299806146,0.5432467695747893,-0.8918578905405887,-0.2801431768815222,-1.5114877234110027,0.9356390359701068,-0.6710026831198527,-0.7666814440550922
2009-10-14,1.0869253243845967,1.2501744430801178,-1.1060571568754791,-0.18266288623083862,0.07489550459919504,0.8767557918434722,1.9805379482872543,-1.306006997445503,-0.3763717740433002,-0.661722280895678,0.45692796772846,1.1512004704238148,-0.16635830351825104,-2.1609262571237453,-0.7509829245159948,-1.3645440211497164,-0.12974297732715723,-0.7666814440550922,-0.7977744659034226
2009-10-15,-0.2947761530399888,0.9281026588490783,-1.6452651748779865,-0.08146933128299073,0.1792280338823297,0.07184568610745215,-2.276454832746017,2.4098149136420157,0.0007251708549136818,-0.5558963922116734,-1.2751232972984072,0.4116146763459338,-1.3366279254097073,-1.3109823395323046,0.425866883722523,-1.003185730867208,0.07738480157939176,-0.7977744659034226,-0.24274802443906598
2009-10-16,-0.2503656958608268,0.4770762123900112,-1.2023667480257585,0.12070852798003215,0.32953961603360676,-0.7194805052446518,-0.7758842662819426,-2.6716117796944276,0.2382619761199067,-0.09222494880485255,-0.6437232592495883,-0.7247289507825154,-1.421491559817988,-0.9607646029747755,1.3793082571206943,-0.5674175746830056,0.7638682086944372,-0.24274802443906598,-0.7329853936835369
2009-10-17,-0.3633211827604893,0.033495078767566404,1.9157225775299038,0.22143617948486027,0.45573555383989134,0.569999459219094,2.126117083358069,2.469750853720725,-0.42223543933853497,-0.31430030792285196,-2.4907183680075247,-1.2321869619951853,-0.9880202629114375,-0.6795610214140871,-1.275592063714388,-0.9217587768854956,-1.016821089166726,-0.7329853936835369,-0.9622506910970826
2009-10-18,0.8787930487877267,-0.46138915063474806,1.533920992290127,0.34295380701587513,0.566166732299306,1.167619010508855,-0.07859639689982231,-1.7089018863324785,-1.7652988851146212,0.045864607995855775,-1.09522516120272,-0.5630272029481828,0.2900708752502776,-1.23252382654445,-1.3075214423011314,-1.2736461527298257,-1.006905536227051,-0.9622506910970826,-1.1390664304126965
2009-10-19,-0.4461306321124549,-0.9098730958758642,-0.15765744414830152,0.4604338314529443,0.6729467425416095,-0.6649707352161394,-0.7168757354826002,0.4066606682212397,-1.717088182600618,-0.03138184009892989,-0.017804574052910725,0.4147895418181716,-0.8529894159421182,0.785449436191526,-0.20028805001722863,-1.2158018631758238,0.03463908624076729,-1.1390664304126965,-0.7853761840992675
2009-10-20,-0.34648025549272804,-1.3631160376583498,0.6501399962569142,0.6016412402179796,0.7629079654038589,-1.848195601407495,-0.3103477363187198,0.2612912695388508,-0.9170166375375439,-0.280956354506196,0.3424448234114049,1.2202447802140142,-1.7664529984799664,-0.44660897482497436,-0.03728487624073495,-1.0334467202723872,1.0381698604130196,-0.7853761840992675,-0.5916299060488138
2009-10-21,0.22741655428614221,-1.7966018409589426,0.7442923213817637,0.7517215977651397,0.8256742286291415,-0.02371751268140023,0.938171948893046,0.08387714722857102,-0.34500313236245184,-0.24868866615979757,1.1537573658532276,1.5012725443379178,-0.9824837515840432,-1.5550856634612902,-0.4786321934772178,-1.050205200266606,0.33910254247273464,-0.5916299060488138,-0.5253908760782119
2009-10-22,-0.30580261319598967,-2.0948122881293547,-1.044391404534815,1.182300631730309,0.822418888963909,1.8889931514818235,-0.3328274205221226,-1.0590396611624586,-0.14831777919373937,-0.19698492909519202,0.537135318500676,0.910235607541446,0.5370818639269794,-0.7228945809795978,-0.07866980915421486,-0.9503135544880147,-0.04119845055853777,-0.5253908760782119,-0.9230942601257809
2009-10-23,1.2501129769750636,-2.110448701756752,-0.9831895490700712,1.4178473224637238,0.6276154857918267,0.7686563953080634,-0.5044725825005436,1.6251642160748534,0.08810374209019489,-0.03439666020416782,0.1089175823801829,0.20010137032418235,0.23100082787898688,-0.5873090489586982,-0.7455387080680272,-0.8296350785808155,-0.5181581526774529,-0.9230942601257809,-1.362244598871247
2009-10-24,-1.185871213410635,-1.761654015805612,-0.18811797013996176,1.661334126943566,0.6113836946310655,-1.4523461643681341,1.018086891372228,-1.6694869839744924,-0.06735163329725714,0.4772230469600467,0.004672096104055237,0.6795566896633293,-0.726839262911904,-0.15168006450598645,-1.548524985417197,-0.8864073666758272,-0.4042219195816595,-1.362244598871247,-1.4520564163402876
2009-10-25,-0.9252012391187161,-0.7901924272042281,-0.4317039194985938,1.8229829699017037,0.46930593492640665,-0.7214159118077204,-0.15379317286339728,1.5118911305643765,-0.4076538186384075,0.8322541322579813,-0.6217238709808349,1.4756559726271157,-0.6544310854185883,0.06942709056897439,0.054893449961322706,-0.9248208098627972,-0.579435440130737,-1.4520564163402876,1.4887053950004139
2009-10-26,1.869251244670768,0.7168769755675831,0.9146887274975462,1.8484399025665066,0.4375567057016657,0.490221650719632,-0.31490845007659407,-1.2055643684028226,-0.6729532213589822,0.6490348724342728,-0.4174806822418437,0.0805589214439299,-1.1518125499973955,0.35381657965257296,0.3345345873129584,-0.7253139708767409,2.856228359044227,1.4887053950004139,-0.5662491360143154
2009-10-27,-1.4434347164379218,1.9634576793329186,1.8103720243251715,1.6205832570171121,0.41391095688082347,0.22244329990186315,0.15827688450066746,0.988184323027597,-1.0877918111497773,0.01737037966779747,-2.2202275130288744,-1.8833326817154388,-1.1883645945662513,0.4260966360843778,-2.0179066656567257,-0.8302012955397507,-1.7754457797477456,-0.5662491360143154,-1.3432919642766619
2009-10-28,0.02343389158932254,2.6397203408396837,0.6211313016663104,1.4381442747516107,0.36926119720237044,-0.24295008173772006,0.22562089407756636,-1.1852048748005086,-1.3570345303784161,0.12209529051904439,-1.7307288232825837,-0.8200399514133315,-1.98373582821609,-1.1630959614701097,-0.8361619127067679,-1.1069643989440852,-0.7913463505632607,-1.3432919642766619,-1.0012585902271238
2009-10-29,1.2380763937863382,2.9147170879595135,-1.011440045132644,1.2216349424662702,0.3146043933150345,0.11083255593204487,-0.5902980173691992,1.536003133017436,-1.3585842540725193,-0.16687951394888792,0.6338987333263585,0.4989933225414403,-2.0669134915085228,-1.671247791141839,-1.0316614047063721,-1.6501269826195046,0.2695841856133436,-1.0012585902271238,-0.8589920556447526
2009-10-30,-0.8609238989151013,2.87808909537958,-1.4778674082922616,1.0070720122582377,0.23696755865781666,0.21234234119423426,0.06760925467664099,-1.657142670210598,-1.290153286630586,-0.3455200539405349,0.21029681518962223,0.6193109976837103,-1.0379235959294024,-1.4163857608755823,-1.0848738438879668,-1.5379577106295912,-0.20501713156763982,-0.8589920556447526,-0.5815413949526722
2009-10-31,0.39915999879732034,2.363020201197555,-1.0421397286834977,0.7987385522511455,0.14721738478953095,-0.06894076516070068,0.7294607694929447,1.4359673639892174,-0.7147815180210623,-0.3341136136821019,-0.2638500530702223,-0.14085884257033954,0.0813154409989608,-0.4549921785786757,1.9166098994193117,-0.8436888545123071,0.25439308008840505,-0.5815413949526722,-1.0894605027723845
2009-11-01,-0.635677200529024,1.3378439155186437,0.6526499038275275,0.6032276185530064,0.038616162625890973,0.2587508205717194,0.41547095182301846,-0.9063286272237172,0.16937622619774764,-0.5685309910700083,-1.4539386315543745,-0.5549812983368467,0.6168021248490568,-0.09277470483181534,-0.07856100763762547,-0.8697623446596211,-0.8468607660331474,-1.0894605027723845,0.6736437216072316
2009-11-02,0.7654245264561588,-0.07786315278996879,1.68833865561288,0.48544513593422733,-0.07500627181657114,0.30747031293687427,-1.3556502611484005,0.09809480300266138,0.6955585474381827,-0.2977918584542215,0.24162284417935617,-0.4608536308913961,1.7817850686877705,0.9564833759309069,0.28802231029167785,-0.8313756757235922,1.718925501529699,0.6736437216072316,-0.20619629212602886
2009-11-03,0.04565041714252913,-1.2539571371728357,-0.7823896732204857,0.3184794230058162,-0.19897001206132958,-0.8503919063271477,-0.35072538017205995,0.7634611701429949,0.2677468082593153,-0.26511406840225304,0.26255918402372874,1.7176937509972523,2.2989397378945315,-0.8841837873975716,-0.11932764573215067,-0.8043012965705699,-1.002901314518821,-0.20619629212602886,0.24621110450100284
2009-11-04,-0.6559710528698558,-2.1051218428852896,-0.8858872698168258,0.10897118458826516,-0.34544240604323545,-1.1404549054388287,1.6854796459900727,-1.297000167924479,-0.08434461510073359,-0.4423546835999114,0.4291396170676565,1.9837578931073643,1.5370428427957576,-1.3083682273018922,-0.399374721521812,-0.8696483063279707,0.47615446306954146,0.24621110450100284,0.03619920374758174
2009-11-05,-0.20903618640633345,-2.6607769229543146,1.1877772359523329,-0.03321540000457723,-0.45377708430017005,0.649620143944588,0.053109111666659055,1.3678334371476073,-0.11195409597888824,-0.4515243604717515,0.07625346903157036,0.6021461303506187,-0.23031218746941012,-1.2410178628821726,-0.2817518733341627,-0.8066729551234877,-0.24777201395864992,0.03619920374758174,0.11261672213856992
2009-11-06,1.671476054407567,-2.81362940804149,0.02684236759539912,-0.18315492767576597,-0.46731744174256323,1.9227004182886824,0.7704213938190254,-1.160298320422808,-0.25670173201583035,0.596992515312822,-0.5462008147410905,-0.31446613632227993,-0.7938531869881045,-0.27559380795827676,-0.18249475071961485,-0.6483123707447032,0.07078656566839177,0.11261672213856992,1.150636962321642
2009-11-07,-1.2527231397772705,-2.350770873567858,-1.4218096923026693,0.16214074655716731,-0.9520649183589769,0.22089306592365843,-0.5911620890090988,0.5801025604640205,-0.07326762017210432,1.0706556445742468,0.9746104081410542,0.6628142071833004,-0.5823818265891343,-1.1196164598885805,1.1422992862684251,-0.46134147096323286,1.3727894681235433,1.150636962321642,0.14811948694682575
2009-11-08,-1.2119447759633388,-1.4089874842697399,1.0011597777983017,-0.11339326523578558,-1.077918715865527,-1.5079636739046476,-0.24247018073812657,-0.5736754101748595,-0.07670502433699433,0.2784830502687991,0.7624215586522469,0.8443875930241488,-1.2430114510337897,-1.287969288977555,-0.8070196139589222,-0.7420904310818155,-1.275562640929287,0.14811948694682575,-0.24700862042910895
2009-11-09,2.373102039067879,0.13495466782138704,-0.2274136271472649,-0.5114774000820813,-1.1465498034336157,-1.0757047780899751,0.036052526138237874,0.5078410650516934,-0.30215955250502935,-0.008422214088493502,0.14618742386748587,0.04504117183962865,-0.6156236983304614,-1.929698542037461,-0.6135768904710726,-0.5858430071679546,-0.5153677477454935,-0.24700862042910895,-0.06632708142705251
2009-11-10,-0.7664405035165183,0.7250579880045782,-0.9862171576831322,-0.8465944841479576,-1.1982453131179907,-0.03000206539506196,0.04504740929620834,-0.27264119191907993,-0.5083022754654454,0.273523909098748,0.49571650510508897,-0.19504402514608635,-1.0944277912685527,-1.6522525967679893,-0.9954326678688181,-0.6892902329799337,0.2548746635034313,-0.06632708142705251,-0.3796037349245766
2009-11-11,-1.7596237827561705,1.0647641346664376,1.3067988564400175,-1.1360456984290586,-1.2321207128921017,0.9507246099259835,0.9258111823222089,-0.02410222824780917,-0.306978824095742,0.7755740369720594,0.06949960501677147,-0.06530430180122106,-1.8911391323007083,-0.5356966050843204,-1.0228273724320867,-0.7556383725989353,-0.2738555745453059,-0.3796037349245766,-0.12333820820705299
2009-11-12,1.1784456399150647,1.2203134040022934,0.5677281851367901,-1.4070524486975529,-1.252327571316499,0.9308676759158425,-0.26647111498254944,0.20172723351609334,0.3434938324293652,1.3514583524731327,0.40377708741796425,0.4481032332294899,-0.9153885987918431,-0.11007774741512777,-0.6968612506633849,-0.5752576727305289,0.2889244522007684,-0.12333820820705299,0.13725731663672522
2009-11-13,0.727007329941561,1.2074846533480283,-0.4266980445438565,-1.6422576911201217,-1.2572147821704576,0.2644982247040756,-1.4595520100647525,-0.3018454974956846,1.1235112113518682,1.336192150083741,0.12303892749393415,0.11841313368122273,-1.298428132657923,-0.2686082161503125,-0.3515944017487586,-1.0628975798799767,0.5623552210183056,0.13725731663672522,0.6966155596680981
2009-11-14,-1.1824207630268733,1.1485134059665851,0.047078004671828794,-1.820621739843038,-1.2530482802517073,-0.9842636873026684,0.6473738186800878,0.39096334868388627,1.257961852633611,0.7485455854951741,-0.19716361061104948,0.025065330158465213,-1.4604218070323025,0.18714024026605144,-0.6646324112978712,-1.1416574026407011,1.1757221460910405,0.6966155596680981,0.6904646574421803
2009-11-15,0.5169944980427844,1.1115608629809932,-0.01326676785793947,-1.929337809976606,-1.1711416525520428,-1.3500540115543513,1.1880700812244402,-0.4288118758461436,0.9291398764367276,-0.3574613086524032,-0.7325801742960465,-0.667661109262259,-0.7384074485661415,0.024471570247456637,-0.6988980335457174,-1.264788626614278,-0.28305050606960785,0.6904646574421803,-0.5270133087722213
2009-11-16,-0.18060807885529906,1.0725058105722718,0.7648995214794506,-1.9999850697038226,-1.127022824240083,0.22491397758165363,-0.4805663353962405,0.4184141278188879,1.0853134059953193,-1.0205363542883865,-1.2001583234484212,-1.3059197092834258,0.30746242792459466,0.0005603772595920122,-0.5708140856613929,-1.4246102678430357,-1.2459579441828712,-0.5270133087722213,-0.3774885167432786
2009-11-17,-0.011212683809376933,0.9752662935314972,0.5375088300492136,-1.9250247938755574,-1.0745439506679162,1.5474858521908703,-0.16364936587491072,-0.39238042054554567,1.4565048282765716,-1.1150723784920527,-0.26082310353982585,-1.2005083239381,0.7245947864738559,0.04923945930390413,-0.40249568165879357,-1.3667687263923074,0.4532531013275956,-0.3774885167432786,-0.4057489461381109
2009-11-18,-0.1439625577187012,0.7679074285618847,-1.04860276038518,-1.870325777358329,-1.0027723891681375,1.660288391738709,-0.8784598794722648,0.3215248181691429,1.6257578603887073,-0.8143440651836312,-0.11357726442095037,-0.8333713559420881,0.09054855644540585,0.6887049658302484,-0.7240518214122146,-1.3029746335768295,0.19845709581949256,-0.4057489461381109,-0.7712944445455328
2009-11-19,0.9855980248880766,0.6368075118675096,-1.5256725387445111,-1.7707952126129411,-0.8768004665379158,-0.8037576115435561,0.13881493936575146,-0.04545119369230262,1.0834248988834647,-0.7879589683806032,-1.3176877722941496,-1.4252056028527418,0.11220366348916101,0.735639409385511,-0.5333602976564429,-1.3494780262936334,-0.4833362197275136,-0.7712944445455328,1.0249069394150228
2009-11-20,-1.6577694982043782,0.3317103553108334,-1.2366005933989774,-1.7499060245273572,-0.7021246880939921,-1.9770350868788806,0.8412640065062954,-0.5917521126044699,0.11807169924387698,-0.341402749658053,-1.2653326147510875,-1.7694734382096322,-1.0468084589835889,1.2536883123215172,-1.2651744763326032,-1.6033592460792285,1.5930595342456275,1.0249069394150228,-0.31177039073852825
2009-11-21,0.6216925292118233,-0.00817445622185666,0.8573535975501348,-1.5693439059662981,-0.473685711198797,-0.7139124032882096,0.0063349775049686,1.186566961908724,-0.7918678323315532,0.2524429429393514,-2.188390409526095,-2.0809332835322,-1.0855046012880833,0.15749860039923755,-0.9822247515535828,-1.464982668709255,-1.2593476791465001,-0.31177039073852825,-0.9193679631750066
2009-11-22,0.542000959225883,-0.43112279701210543,1.5194687655479335,-1.3551291123610902,-0.2027490069348478,1.0810288332012803,0.27458535021125674,-1.0716641941458778,-1.2527688220366673,0.6351769525042511,-1.553609344161145,-1.4290042188772243,-0.38887872529840123,-0.5243478695153722,-0.32675148237679924,-1.2924035179206441,-0.44678470959594946,-0.9193679631750066,-1.1528150483726365
2009-11-23,-0.9040885731800592,-0.8258224550847781,0.6468447487060708,-1.2215072789321686,0.07802959311131438,1.4573792079436585,-1.1319303567352093,0.4704527075517373,-1.5396438219724697,1.1306440585809805,-1.561255459979353,-0.6104738061630546,-0.6845421707721753,-0.45844832300127963,-0.31316892827023657,-1.1261546700832537,-0.1937128227826345,-1.1528150483726365,-0.6316825195804792
2009-11-24,1.0145747484781804,-1.2901323326626062,-0.14346544740907613,-0.9650918461671781,0.39594882792742186,0.4424516754134266,-1.3629281101305408,0.05452346533667055,-1.44522514203936,0.5272755285857371,-0.11136184851788222,0.37846123962706707,-1.6319193855090641,-0.9802940838176902,-0.6249870454264752,-1.0537713002834073,1.0296208804594127,-0.6316825195804792,-1.171024416940935
2009-11-25,-0.7393428017787879,-1.7838480564528358,-1.1963834834612967,-0.6931463462912737,0.6274516370337844,-0.7225866296408758,0.7651866524392142,-0.31267299515247476,-1.28153729871388,1.6962466154218747,0.7090946741149179,1.1583168319932249,-2.1292545232470763,-1.2163270735343321,-0.6141830867630593,-1.0574417547369765,-0.8327839503312781,-1.171024416940935,-1.1376344709525852
2009-11-26,-0.2841790439568655,-1.9450849873096125,-0.8466874732915324,-0.3809416577751611,0.9152140290231625,-1.2120743780814591,1.8416333568881813,0.3189230689286816,-0.7483509697499395,1.252044427813211,0.724793200046889,1.4415684293250746,-1.7181562484330646,-0.17369934002820483,-0.9553267078345077,-1.1286249677191083,-0.25870354462638717,-1.1376344709525852,-0.9913444294186002
2009-11-27,0.8289412301426345,-1.6223830213566448,2.0063776648591785,-0.09524159865313861,1.0675983822969226,-0.8305953661523489,-0.5685722000035633,-0.09800485007750219,-0.039313123475777575,-0.18536621575307932,0.49486641473396276,-0.012081273625341787,-0.9905328049470673,-0.7615273154657616,-0.5041367038628,-1.0273204335054127,0.12435513390371794,-0.9913444294186002,-1.1172403576459973
2009-11-28,-0.04048631662988153,-1.1306464688920348,1.9833655456070345,0.16886231461172527,1.1643572164524225,0.6076554607468476,-1.6492936585404199,-0.31051069598216585,0.3492705036261341,0.592603101181925,-0.644494256993636,-0.5857535732382482,-0.826601031958945,-0.01678413223820928,-1.2824779557635886,-1.0650118466113865,0.011343946469249903,-1.1172403576459973,-0.8383474159838374
2009-11-29,-1.6947965195581702,-0.6565046991804588,-1.0562125876309132,0.43786872014523914,1.2613423836531266,1.2683118013443648,-0.13124815499567852,0.7240191152472726,0.08567091767014548,0.9238174457996213,0.638031109841369,0.17075779106062852,-1.5455044856027487,0.03348129321943139,-0.637052627602309,-1.0623974020758822,0.5823296952334932,-0.8383474159838374,-0.905079154787113
2009-11-30,1.4443146637059994,-0.18895535134381797,-1.444381553202733,0.6938022661393856,1.332425212309572,0.628073960301369,0.6875232034552835,-0.9889829473992707,-0.3868110822086894,0.5264591094309478,0.6192757061271399,-0.35207392362479173,-2.076785119130772,-0.047963169246666756,-1.07714628370811,-1.0919103397939247,-0.35871635721340034,-0.905079154787113,-0.8809273408826599
2009-12-01,-0.547916550466726,0.35921020619725913,-0.2074891491550421,0.9434183106260924,1.3357520443720317,-0.9912185011526049,0.20007959711096732,1.095183931698927,-0.4750847708868668,0.4823873952192863,-0.20696725793925938,-0.7681447835617577,-1.789751270548376,-0.43302516483027076,-0.9856183410138658,-1.1823331642589883,0.7055814057261395,-0.8809273408826599,-0.6658379088625593
2009-12-02,-0.1149423203269772,1.0960574332731654,0.9713840630669425,1.163879210247106,1.3710608535806323,-0.7309256140896788,1.3737684522933629,-1.1934089954851135,-0.48314832698716953,1.326382029327027,-0.27679679875176316,-0.3315785080032477,-1.2872513117350708,-0.5074619428695435,-0.6778443371166065,-1.1875744159090984,0.2855079230045213,-0.6658379088625593,-0.7954700222792093
2009-12-03,0.10340231628038118,1.519564789326682,-0.051308992324992614,1.367886857525583,1.3897968297746413,0.5535365269828411,-0.2154006048722075,1.276365285988298,-1.1683799145840534,1.0548137960297723,-0.5976958275889125,0.35950057768468896,-0.606841262148409,-0.2683294268945675,-0.8240342263817797,-1.1574901070238897,-0.8811536985094588,-0.7954700222792093,-0.7891415531711188
2009-12-04,-0.49473945946402476,1.3351782615484444,-1.3363825744995992,1.360324851152471,1.3984881778299199,0.30193102568415275,-1.2524310017657099,-1.2212718476469568,-1.239682834989961,0.43844681566684307,-0.287702384823772,-0.12753396889564192,-0.7162931594919411,-0.599176720365449,-0.7797875430472713,-1.171423004480363,-0.4296265495492763,-0.7891415531711188,-0.8470797648998135
2009-12-05,0.44020426596983536,1.1494751805117693,-0.49488072783244713,1.5347204325526578,1.3676127951574282,-0.4523299236086903,-0.770607822397789,0.8346018972813457,-1.5533889459735686,1.0105770856285843,0.16859342328094415,0.08455962499428399,-1.047387661787827,-0.8086002587916302,-1.3002495466941018,-1.2646251539986963,0.21362833105611725,-0.8470797648998135,-0.953314604852707
2009-12-06,-0.017588029689037075,1.0505192097614975,0.03179944142742624,1.5735607427693035,1.606319765845355,-0.035123298304343645,0.15012438468531678,-0.3722813170750152,-0.7902902682730854,0.2735748674179358,0.6114670133243449,0.472478166933657,-1.41676531325376,-1.6761781909410558,-1.4541527340085671,-1.3736982498720505,0.16019696542742526,-0.953314604852707,-1.2237448962010988
2009-12-07,-0.9770666145942993,1.0553530635032426,0.2556582245503922,1.6630719528429012,1.2890129021858345,0.8858382800674016,1.1504681130171555,0.21041347212571485,-0.2801020193621903,0.3085267699418391,1.330094030953582,-0.29317700548446113,-0.9965757856478678,-1.93422035980468,-0.985113794031266,-1.40804588632652,-0.07628559081958719,-1.2237448962010988,-1.3390051339444486
2009-12-08,0.9486822133113487,0.9773869363150589,0.2570239919081828,1.712590575951348,1.08488017339162,0.6483252263803498,-0.36643212333450736,-0.2864209651926865,-0.5445270428910621,0.5311777922703821,0.5170233749767684,-0.9911453893805411,-0.5434193404732531,-1.6316749787605118,-1.0284610311334557,-1.4228608850139475,0.07998993646089991,-1.3390051339444486,-1.248642459238942
2009-12-09,0.5485658075655963,0.7536809719085005,-1.446900016506034,1.8129173545524793,0.9946260929498609,-1.0040840617705655,-0.23763784444426803,0.011754336569822634,-0.4324034736167175,1.66570962852519,-0.3526088299071779,-0.7432155331975425,-0.6583586344254984,-1.5254014382524406,-1.5547910926970157,-1.5065872591422724,0.16733851057356403,-1.248642459238942,-1.3704427447536598
2009-12-10,-0.5950639946308408,0.3356223482388729,-0.7761205298864529,1.7737858131980033,0.9545083856122732,-1.3040139907054509,0.42799055903641525,-0.3361115010141641,-0.4270520382151591,0.8312975136836163,0.42308274869596924,-0.16813258659183267,-0.7635959231941775,-1.1690368204064732,0.9183703790166023,-1.4071550587166999,-0.006482621463920933,-1.3704427447536598,-1.0430928119386638
2009-12-11,0.42343623729935653,0.23670598541673185,1.5502901474990278,1.7235813297403724,0.8718120665778101,-0.1982820319192974,-0.251078531844457,0.5340449571764728,-0.21630577727223815,0.49809019734682736,0.12687871638667347,-0.3492427898224784,-0.943586664953651,-0.6821404778193173,-0.12714316124573596,-1.3077649727255944,0.8208224429488773,-1.0430928119386638,-0.6809706230956749
2009-12-12,-0.35733575688960734,-0.06547256937735646,1.2176911065640066,1.525027538575438,0.8250354800513499,0.31007759279267616,-0.7512978057400508,-0.4258259791979334,-0.642782531702811,-0.21324917397280796,-0.459867631647874,-0.5406312404905022,-0.16947641812529518,-0.31557613945265883,-0.5076424543395813,-1.3335240711347085,0.6299245153625188,-0.6809706230956749,-0.36462064908198016
2009-12-13,0.276346493443506,-0.3153044481877259,0.4133348780913293,1.290382540123289,0.7608210811724191,0.38399713510445904,0.16457141134827805,0.15774677541190568,-1.2686812981287678,0.06968728541688718,-0.7957212559266457,-0.44713868107708493,-0.05992490330932593,-0.2675505623881132,0.47682718527667306,-1.2399117992093778,1.209455912855187,-0.36462064908198016,-0.6170632020146039
2009-12-14,-0.24535605217245068,-0.3541281167057688,0.6429473178879005,1.0352165958523356,0.6855254975696005,0.6243425733379634,0.7293122446920628,-0.03960866762711719,-1.619660420484368,0.06453600900894264,-0.38381079421394665,-0.9490600347296039,-1.0007954190298147,-1.0412040412166388,-0.5671897298062296,-1.2058095131264512,-0.9926104431174119,-0.6170632020146039,-0.9187840653508925
2009-12-15,0.3442458164897495,-0.23777608518030782,1.1176070568489018,0.7633955952962826,0.6462963636715329,0.6853957514042828,0.13430467441407296,0.24477409809761858,-1.302254826386906,0.44156476867949673,-1.0122206015356114,-0.8712804143368214,-1.3800740508447382,-2.235932452380401,-1.9261093070239146,-1.3832699625260136,-0.5328225044665442,-0.9187840653508925,-0.9442401979484998
2009-12-16,-0.3582917346140098,-0.03524961775548097,0.8695261541460098,0.5021915052462872,0.5338976212844324,-0.7301347889308729,-0.20068404274565263,-0.7668977826289683,-1.2986362184718583,0.054440728868977654,-1.289311214424306,-0.2209155924880402,-1.7055887794962097,-1.8030238586047642,-1.1018819671795772,-1.4921408067028612,-0.37309183222183484,-0.9442401979484998,-1.353994310458216
2009-12-17,-0.0162336406785597,0.251550895692299,0.02619432961870094,0.20789652069885164,0.42944598945953266,-1.587868981161482,-0.07995165364858818,1.4896936010257757,-1.4278602174697488,0.052139161664443434,-0.8838036575021023,-0.14002476855685883,-1.0506723095260166,-1.2237673597731207,-0.4253399234347033,-1.4529863808572447,-0.5083576880848045,-1.353994310458216,-1.2166747690137938
2009-12-18,0.6359784500070724,0.536164297153225,0.4332275423825561,-0.030461850076184904,0.2568959040889159,-0.2842797578631877,-0.07488318021235976,-1.937684035541583,-1.2297840134790539,1.2970341441194901,0.18462490471815238,-0.012899381737115242,-0.5355232589897881,-0.4404831309632897,-0.6524575822978761,-1.3495362310090515,0.46814563674345566,-1.2166747690137938,-1.1046504232308128
2009-12-19,-1.6821666259447892,0.4861304418938153,-0.8443013502770959,-0.14136759964917167,-0.03192593127375275,1.414094659814531,-0.9312405579678266,1.5043376132491488,-0.46687683135043095,2.448391197064989,0.1998676748097521,0.8169654582762315,0.18359005381246113,0.23320980019825033,0.16899793185539355,-1.209553933500491,0.007962921723676377,-1.1046504232308128,-1.2054134841617294
2009-12-20,1.787934668355943,0.26906059377372926,-2.613727634785106,-0.4385905752478068,-0.188363009980939,1.5732545949998384,0.9222126261412457,-0.5214584325198593,1.1407677882133498,1.0346501210849388,0.6549693560726804,1.4793920101226554,0.9249906405626651,0.356172344466905,1.5698184660516097,-0.865952313543272,-0.20126685942206982,-1.2054134841617294,-0.5668658130631106
2009-12-21,-0.9075323467959807,-0.04837475653223915,-1.8034498278955322,-0.6452468898354478,-0.3551719968362282,-0.6363223216166728,1.8227751189459684,-0.6240236188979075,1.2776020123623568,0.7860998281100376,1.6438614836397096,1.2082046862277702,-0.7871859009905366,0.8149116977581028,0.12324835196724342,-0.682485471277617,1.3175760785971184,-0.5668658130631106,-0.5657275866607473
2009-12-22,-0.9084649047699648,-0.3228421658810101,-0.7719198095165785,-0.8395164935587225,-0.45564161458707614,-1.4426352758193701,-1.7883994259889235,1.2958290548856397,0.9449059454249369,1.8717288656628817,0.3583781154537591,1.3207432230922307,-1.103675121849706,0.9124907774022408,0.3751788130343288,-0.4195144342968035,0.02489060694594859,-0.5657275866607473,-0.675695094327293
2009-12-23,1.0639829189539436,-0.6347390422184876,0.9044025603837765,-1.0381921602047801,-0.544837665747048,-1.0111397625833491,-0.8687677506467738,-1.1314955832641684,0.6670432914909208,2.216111644422062,1.031260150587298,1.8756972150798765,0.7460182183776476,0.12902552219271446,0.5669048136654858,-0.5387082087492735,0.10034840378457228,-0.675695094327293,-1.014338561812987
2009-12-24,0.5871531800049783,-0.9758597638298315,1.0049500888207028,-1.2340583407124186,-0.6000486484812547,0.9962591177922088,1.1283793420381751,-0.2131161310172533,2.169184504055285,1.7438696944305798,1.7063133667272241,1.416642460251847,-0.4275372669167645,0.8248869191348596,0.0037672331255549736,-0.44867225887041023,-0.542507989414407,-1.014338561812987,-1.0656171925844722
2009-12-25,-1.03489957834436,-1.142465466103126,1.4296651907170461,-1.3946807722481702,-0.6332483558210953,1.5026185757265105,0.9001222608090849,1.9921575753535992,2.1557027677387337,0.5377701174204338,0.26765754430594874,0.2911842606753713,-1.795183020479728,1.4669642320571747,-0.10786220217716895,-0.3315498570280863,-0.3887472406310119,-1.0656171925844722,-0.8581007359733048
2009-12-26,1.049967466936559,-1.0684374828039012,1.6529980063081875,-1.5445973688482115,-0.628211947604258,-0.07735016092297792,-1.1993534343402348,-2.1721621797646256,1.7508505948986348,-0.4750696591545566,-0.05155106968289607,-0.2902073918224086,-0.7523742055949681,1.1670951391605628,1.2127902497352299,-0.20923017641034858,0.35781217523476255,-0.8581007359733048,-0.4727667815009668
2009-12-27,-1.682791878982454,-0.8198726290889509,-0.6253576638067276,-1.6830093537150874,-0.6423337762363274,-1.079382727244672,-1.9276582582146262,1.813388728716487,1.327308885885672,0.6076941451107266,0.43181106699709115,-0.4691629470858088,-0.43649495833747737,1.4698163306609118,0.5264076046544425,-0.04484560774187181,0.6117322002879303,-0.4727667815009668,0.0814921211136507
2009-12-28,2.1126901442106547,-0.4732281053725553,-1.7073321452625725,-1.7914684879664449,-0.6448677990098142,-0.8410860394319526,1.658826873854141,-1.0727492626226252,0.8496351191845727,0.48423072835536785,0.15846831342243636,0.867614849605201,-0.6142758698305641,0.3504465364274673,0.33595413399233665,0.22647052556929012,0.8874524388169984,0.0814921211136507,-0.19083751216809003
2009-12-29,-2.5640226087704026,-0.09851286320399365,-0.1985240860750067,-1.7641534889889245,-0.6315076488985326,0.4471580494616697,2.322174835334495,-0.19636263724055356,1.0955139494845385,-0.8489330668374112,0.9622307290220873,0.42772802816460054,-0.5028131446049192,0.17718783754639456,-0.4527925386304914,0.45456143862554177,-0.5773162875099703,-0.19083751216809003,-0.7335010651389021
2009-12-30,-0.5326837884832178,0.2544782502843433,0.8275928953454761,-1.6202713948233425,-0.5958245585905275,0.9477028092379294,-1.1877127447022517,1.5568965920672424,1.244826828151385,-1.5063308386593108,-0.19368460153458078,-0.8339758409081666,-0.021718295291132998,-0.4903538965580034,-1.0109614599089107,0.46692506755228047,-1.4700953102477368,-0.7335010651389021,-0.92075845799114
2009-12-31,1.9057226546338246,0.6039400441930226,1.1161197985882576,-1.3801753207190899,-0.5660588090838163,0.1904708701731941,-2.3850527414572182,-1.942495761111016,0.4628973170204324,0.04944913888492593,-1.0453243132458414,-0.8905225756309494,-0.5729724119110916,-1.1565845854635157,-1.3168988135604982,0.5501186430015026,-0.18878292909308228,-0.92075845799114,-0.9398541746588285
2010-01-01,-1.564727575784314,0.9095506463739588,0.6451974102533853,-1.051398125018325,-0.5792273044505815,-0.005169405033957645,-0.5607208122294335,1.3590654181775155,-0.1025478725693029,0.14903543235254593,-0.6881230672737894,0.4013895144564823,0.010338389969044529,-1.1749759333238867,-0.49988839309784905,0.5719278782844619,0.08887825226259512,-0.9127266112259397,-1.0533119957631125
2010-01-02,0.20258495529655554,1.0042539810517956,1.1323695686520934,-0.6758802341622324,-0.5343119200815469,-0.5568813458056869,1.454151406478657,-0.551839000572935,0.5057193665513132,-0.9508565701339531,-0.06849175492864769,0.5567376589641562,-0.08473577797786647,-0.6239324133188325,-1.0103674321609337,0.20224246715397456,0.059042636755896404,-1.0533119957631125,-1.081169263037756
2010-01-03,1.0465299592578046,0.9000863672392638,1.3159985277735067,-0.451912582810478,-0.4727814487986095,-1.1819744307026125,0.7728558166077508,-0.3244438482400853,1.8262369115758859,-0.0624341981244924,-0.17774429235506006,-0.6645422217032684,1.0034088958596763,0.07194044272203375,-0.9723764521956307,0.09440932139390487,0.547627017780698,-1.081169263037756,-1.0549033191607853
2010-01-04,-1.435380898256644,0.7337631376651933,1.0414271827615247,-0.2562750136670971,-0.4035746193715279,-0.23369851594088667,-0.13868497906992713,0.3156708607017404,0.957267519518723,0.6560845263795057,-1.0718763899498764,-1.073559855602605,1.7462558456046673,0.42214032243063054,-1.196665060429728,-0.1507230765035749,0.2901931558919756,-1.0549033191607853,-1.1134637659509574
2010-01-05,-0.0476085476109813,0.3545377458426384,0.5763585374865549,0.05267967610247225,-0.2968776695411814,1.551701733641558,-0.03423615534742073,0.1485092454161537,0.8398669653723047,0.4571589068751835,-1.2999879826080674,-1.3493149216900238,2.290035086071371,1.6786692632945677,-0.9054139731436531,-0.47521971785548767,0.004122821235091393,-1.1134637659509574,-0.9240666791685376
2010-01-06,1.0204781041959885,-0.0838440139678432,-1.8274271594521108,0.21350494924501248,-0.21703035121265177,1.5112730857940766,-0.3509071312558829,-0.34275211589227933,1.0071791365798506,-1.5207605709123273,-0.2506918878739208,-0.44811021402238904,2.000575946303512,2.503907925808596,-0.7867037289706874,-0.6611268195316848,-0.4520710015039539,-0.9240666791685376,-1.1224075193527165
2010-01-07,-0.6089810076974081,-0.4437539242098962,-2.3078549751690933,0.32328742392160814,-0.1442622463592857,-1.0162957302911853,-0.40646705572880204,0.018522861025614352,0.9596105583175168,-1.2057691773236974,-0.605136710845912,-1.0007431329397218,1.2381461826023534,2.113027343309503,-0.998423238587222,-0.794743825863523,0.27645398201362636,-1.1224075193527165,-1.0769414934985326
2010-01-08,0.22085602833214557,-0.6695382874947836,-0.19759585230657759,0.45988212045629795,-0.0361717885146678,-1.673776444299858,-0.46355274109136835,0.7176034488381703,0.20854873594289033,0.49809122397985445,-1.0789199310555266,-1.392918381988404,2.00413568353703,0.7955560395850432,-0.9153151928592492,-1.070472607304363,-0.394087153058981,-1.0769414934985326,-0.9256292710859361
2010-01-09,-1.309378716363551,-0.7094071057315824,-0.06490171258030052,0.5536946441221996,0.02887471671113911,0.17657956429897817,0.4489426950848503,-1.3003762634685219,-0.5824595923415172,1.0057088111266572,-1.5784187025624827,-1.6307586783891443,1.276131884952609,-1.5049693043814771,-0.8186577321782055,-1.2068781080034463,-0.36228336122242266,-0.9256292710859361,-0.9174770133460308
2010-01-10,1.3206845069383268,-0.5762304899421847,-0.5015535218468342,-0.13940709244989585,-0.3833685452328797,0.9032105759010711,0.5255229137582198,1.370934612898398,-0.19754494206843903,0.53895760610367,-0.2086822051632007,-0.4598870857274919,-1.1602344704994763,-0.6686800883410889,-0.8716644618400008,-1.3103578032371332,-0.29362612517825654,-0.9174770133460308,-1.0082559191078864
2010-01-11,-0.7747636889609636,-0.29199045299202586,-0.9931476091188425,-0.33115995671034526,-0.5169045099567441,0.07058151174677846,-0.5008836924067261,-1.3745405142986298,0.8319853330950068,-2.4782744118303683,0.1539462370992851,-0.10743314540894502,-0.8300405613868425,-0.21201893984164052,0.12136008015918966,-1.2838791140000219,-0.15093544476323145,-1.0082559191078864,-1.0433302142077505
2010-01-12,-0.2543395081674288,-0.20398015014213794,-1.1183258550141253,-0.5551203371866914,-0.6848803574612392,0.5361655342436159,0.6330123653083866,1.1630496139805468,1.3623506614278555,-1.6137403892125595,0.4146218231584993,-1.834099302954675,-0.3462046042257293,0.07837526715994174,-0.1757191446943481,-1.2335092717828582,0.16728150354752835,-1.0433302142077505,-1.12278427500007
2010-01-13,0.629882005142541,0.23249561966062626,-0.15108514718859659,-0.80968685296544,-0.7727864936706152,1.5406266201065535,0.7095363981486555,-0.8679595272960341,0.9708413769046048,-1.6848489804968636,-0.7082581756907922,-1.8771844770615036,1.18158991140575,1.3393908252081987,-0.7633626332839374,-1.1977312378866412,0.31775951986453654,-1.12278427500007,-1.0347021104326648
2010-01-14,-0.7699308563602671,0.7219766570012892,0.6917562039113229,-1.0904192437164353,-0.8471143064350837,0.317631848315537,-0.8763993470596659,0.6748948707612547,0.9788198391976359,-0.9645870530031139,-1.9890588844434776,-2.1586874441088706,2.1355255398742874,-0.12019023984066428,-1.2311588846980592,-1.2221731426553706,-0.04854528851842859,-1.0347021104326648,-1.2127800662759674
2010-01-15,0.46760172492299756,1.001553546158348,1.1648789966611413,-1.3810364524589138,-0.9088893638977749,-1.9176063278261395,-0.5477008481106771,-0.6696236743984567,-0.41984000459395204,0.2730285506435608,-1.6869237093362714,-1.660639781311586,0.9099226382592683,-0.4769338530139408,-1.3317996200045683,-1.2495385453585237,0.3640302218584042,-1.2127800662759674,-1.156942653926124
2010-01-16,0.14286245426639457,1.0285615391579332,1.2046490210147045,-1.7897886074707845,-0.9476806143136525,-1.8145237827426264,0.29998975460547356,0.7672383691941089,-1.2122702488681012,1.3076043728269504,-1.63631577663264,-0.2656380393928771,0.41356261893716245,-0.3297660226412032,-0.47480756211473457,-1.2073232542369268,-0.1781574295094495,-1.156942653926124,-0.9830650420128358
2010-01-17,-0.6844409195636013,0.7950476098766854,0.08756450470887023,-1.9817502329439236,-0.9804477976314748,0.39607303346741557,-0.14975016107910602,-0.7920892634017443,-1.6004572114225355,0.8825185724955502,-1.231771365789882,-0.38092898259403046,0.37393562239780403,0.45543328466185984,-0.8656015734112129,-1.1753874749100512,-0.0017900979831574103,-0.9830650420128358,-0.8974953561354985
2010-01-18,0.8462322248791765,0.31701837840927544,0.37400847421054284,-1.9121218096994475,-1.0481766696683918,2.1029439871056743,0.5598042660051521,0.741161058723259,-0.7409864902798144,0.5599442370548375,-0.8002875061321336,-0.34803761825141166,-1.0249979328656662,-0.44465867186401237,-0.8873793614745653,-1.229260627938917,-0.31812590594544876,-0.8974953561354985,-1.0176481719068031
2010-01-19,-0.6074500019793782,-0.26843728798558447,0.9840275810511434,-1.8928664977608232,-1.0273522252217593,0.7319207731666504,0.609250532430015,-0.6503692652512839,-0.6361444083161634,0.38505199587459715,-0.09287938679066768,-0.2040160895071192,-1.752677135478292,-0.6194072872556028,-0.8209208825429085,-1.3051200975893187,-0.35099365937252824,-1.0176481719068031,-1.136377058554144
2010-01-20,0.00439609043386147,-0.872501540027572,0.9092717723912442,-2.056827433368404,-0.8464659181362422,0.12523683274688607,-1.0314037713722324,0.35760289331328526,-0.7217306181410951,0.41305362481663105,-0.16625885941265323,-0.5579333559861963,-0.0008581107740922444,0.17126500657066646,-0.6896184856726579,-1.3900335928909293,0.34132512438847806,-1.136377058554144,-0.9932085794880351
2010-01-21,0.26675038639704207,-1.1515844741400496,0.18725078790421723,-1.9610474455843374,-0.8247013003697632,-0.4400687155892486,0.08042286584669164,0.18707049277963866,-1.125078897359855,1.6340250348737442,-0.10554790823854479,-0.7605469373962155,-0.13822513855201063,0.2376672587884611,-1.0153833918253008,-1.4327329855889337,-0.0960931516942647,-0.9932085794880351,-1.0912859669779778
2010-01-22,-0.19984746372728024,-1.2654144149568995,-0.6819291956776125,-1.832940280999483,-0.6776890175876628,-0.9287041853813264,0.6701783346255369,-0.9075382555536131,-1.2839794139462988,1.8771976938830661,-0.03839225765290478,0.14175964741697714,-0.532334211096608,0.19289477014111597,-1.0879243865768786,-1.4642323410017328,0.3149976192698594,-1.0912859669779778,-0.7755941844862636
2010-01-23,1.239706176982561,-1.248263191509359,-0.8914659283215586,-1.7541859009070588,-0.4566624932973205,-0.49164376390689446,-0.5358751536103571,1.607561401101535,-0.6085103590570466,1.3546250829790252,0.3786230662705455,0.5826935615494598,-1.468927527446263,0.02639302639630418,-0.904463621586162,-1.4828421828601137,-0.2510904818145005,-0.7755941844862636,-0.9393976517348109
2010-01-24,-1.8065908801074282,-1.0892400791056536,-0.6228764507570097,-1.5273080075649281,-0.24935194961730034,0.33847412472927557,-0.3432063888801756,-1.8191343931193669,0.11223835871580484,1.670011713064861,1.3469205783007596,1.6910097070828367,-0.884219093618481,0.7203831211498158,0.6353550413737417,-1.3930533040192734,0.3360663285540022,-0.9393976517348109,-0.8850981495023257
2010-01-25,1.4009923916830809,-0.6037619626546865,-0.6545635570121171,-1.272020746134159,-0.03429321071743063,0.9672926255611023,1.163157538812386,1.6478051471223019,-0.21912080457443667,2.063939079783386,2.1372537700774026,1.870210331022406,0.05035448519636582,1.6746085824780133,-0.07692584541059316,-1.3436867175592493,0.34213415597683877,-0.8850981495023257,-0.8495820387817181
2010-01-26,0.6308079421127426,0.18812748426816484,-1.276800372640344,-0.9820119445513683,0.18736885010973955,0.29569035138321614,-0.30171925393694826,-1.348444334645691,-0.2786837548185044,0.5360859123724744,1.255631388474119,0.9333393808600694,1.388222088116549,2.0498855154045343,-0.49557573797082355,-1.5072440788717656,0.3676435100001305,-0.8495820387817181,-0.8695655680609907
2010-01-27,-1.3172623802595935,1.03115898249063,-1.4559591289451534,-0.7988677479591565,0.34675237264619035,-0.1783193324077922,-0.767429988045073,0.8805379178367365,0.03561524677459149,-0.9457308639927393,1.1604851371485487,0.46571244497268377,-0.18428734392509769,1.883862789518565,1.119963799700345,-1.2931069828057262,0.5750611124351088,-0.8695655680609907,-0.3768065650190627
2010-01-28,0.5917369906528462,1.572676673760895,0.9603100277674681,-0.46137460162257987,0.5805075760088803,-0.33721303656770807,0.84461778441973,-0.12074370618862233,-0.6559688451846047,-1.040469807301162,0.050616475316171416,-0.43176018695134455,-0.44521883441320653,1.1371087646789604,0.01421323496603186,-1.2074907630169718,0.4731938329516448,-0.3768065650190627,-0.497248979281705
2010-01-29,0.6762731397968971,1.7662654959323845,1.4469166979053938,-0.10977954747578288,0.8277713394741943,-0.38062829310331786,-0.3133593551209239,-0.7273682490598591,-1.1287561274972298,0.16516702525030824,-1.0294959513510853,-1.248221285422849,0.1490550216117156,0.7751156274751602,0.16190933930151313,-1.1136782116565842,-0.06448977014478717,-0.497248979281705,-0.10289712096976004
2010-01-30,0.2363336170092474,1.6466129104217915,-0.6713870329133164,0.2768301172566753,0.9753640194773032,-0.2931008358523661,-1.3580690984321417,1.0536343104716688,-1.02066974881975,1.4779106533606876,-0.3585581030955323,-0.1675602696240258,0.8160431083184059,-0.5346003613380634,-0.532041895612474,-0.9750475700473356,0.5732419035589189,-0.10289712096976004,-0.46568169530448156
2010-01-31,-1.0448127710428867,1.3453271411657548,1.1339250889656987,0.7253557029581318,1.154717792406969,-0.1442235930679602,0.8887441773673944,-0.9645226192749466,-1.4464942680421424,0.8090061676690202,0.18799433816782235,0.6252707220020836,0.4187198893740995,-0.4747523198207267,-0.6348911487565017,-0.949414556302284,-0.7550632758734445,-0.46568169530448156,-0.7185431085902536
2010-02-01,0.9792133681306615,0.9480509339876393,1.9043313143454363,1.137579346359978,1.2206974215397193,0.2624901915600453,1.0933410609218277,0.5998535974559586,-1.265755206339316,0.2961516366234587,-0.15593936885158768,0.24099765012295474,0.4459176048179562,-0.13359587745425297,-1.262887989802801,-1.0637119935366293,-0.6073658073873512,-0.7185431085902536,-0.8901789988693118
2010-02-02,-0.7868152437417129,0.49261253638703123,1.6254539739495781,1.5061383375827084,1.310648391547492,0.8366241851984593,-0.7432523586956733,-0.19761647764769305,-1.2543154268983683,0.5442605702488149,-0.21399071137143666,-0.5370094774900955,0.07960482793498036,1.1676286714773016,-0.848255787844402,-0.9654580535170771,-0.43507737740335556,-0.8901789988693118,-0.9584491482907923
2010-02-03,0.9632644639810962,-0.10501333131696815,1.5273976875629365,1.8196422254205593,1.3400895802410326,1.1905710105608305,-0.015803771207816262,-0.41385973764919237,-1.3567584749758503,-0.5430303246358323,-0.5261659428896743,-1.0297939093336825,-0.09310095746451862,1.6277799602970924,-0.873583367411213,-0.9349869173214971,0.10401184415748355,-0.9584491482907923,-1.0878198823573175
2010-02-04,-0.7355587636644313,-0.8457024181054886,1.4947558214904433,2.056757346550017,1.3596103160971587,-0.5288537222625443,0.14594716848381847,0.9904716275888652,-0.6063191057980821,-0.28756047923179706,-0.9800376490876911,-1.1622443908015063,-0.37051192805317756,0.46604690544328686,-0.6191434343225171,-0.823742821925789,0.09419880032737657,-1.0878198823573175,-1.0825409794951855
2010-02-05,0.8955496156141332,-1.214322313819947,-0.5702125987713398,2.2248680656497557,1.3659213683228493,-1.6663920285399436,-0.016433135564647667,-1.2865226711733004,-0.5139152192998413,0.5688419448882746,-0.10670767115647323,-0.4963537409050946,-0.8580916726544162,-0.027197024304856248,-0.6978818733635086,-0.7466136791697969,0.0791763141119258,-1.0825409794951855,-0.9956915666989526
2010-02-06,-1.441875821006321,-1.0328271256075243,-1.077236833206668,2.233560197125992,1.342561030689188,-0.7260322571546033,-0.11611012927387256,1.362297505010876,-0.553521031040599,1.1355431452948583,-0.3479681610646245,-0.4082545500885355,-1.42418043488937,0.19344283279348598,-0.5802187181393625,-0.840897788513494,-0.26399255970819674,-0.9956915666989526,-0.9148927642285325
2010-02-07,0.7363488753086629,-0.8101447338337858,-1.394231677551693,2.2844685504088647,1.3350332276116144,1.50775575600194,-0.9444697016788245,-1.1693562478238126,0.5745250682178533,-0.006643104586156911,1.1955176361094406,0.94979000120936,-2.197821909405792,-0.27336194329494057,-0.04343168004854265,-0.808079461429653,-0.01349264061873085,-0.9148927642285325,-0.916225531533364
2010-02-08,0.8460970664365798,-0.6582129840900159,-0.6692587141763027,2.2665029042783322,1.2980915225378553,1.3150340514966552,0.9686441508450793,0.7174225375399323,2.067155529637275,0.073978189432095,2.120248038063624,1.9006513814952568,-1.213904111112311,0.23994708625273806,-0.6510098032755557,-0.783123937909937,-0.3498495103117378,-0.916225531533364,-0.9613639122168862
2010-02-09,-1.584769521744488,-0.5050895297158521,0.021930211802298823,2.2324852848523538,1.1926839510205283,-0.7598994706669098,1.711428714638037,-0.42505369179687125,1.4336774968247348,1.3770944225435284,1.4847840789696616,1.4867683421208846,-1.1233362304744492,-0.8500869684999851,-0.40471687007745333,-0.8791266699851321,0.18973039041735437,-0.9613639122168862,-1.1749386615941337
2010-02-10,1.5250926235647921,-0.3840730675144409,-1.390273308234139,2.1260078293631417,1.0614129046794993,-1.4992850416132848,-1.6344020854122197,0.5211773636849988,-0.04044672614535854,0.6504576048521192,1.0312435075318915,0.698279030770182,-0.24987543745255908,0.004497096431289398,0.7710976707614992,-0.7945583132403408,0.15740586906902415,-1.1749386615941337,-0.7273882263304756
2010-02-11,-1.1308614204269076,-0.1687434403257689,-1.1516375430864274,2.147034419291156,1.3069443319046483,-0.24080724930882627,-0.826456520080672,-1.2526356147976252,0.1483370104092231,-1.0500817952037573,1.5565365491051986,-0.3695828292366288,0.7246278756292763,1.9270747797129362,-0.3506626653580373,-0.8598444367513972,-0.20173088459133234,-0.7273882263304756,-0.6088074201380839
2010-02-12,-0.2030871306327762,0.017824396195015905,0.9967156954424319,2.0339691096576638,1.1513949040721312,1.6239769835314504,0.2579884716106193,1.82244286291272,0.6083054381040247,1.2986792934923836,1.712129375082071,-0.2795154972262051,-0.2917111487812613,-2.454594807984857,-0.7003874777577843,-0.8952153321724856,0.055198072159091296,-0.6088074201380839,-0.9271069680150812
2010-02-13,1.5583663652727757,0.26949966506118056,1.8511347823509121,1.8822091687885063,0.9537179867177428,1.2072820323072757,0.024341468434854737,-1.5637055516024962,0.4008410702917522,1.1253860700826859,0.6594502798784354,0.6702687667201022,-0.9255054841726404,-0.3167487286142153,-0.8681199143552395,-0.9527495868970485,0.323350424772541,-0.9271069680150812,-0.8970732796051996
2010-02-14,-0.5318374763458041,0.19370321811072272,1.5717528605957256,1.6913629008321605,0.6760285870028554,-1.0537569605891335,0.9033488132065186,0.5992291229242086,1.1286426368978135,-0.692544818663483,0.5184440487182961,1.8920103840815181,0.3815140116218912,1.1624406809740524,-1.3179052663519468,-0.9393701202773656,-0.6323129120943632,-0.8970732796051996,-1.0944475576459403
2010-02-15,-0.4840994849966069,0.16314682039822775,0.3081281506125688,1.4498617525633943,0.371946826978492,-1.5253545870186411,0.1593633510540468,0.9440887702043941,1.9746300003763888,-0.04327095405322325,1.3268782805994628,0.29240825412301935,0.324642753726732,2.141387116691629,-0.4474581826165973,-0.9117966292350657,0.028429737034455248,-1.0944475576459403,-1.0666058981604536
2010-02-16,0.7258718388016961,0.10618903994026202,-0.5497367506801748,1.1481389967530822,0.07207011662228738,-0.5651753175300424,0.24957840523309627,-1.9387508012754442,0.9486759937333713,1.2402138218049417,0.5399174987609527,-0.027607964787106084,1.5105619839311244,2.7169125136030217,-0.21582028840349388,-0.8318667994678923,0.21856129736384905,-1.0666058981604536,-0.8569697712873097
2010-02-17,0.01595224569945143,0.07147755562629415,0.5042618922818658,0.589030258471798,-0.2582046689125403,0.8674175505851537,-1.668540491143421,2.18705040632924,0.6408780437354248,-0.6044582479320649,0.3617911527633801,-0.2749415274589746,0.45650669503820396,1.2445711343290604,0.23239659836909562,-0.6943542467826005,1.067618361867823,-0.8569697712873097,-0.9294697668793201
2010-02-18,-0.13613787019040874,0.05133636957808962,1.404701567011239,0.19900543735564283,-0.50416970344081,1.8013359409425167,-0.9690527837601889,-1.9978808723373296,0.7445949380328312,-1.6640065188477358,0.9854538823867369,-0.29392625966256897,0.057954898060723146,0.288727551837253,-0.791113217428933,-0.6296439521564227,0.14469572953302406,-0.9294697668793201,-0.7896805239560426
2010-02-19,-0.26677933230101625,0.03107194562289476,1.174476949530527,-0.26126171143687776,-0.7313109000648137,0.39337656171226926,1.9812423147006402,1.6506327809943764,0.8370894881379626,-0.6097475440810972,0.30477192683229504,-1.1389856498285391,0.09796385387654638,1.2081643690658377,-0.8662066966051729,-0.6356168883224115,0.011445680926959235,-0.7896805239560426,-0.6976101748622822
2010-02-20,0.4077371630668348,-0.07744528360641097,0.18644797553177508,-0.6595610023215304,-0.9139282728369033,-1.828133114869659,0.06082782961940458,-1.23967677371375,-0.5851809190353184,0.38663135309212027,-0.6222392945223786,-1.0900946853246183,-0.5954887479101478,3.1044861370360275,-1.072273892090753,-0.7574646807816715,-0.27561351427965736,-0.6976101748622822,-0.8991151217454725
2010-02-21,-1.1064236616638734,-0.3116521370028674,-0.6967087828370344,-0.963562105292555,-1.128611185381851,-1.7481752743673369,-0.9800220524828398,0.9436935712316553,-0.7633702442968128,0.43248339317117424,-0.5964300962151164,-0.3079210456282391,0.18743813367777562,2.4375231008154383,0.11375663705851624,-0.7322903251909406,-0.3431438493264902,-0.8991151217454725,-1.1137213488807745
2010-02-22,2.373470029329228,-0.49056633636461905,-0.4657760781906912,-1.2723078022164767,-1.3323256927749219,1.1151514969083491,0.5944198496499205,-0.7504375350186688,-0.42967271801241014,1.4872926048851765,0.32692056687959026,0.5108842957821649,-0.9328139957827017,1.0278721120496963,0.634145185753933,-0.632495621993019,-0.34913126181825666,-1.1137213488807745,-0.30137417563109486
2010-02-23,-2.7798718208056634,-0.6710355456551196,-0.6443404715316108,-1.5630674982152275,-1.4906888713840216,1.692008088757308,-1.0067989344632302,0.6065375328914203,0.24894359842754016,2.0497643604680063,1.0605682557372462,1.5252742319570098,-2.061030922423201,1.9522158610388862,0.032549302872962184,-0.7796052714402134,1.497214060676181,-0.30137417563109486,0.2091450177067753
2010-02-24,1.049100930025454,-0.8939091397623721,-0.6069854904494609,-1.7878878958892828,-1.627906232512081,-0.5340786458806651,0.37190484754409164,-0.4168166333034251,2.510957659592944,1.7949984443659812,1.433119326064345,2.2838771723039732,-0.76995574593148,0.7333315956580335,1.8902046986382544,-0.49279015251535196,1.2969426600284446,0.2091450177067753,-0.2750345049651684
2010-02-25,1.7652081970604176,-1.0721383720616893,-2.308190782207469,-1.9980258870192804,-1.7414605541935197,-0.648304518223029,1.2025741635923184,0.279577480168698,3.0074709854296158,0.24262180904430683,2.6319356342813687,2.6578427046269075,-0.7210831100625483,1.337431004626146,1.9310237487004394,-0.01006026044385855,-1.1841395795272769,-0.2750345049651684,-0.08090728760120137
2010-02-26,-2.307786005723036,-1.0779887749593853,-2.51105318748222,-2.16503018109839,-1.82326752685835,0.6342754149927702,-1.2108716972924625,-0.27541519144854537,3.2187513259400897,-1.9835162311923638,2.8016242695242246,2.2330729058271626,-0.929043227196323,1.416800348208111,0.45469337200843807,0.22376350406372622,0.8276434265691541,-0.08090728760120137,-0.3830417228503867
2010-02-27,0.9585577931867395,-0.8377230201465659,-0.4028331945034763,-2.215536864210458,-1.8625768870657815,0.46283613915098304,-1.348215548500689,0.4116714036355124,2.468616742761519,0.4973196033239472,2.0671358836343785,1.7297154782847404,-0.9938459927000867,1.5230254093575333,0.4796239394589241,0.4007457742516389,-0.7139882846757417,-0.3830417228503867,-0.5607564067521373
2010-02-28,0.7419839565262271,-0.37061911765376887,0.8190138206344357,-2.4868357086619413,-1.764126387937701,-0.3667100433218777,1.8167244235266888,-0.3256661811622459,1.40116909057176,-0.9743154015638995,-0.5703769254008083,1.5767654356724,-0.6276686369174272,0.8764827271474305,-0.7038139771939744,0.358413755667114,-0.8254952714332524,-0.5607564067521373,-0.6128470371809481
2010-03-01,-1.4965201766083336,0.20168547044847485,1.6639296782228348,-2.5356366036102767,-1.4252380623092322,-0.7386128171822649,1.8506611271915643,0.22275091455893717,1.9913698597516054,-1.2314324930074323,0.3044727362294431,-0.16213197574218516,0.8057828712637919,0.7775753548317875,-0.9811018438574063,0.1933742153702807,-0.26207120168239767,-0.6264746605624489,-0.6102631868545721
2010-03-02,0.426818169240094,0.9352188544534579,1.839965109775872,-2.1830012343784078,-1.074854240208521,-0.18514623366202063,-1.5101765097368915,0.7334702669403684,1.4476673719992603,1.766001526544539,-1.0235592349707732,-0.9504347689550626,1.6111861966259067,0.7906260155010626,-0.8193297131990154,0.016395820490537887,-0.30345608682147923,-0.6102631868545721,-0.6729294477056545
2010-03-03,0.08553675851930595,1.6042085231087457,-0.6248954520068877,-1.9787472773888175,-0.817475719951699,0.6525243421827372,-0.5279904764927172,-1.4630361141751596,-0.00144799434747666,0.8871947770061263,-0.6954821572492379,0.8601083619703441,0.2373202286531792,1.3459551016217204,0.21997421605389236,0.14860530081487086,-0.3415888692733091,-0.6729294477056545,-0.6298462498362898
2010-03-04,0.956206682134414,1.748133830098314,-0.5642439554941946,-1.808624270044364,-0.5568788008404899,0.5438218045805738,-0.6173118713567548,1.7671667936364095,1.2287990950166268,-1.4960129905505566,1.2063734804904016,1.378339178838428,-0.5646869115401159,2.419698592579181,0.6421508230650682,0.30993040963549784,-0.17088288345111374,-0.6298462498362898,-0.787432419256517
2010-03-05,-1.3640593006258348,1.555153110216234,1.0517889714180046,-1.4042483321850316,-0.3147457735580125,-0.26036024257859386,1.1040180191173898,-1.6867375646488958,1.7492299053566922,-1.4245630893768921,1.5666968927579483,0.3575324436234987,-0.6736295916602565,1.723864928950033,0.01667288613412328,0.4486026595187241,0.3040222128181624,-0.787432419256517,-0.9026710492613431
2010-03-06,0.5577417366144355,1.3316316803287955,0.935586677510742,-1.036366990450818,-0.057696260777954964,-0.6501859993041613,1.340359809481114,1.1576115276429275,1.6706261214695193,-1.4930940069553353,-1.0167663877864968,-0.9283948113207188,0.4926021583023683,1.6371125046024781,-0.8006386319108307,0.3995240538972663,0.2784120536950572,-0.9026710492613431,-0.815368278444027
2010-03-07,1.3944351940820594,1.0084734566340865,1.5465250764797924,-0.6072954849362043,0.09888667710462777,0.1465173105924007,-1.1566975786787577,-0.48863330351111606,1.397341492584836,-2.0513776209384145,-1.5838320592240596,-1.7813121733681765,0.23660550333016075,2.014397152967434,-0.4937199548880561,0.2571088115191668,-0.5152909757990791,-0.815368278444027,-0.9795151946355422
2010-03-08,-0.36610220638464597,0.6162879442861345,0.8222892701121717,-0.3214673433540557,0.28114683999672185,1.1452041794242325,-0.5189170134681499,0.34829844636953383,1.4447025839768504,-1.7794868374435513,-1.437824188787479,-1.3310229750803908,-0.54055116524513,1.960821926111019,-0.21710493114630156,0.20497436890859005,0.005595480912764237,-0.9795151946355422,-0.8791247661235052
2010-03-09,-2.3083814891049084,0.17293529278174513,0.29387246140745993,-0.06534347322155803,0.5894029061180504,-0.06753593585946047,-0.017384494413977915,-0.8693837381409028,0.7947222542951425,-0.4606399518440789,-0.7779258488524082,-1.5423984036174303,1.0634799403360276,2.13879843136784,0.016154958895478633,-0.023406015985324595,0.3279344826590574,-0.8791247661235052,1.175090025277547
2010-03-10,3.0301229716377116,-0.18068515787695252,-0.1684486658076456,0.1525287616572638,0.7867279615662498,-1.293693072646804,-0.7112571776731403,1.7880396960290381,0.8168553328487449,0.5936775890986952,-0.31118928072913987,-1.2477881071483654,1.5252562715253375,1.897126171196626,0.06620559671395901,-0.27670424708676145,3.223537440582561,1.175090025277547,1.8226924215255589
2010-03-11,-0.6449669990987794,-0.40802851511196114,-1.2255124754904556,0.3454550898443738,0.9853656084472516,-0.7275987068223081,-0.012944889801141259,-2.344038137420955,-0.39066199298424176,2.440223500932419,0.3809064667592807,1.2810340748455076,0.7603070569298833,2.222510002890935,-0.5859044188746145,-0.41675220284308173,2.108966687867799,1.8226924215255589,2.1284423243339283
2010-03-12,-1.6122907649306077,-0.4721638180911767,-1.9232287864249096,0.5377422997232796,1.050946858499768,1.035800482191357,1.7289401049180786,2.165060312506418,-0.514052696603272,2.939914309527764,1.4433266674319245,1.5627294254404855,-1.4873348654280656,1.923431997033753,1.1059169186223665,-0.37403416056479466,-0.6935100616238677,2.1284423243339283,1.6020589981923623
2010-03-13,1.1920914995536052,-0.5068006833360058,-1.0584780127697606,0.7475539370020137,1.077389784998929,1.1121024571939873,-0.39267009164409866,-1.3165777816868867,0.019420064220030044,2.9336257443623253,2.386247398859025,1.7691821683362432,-1.2892695010277857,1.4170186570680268,1.9914750012565683,-0.02745571120046745,-2.5999246682181156,1.6020589981923623,-0.03458238673961499
2010-03-14,1.0335246060721863,-0.4999089870907424,0.24317177406771293,0.8946179719090357,1.2751347159123916,0.1354184252416618,-1.6715758754442358,-0.15390580919168947,1.3632592505363466,1.0891003427862311,2.8955208970206083,2.509881639505253,-0.1039567319312433,2.170041353451163,0.2936233767324987,0.16398574235892852,-2.4109930849184966,-0.03458238673961499,-0.08895965077426014
2010-03-15,-1.4583162074486495,-0.5640947434214499,-0.17318276282911294,1.2904867868731187,0.761118811914072,-0.7798509072120762,1.0013595087859468,1.4622787975355536,1.5143637983297755,-0.3987238422582205,3.0244579416434374,1.89270094981604,0.5242097756321039,1.6949117298834757,-0.45574157045733843,0.2346238094079502,-0.10349275437070976,-0.08895965077426014,-0.6500132521884331
2010-03-16,0.14031609637673137,-0.5733492678563791,-0.9621997057931325,1.207547738346957,0.7685359426481578,-1.3999603728257193,1.137886973751932,-2.025271966035838,1.7641751374880164,-0.6244989502117079,1.9756060610704655,1.029293502828098,-1.4024627212691259,0.2717544758712478,-1.1139773981392147,0.07935053089839948,-1.6927138778118767,-0.6500132521884331,-0.8927186720619057
2010-03-17,1.6591534008596842,-1.1218525164136752,-0.24374897211818963,0.9167941649337613,0.40794111376976283,-0.8396675422055467,-0.9954517450265477,1.8083057016074893,2.6302637095437507,-0.4963158307435713,0.3947485583359574,0.5259487497099103,-0.9225071340070037,1.018407690474412,-1.2340539655597176,-0.21502687975020196,-0.6039637516074732,-0.8927186720619057,-1.0014263413917974
2010-03-18,-1.3699161580445338,-1.1639117051192014,0.19974077864149842,0.676722323789639,0.3733235089714672,0.27305411423994713,-0.3924363755427415,-1.0859642756720527,1.6741140510797008,-0.23899911103757623,0.636795848692907,1.1798240242178806,-0.24190097772977565,1.5477382817777163,0.06202150895426789,-0.1858178877177257,-0.6871397685837692,-1.0014263413917974,-0.49811733086446586
2010-03-19,-0.22230143631892385,-1.169502711271468,-1.392854547084694,0.32152824510589806,0.3294496073458854,1.8445724328638613,1.350287112576432,0.356558972202088,1.0188944059624447,-0.5897783151658871,1.685776530003402,0.7192922556797388,-1.258933596274871,1.266792469677189,-0.3922235044046053,-0.15008078563947294,0.8878004324042608,-0.49811733086446586,0.7766855097315496
2010-03-20,0.857356669109861,-1.0710621166162713,-0.6636559187632417,-0.08148222350415295,0.37797308401155405,2.0107813737881353,-0.27807314436941577,0.06702805880658377,0.9883415172968928,-0.20144914398638641,-0.05099171018444526,-1.0457336017596461,-0.9836850387856977,1.8076189624387087,0.6727815987070127,0.007797522526609257,2.3816396719104156,0.7766855097315496,-0.2761639248220716
2010-03-21,0.32755458989054376,-0.6393788681258572,1.4524011268998602,-0.4348834794234288,0.3462854234248247,-0.3291085927900886,-0.3321744702279853,-0.10660789297627836,-0.7390531322053412,1.203942788449996,-1.31987713812038,-1.0431117727894301,0.09921579293938947,1.3839317095848305,-0.42104891443322573,-0.02842192897269341,-1.6903233401947697,-0.2761639248220716,-0.7818128993425056
2010-03-22,-0.6628058816498675,0.38198309087906807,1.2477369539090801,-0.7127229859265226,0.32126030140912837,-2.326340354699884,0.02818306508297428,-0.06378527184066038,-2.2289018657695383,1.518917794131627,-0.9270081988617906,0.5629898075828044,-0.42525440328412495,1.3315419212925739,-0.6377903356151285,-0.14094013865050337,-0.5716781453052484,-0.7818128993425056,-0.5675265231621559
2010-03-23,-0.39928342290911184,1.3375772915024504,-0.0681853187416674,-0.9314794358686355,0.36773125860448125,-1.6340389556073238,-1.1088291457474684,0.21142567370652554,-1.6128064604024213,-0.28050674285410365,1.081512927189605,0.6755988084498288,-0.9826482766979262,1.8258154250932395,-0.9838451369993239,-0.28402318275943006,-0.207221508834905,-0.5675265231621559,-0.6209900825865747
2010-03-24,0.49769693202182036,1.7064458855839604,-0.5401764551534006,-1.074907171487318,0.34891048287036286,0.9675254313142129,0.48920822418929444,-0.15953958638629298,-0.7973927434904992,-0.21026950508538522,2.431567798480823,0.7244313064843305,-0.16875225697527874,0.2572134201017957,-1.1723765135113953,-0.3785396778176418,0.2759932356152562,-0.6209900825865747,-0.8272384690456612
2010-03-25,0.6661826130264266,1.7639293370328881,-0.012417505945281616,-1.0918391144777493,0.3204545372659338,1.8679953482552887,1.5474079119433124,-0.03084754369455298,-1.49287374523455,0.6306443521250203,1.0956526223791727,-0.395508716773703,-0.8295190251085964,-2.125502665146651,-1.2903241663498701,-0.6352291205763845,-0.5263655942910022,-0.8272384690456612,-0.9148244165954668
2010-03-26,-0.9652626600939903,1.803099148099575,-0.25617413950120477,-1.1674085073857763,0.31575517998082286,1.1652099200476336,0.3814514410093278,0.13589145905390382,-1.018892317648378,0.9062460024365483,0.10696151230827919,0.31385598419463007,-0.9573704792887346,-0.5859842707827441,-1.247169788294193,-0.9729942298629668,-0.5009127829248657,-0.9148244165954668,-0.9337084629946478
2010-03-27,-0.31744964030521655,1.7827593494423986,-0.8371785818580847,-1.2258757482863871,0.29825478621931484,-0.23987140526980827,-1.6015187631782344,-0.2194993864400814,-0.2155027410293199,0.08541124349350869,1.5506737455725128,0.35849847052513417,-0.28595531418620457,1.0155693577578422,-1.1303941713765568,-1.087141390955658,0.24662224067465813,-0.9337084629946478,-0.9723781509258043
2010-03-28,0.37299414345476356,1.6565616674816965,0.22639984405331212,-1.2863437324253892,0.3555770113449331,-1.7131296576285047,-1.4479231696971748,0.2796634102953913,-0.06397179907229207,-0.2577795326645469,1.2948599226764352,-0.1283823137655228,0.4658539112659297,-0.4130248533133577,-1.3149994860629621,-1.0924060963369098,-0.12363729306315403,-0.9723781509258043,-0.9018287296345171
2010-03-29,0.027530925457109924,1.169673627086145,1.8064339551139874,-1.3190326638801166,0.3258860506506594,-2.042048614973679,1.0097953584542436,-0.22191485326167268,-0.48675681074475824,0.7514743512755442,0.06683518914212493,-0.49479518776539827,1.5457294816951213,-0.3839951859848433,-0.8760995199239534,-1.0738946450953335,0.2125755917290036,-0.9018287296345171,-0.7851346811153737
2010-03-30,-0.038636051153870525,0.03547573415585746,0.7815571078855139,-1.388866374994139,0.3804230374798186,0.4305615744571078,1.1548802778276892,0.1368665121718451,-0.8499104708943255,0.5000440323252788,-0.3773752858354183,-0.5123806793331687,2.398494366865911,1.9750713742610664,-0.6209710543030622,-1.0451226679228987,0.5043461875417938,-0.7851346811153737,-0.6629060686272203
2010-03-31,-0.19031628985423793,-0.7922700472782235,-0.5807994872474521,-1.410648510715102,0.3493918366976216,2.232105538898713,-0.5664773712745447,0.02926444367142655,-0.2855175966529334,-0.5613534321244845,0.8730849615266335,-0.9707111015687856,0.8464186262672189,1.3708126134077263,2.09777470993261,-0.921336877229005,0.6485440853770252,-0.6629060686272203,-0.7327512197577323
2010-04-01,-0.19043633158288903,-1.085037303333731,-1.8862955448666532,-1.4090539834838591,0.2493144662637528,1.1970518220994653,0.09897194659029264,-0.5469413213749091,0.050767880875087594,-0.7389377974495667,1.3721371006640115,-0.9767740417763332,-1.4248576569456126,0.5349994206303471,-0.13978205790803333,-0.9407515596339153,-0.5515895916435143,-0.7327512197577323,-0.7507364096677694
2010-04-02,0.3514143715930194,-1.138481627376155,-1.3888186534429334,-1.3701748085334886,0.13487337822059928,-0.8676071899122478,0.04879548565766535,1.3737395866641569,0.5407299874330976,-0.8897937154269013,0.834470491187325,-0.7259226024476887,-1.5833423339519008,0.08842811750830976,-0.7683786779802829,-1.1667812059404488,0.1670059619064346,-0.7507364096677694,-0.641095163453671
2010-04-03,0.011395390266081834,-1.0589404294599614,2.271219061257653,-1.2114184867582438,-0.01522580275433826,-1.0038377551476019,0.8537410132751375,-1.3696691925258067,0.6053856383667249,-0.6020131762825436,-0.6083285440870084,0.08261203599357432,-0.35207509350547295,-1.3825238303645395,-0.6319927470273132,-1.2397730618490765,0.30231525101737516,-0.641095163453671,-0.5103029544865884
2010-04-04,0.906873808580859,-0.9200232248778505,1.9358138258746302,-1.0436408111166673,-0.16363698050992784,-0.739130958748652,-1.0901809362041535,1.2346203104003917,0.4641690360715652,-1.3455598740313583,-0.14299634793859903,0.32057021493243787,2.402316652426421,-0.27502902204566965,0.5407196181053854,-1.0541932481345382,0.13644993275355324,-0.5103029544865884,-0.5396554302281523
2010-04-05,-1.6595179853472508,-0.737784446986489,-0.3146628941638174,-0.768998264235853,-0.24799083142684752,-0.4326953458707634,-1.298501695945546,-0.8303711428747562,0.20648033035342392,-1.1466182843809893,0.16269518963105542,0.20467097362436953,0.4917604329807328,-0.4039156709644943,-0.6279711833312476,-1.040403721858534,-0.2522467014438944,-0.5396554302281523,-0.23809341776192466
2010-04-06,1.144165663093689,-0.5571668205408273,-1.4075084727919933,-0.40086258907826455,-0.3974566141805846,0.799193248544261,0.8505002111169402,0.2519468107568414,-0.18362974499279527,-0.9069616310834808,1.0108360460361108,0.33982155495479244,-1.5253053010220443,0.7754744968242971,0.8050828915617809,-0.7241745439210222,0.4576195795639451,-0.23809341776192466,-0.008102202684454511
2010-04-07,0.4538717873632144,-0.35981094767462757,-1.1887374090440512,-0.020271252189799013,-0.5811252493740588,1.8326463620756233,0.1679100476698395,0.0811023377076035,-0.026972887994068006,-0.5435381728790522,0.3693578059865453,0.390539389840563,-0.9833644276654311,2.0080371584180243,0.7961697408118671,-0.42239159855348823,0.4487618680445917,-0.008102202684454511,0.24162426107068577
2010-04-08,-0.5804029911623513,-0.29831433190374895,0.4071919107917423,0.3399605105354866,-0.7270311017365512,-0.16779978124406553,1.0121569663065777,-0.025421243082684362,-0.11593965797109536,0.10981189954552385,0.5646934867906511,0.27025085647638186,0.9733902894121472,1.2453574875647149,1.1867814050654761,-0.00397187044228642,0.6209638617997195,0.24162426107068577,0.18580618418411818
2010-04-09,-1.417021432312463,-0.23966570053677336,1.212377823109731,0.6033151081914027,-0.8571811897549713,-0.8774116381353995,-0.5034123438673926,-0.39035796107695153,-0.357040750098679,-0.34852742505036816,-0.5997037307983072,0.15382494767549731,2.6690395361990573,0.4124017192607498,-0.08130188232113046,0.12746113428751757,-0.25064739758327204,0.18580618418411818,0.6916859839874637
2010-04-10,1.5663081755456105,-0.1680384614435151,0.4756199911643717,0.7733829207389398,-1.0686667903912501,0.32187801922499554,-1.6211650999970586,1.0055145232176272,-0.9561913681082712,-1.3264661854053208,-0.19235833070138525,-0.005570131317762238,2.065274394956271,1.1392457540493501,1.644666295918485,0.5497460979165268,1.1660037844648137,0.6916859839874637,1.7567042786570166
2010-04-11,-0.8866741613292256,-0.05060749339269318,0.14090312225430104,0.9245439213859161,-1.1473094769085803,0.25094037120491275,0.3039294412303223,-1.3589067490099496,-0.8585438994233839,-1.5327228905296617,0.18922464752183507,0.13158952822188577,1.6914401744681866,1.834813026424837,0.43697172209414614,0.7682145548491159,1.535174644453783,1.7567042786570166,2.558459780924937
2010-04-12,0.6090079478338037,0.21768791025060336,0.4131831862764639,1.0410750888813587,-1.187315510496285,-0.8483412027152823,-0.87035843046692,1.2343996528958718,-0.4740015127405758,-0.800486775888536,-0.14386741665516628,-0.36805110484525744,1.0091009751000526,1.785072808097396,1.9466096331678127,1.1067195230862963,2.552693625282198,2.558459780924937,1.0782859140112857
2010-04-13,-0.7012024548298214,0.62572039530038,0.12998516647275973,1.0361913403381509,-1.1857799267693083,-0.41313723703230976,1.251408614198847,-0.642016092695647,0.011702249515901071,-0.43840315031703647,0.1782389162876805,0.13785794492464418,0.7777305686091106,1.0861862910185616,0.6620183165060612,0.9228072177403233,-2.6104078192179827,1.0782859140112857,1.0613106653596083
2010-04-14,0.06843918606526413,0.6903002215801423,-0.348597074631447,1.1276756469616542,-1.1023343073695873,1.0900798921896608,0.8219842150403432,-0.24137718047691423,0.6533014616422672,-1.391451302779488,0.0958360594402872,1.739979301574621,0.23347982161507816,-0.13204959686580411,1.704367938346052,1.2151827042166992,0.08993447883222495,1.0613106653596083,0.6714412279475741
2010-04-15,0.5745914464340155,0.6468875862996679,-1.3227958536573485,1.1664687117972716,-1.0480300688528983,0.8849689783501661,-1.6135809581952245,1.1363750205387262,0.8954082963264774,-0.8518920997457267,1.3205588766933412,0.41119173305488127,1.2093533328481563,-1.2032180106431916,0.31317788342547737,1.320195724847291,-0.4768220454336935,0.6714412279475741,0.6329186860097952
2010-04-16,0.05492879497504954,0.552365880513905,-0.6862290262510531,1.0035705840850442,-1.0236892905909953,-1.0265786780206934,-0.04940516352000532,-1.3462697999991848,0.6741781009038497,-0.10427112194649603,-0.0858462089320047,0.7847766670660311,0.09725835351057394,0.984340215012195,1.072667167450812,1.5341097274775202,-0.1617320670479064,0.6329186860097952,0.2890653776095039
2010-04-17,-0.15664173709756252,0.44754435692533184,-0.02795045690044641,1.0277178819877615,-0.9716750788209129,-0.8262477229117342,-0.12752650893036385,-0.0900097126018617,0.056148297791995254,2.1786308473166605,-0.665302254468315,1.2336736521705813,0.9132634315679365,2.2246230138424044,0.3512943655710206,1.499552069640982,-0.3904064339814642,0.2890653776095039,0.6220461037743401
2010-04-18,0.13795591055774695,0.20040214975893064,-0.062113471081750964,1.072567554338684,-0.9438781408712024,-0.44388501930024593,1.0758800203967873,1.9543525749105062,-0.051853433514027894,2.4311498577254955,0.6539932425727117,1.550562616396152,2.3487105566069895,1.5711461392747037,-0.20709084227771035,1.4884639922072795,0.6427548739863506,0.6220461037743401,-0.3294434537329268
2010-04-19,-0.676029396584953,0.020695939557878844,1.1983590751456847,1.042629948042022,-0.8549523942894619,0.11690489388698184,1.0538778550184797,-2.4620488736176425,0.4014021416701488,1.1773944888139583,0.9170986776940941,0.9702667874176986,1.204504545272861,0.6098725545380291,-0.10737258507539069,1.3411821063608402,-1.3611536008213865,-0.3294434537329268,-0.16663422886439808
2010-04-20,0.9602623943128333,-0.27353595727819113,0.6610544877461497,0.9906711835043525,-0.7521283735802463,0.26642685224554913,-2.684408106968225,2.1586629142386564,1.2983549609669143,-0.5006465895497438,1.1932399643368292,1.0829946903694112,1.3536570190075925,-0.9192817125945001,1.0725002934472656,1.3611633687973888,0.31882769140135103,-0.16663422886439808,-0.44366700700595796
2010-04-21,-0.032537553969826154,-0.36165312495649493,0.46012101870061317,0.8655723978596613,-0.6432205743167854,0.8360874642332177,0.6105858776583992,-1.2523406584735777,1.877675501268312,-0.4286208378172803,1.0994769032395133,1.4206178112017636,0.6413803366301902,-0.06502954182382707,-0.4095099911773478,1.1177574055604014,-0.46067710750223895,-0.44366700700595796,-0.1074793702168
2010-04-22,-0.9802703395121483,-0.37006182019483835,1.9265011156811442,0.7594370160374885,-0.5373131506062678,0.7763362521169962,1.344417386274235,-0.47873382187171526,1.5064680453924773,-0.5370135947189856,0.9215509333044017,0.3997376671625098,-0.39820377871071583,1.7658066482080539,-1.2555366236460945,1.072714543308473,0.5308873102014474,-0.1074793702168,-0.15665243578511
2010-04-23,1.3992807037577233,-0.4064330462344369,1.6455348676052928,0.623918735149218,-0.435509186183253,-1.0169222589804507,-1.2445159676766708,1.5733147338894609,0.5383627793748164,0.07811821004479375,-0.06054846488465277,0.10367538916643497,1.1761990263540818,-0.2559918464305466,-1.1504211635655008,0.6600784296521319,-0.0693946355461846,-0.15665243578511,-0.8346278061014043
2010-04-24,-1.816920203608261,-0.48920843532601666,0.0776581758083842,0.47877217173447106,-0.4045842736295187,-1.3177307100155615,-0.16007131173822917,-1.5383507890832502,-0.6879429386954801,0.78017681618858,-0.5804238826833122,0.14742306609189607,0.7522665687077411,-0.3692427407953909,-1.4858182907549269,0.3527647423072709,-0.7843657548486666,-0.8346278061014043,-1.4298026595839661
2010-04-25,2.1366024010943305,-0.6701524878453954,-0.4972512713829819,0.2937291860634885,-0.30636475115226536,0.3430587913870673,0.1359606219502478,1.0434337603757082,-1.4150339838682728,2.0269990328233836,0.43040157699730863,2.080281536727862,-0.45221761241161207,0.36617051274634893,0.4313557449731829,0.15007589471922209,-0.9785907496065664,-1.4298026595839661,-1.1182749006921708
2010-04-26,-0.688141617581867,-1.0015817107797562,-1.2948647848831196,0.0439926564754827,-0.24950131331769587,1.4476935932721453,-0.69451739738567,-0.2970533620289939,-1.4695282323011578,2.2624341124080445,2.063482488700701,2.073812066959553,-0.060461077812030015,1.3702392613351801,-0.45010901343551485,-0.04532087960525139,0.6569099319592231,-1.1182749006921708,-0.9132298078101293
2010-04-27,-0.488982569941315,-1.488564345912237,-1.0674791314927072,-0.20163357137360902,-0.13739154877397128,0.8114179360928588,1.2792256637037858,-0.559831231008795,-0.08929777891667223,1.9491319330766161,2.545830045595822,1.862252241576374,-0.35842842044612483,1.3611863653476721,1.8222529779826901,-0.11033989180585331,-0.31839496705775705,-0.9132298078101293,-0.11361158008368712
2010-04-28,-0.009273594412778889,-1.7450595203918178,-0.8749042608778725,-0.4072446740687949,-0.031062010053810256,-1.2349560229428613,0.3963738776049771,0.8811200095127633,1.2804970234548705,1.6886328807096829,1.685064679609569,1.7935301378591086,0.4381026630088124,0.41000988332405414,-0.11556631851317802,-0.17779168190725594,1.0285424449065907,-0.11361158008368712,-0.3260994128763017
2010-04-29,0.45361487940417905,-1.6188527528523118,-1.1865430612491688,-0.5932534210990582,-0.03846072975260652,-0.9924860561133719,-1.0869834257968187,-0.6671774283456795,0.8869990458844024,0.7237365291272035,0.28577893913615027,1.6936330811609206,0.028485111254069048,0.0455642460294385,2.14223126064147,-0.06663751214075975,-0.28162165797477795,-0.3260994128763017,-0.11561804261943376
2010-04-30,0.3412894748552139,-1.4242515548339085,-0.7782392484655968,-0.7382230452332444,0.034646441262006535,-0.33240875971704903,-0.46271876181840627,0.5341151192264341,0.05220396329311271,0.9932423961254887,1.5242172019590023,1.1464367247933984,0.09558512317067072,0.8756127175185766,-0.06114816249154199,-0.1350776326882777,0.2315250725363336,-0.11561804261943376,-0.6865145009735742
2010-05-01,-1.2930848038786822,-1.0800099598296802,0.87044099239424,-0.8001035378708536,0.1443564144521729,0.5934506103385808,-0.1536771239352181,-0.7393230913425953,-0.5173606163408468,0.6897651361122366,1.0535976081254315,0.9344591179588447,-0.2627924746479669,-0.11204842279181525,-0.7792869839777314,-0.3137930343503031,-0.6978538053338367,-0.6865145009735742,-1.2451298540589535
2010-05-02,0.9293600326350131,-0.41475278483839373,1.5980292358108226,-0.848588184938489,0.17514337149298984,0.7653517053096458,1.2657312091218647,1.183831307842185,-1.0195879929335736,0.6134233040505848,0.29736618756936395,1.1093764752019688,-0.2060780704386937,-0.47350440620833784,-1.6784132877902913,-0.5871772284930131,-0.8916912051473835,-1.2451298540589535,-1.0987186422310031
2010-05-03,-0.25364867918157963,0.5648983204464842,-0.6623075518284272,-0.8705120025914125,0.21203860761064788,0.434467781399573,0.7978723752402714,-1.4254058532513383,-0.9045939168706388,0.14609680124609298,0.9945256560512609,0.509790361181078,-0.081958345762642,-0.7451529744323231,-0.7790784808968929,-0.8968133839152422,0.05813540153667062,-1.0987186422310031,-1.2664781001224437
2010-05-04,1.022112775614735,1.440005440379811,-1.7296395852139967,-0.8616033077935364,0.23650013078728413,-0.4441358403992088,-0.7643719672667638,1.26743325535041,-0.5753027600823365,0.5578331464796847,1.3701267005747046,0.3721472785941132,-0.848407059593955,-0.43160272607803224,0.40167816249253496,-0.6525351765827987,-0.4031105432464586,-1.2664781001224437,0.07678877840720351
2010-05-05,-0.8802037141475673,1.9152573150305257,-0.5624303110969192,-0.8823452660723429,0.21059983817960637,-1.0058535653965914,-0.8825226189067278,-0.41066930638320376,-0.29919471060568126,0.417578019180817,1.91902305983832,1.3696947027406352,0.709439163335447,-0.23506343036627966,2.2228794585704694,0.028823161418179994,1.5099815157311594,0.07678877840720351,-0.024037521554236024
2010-05-06,-0.3513609908083903,2.1857008952211787,-1.0312701785810015,-0.8300792739962213,0.23151840011665126,-0.18381650204732058,-0.204328830727221,-0.8625547969883858,-0.3695700965331435,-0.38370624257909547,0.7926199040837338,1.5941303842967707,-0.10092117764379355,-0.6815927473401329,0.5325299996461882,0.34515176784100177,-0.12575403573418184,-0.024037521554236024,-0.1242348211543554
2010-05-07,1.8853183539471272,2.2997419068015517,1.2972714715832274,-0.7553479275837598,0.20967973952853078,0.6959244873305085,0.6160093911779213,1.4844495270607871,-0.5323551641043237,-0.7792802185961762,-0.007515089274773417,0.23140537147801654,-0.8354721959773924,-1.0909491026948834,-0.9265072593963862,0.512685342463711,-0.15662333335627548,-0.1242348211543554,-0.24553771012356318
2010-05-08,-1.9422255444962122,2.1691865595434736,1.413042735588098,-0.6810949404791936,0.21328644280940998,0.56712887074827,0.42623483603689805,-1.5892682086086467,-0.45141560785116347,-1.1437057879134467,-0.037718938327695496,-0.4473900561299297,-0.06734066139211727,-0.47062691071136686,-1.2488394008263013,0.24463256031073363,-0.1419404050096743,-0.24553771012356318,-0.8104401166773039
2010-05-09,1.609695724464314,1.5218206745221796,-0.4986670613654058,-0.6557810233032391,0.19880334127584862,-0.25169202174704297,0.04469620132820542,1.4394420787580677,-0.20087169712998026,-1.8730673044612194,-0.4684208588386513,-0.8904671265489277,-0.17918846978547656,-0.8887798409353698,-1.0201398749098434,0.22666469365024577,-0.9439179069427412,-0.8104401166773039,-0.036325571287323284
2010-05-10,-0.246752419660317,0.5107580296734313,0.6487689114077843,-0.5782263615435158,0.2225693839982635,-0.10064609165067853,-0.7561446679779684,-1.1629498993152727,0.26996567028536517,-2.446783002024906,-1.0759005172920384,-1.8219586837785418,-1.5649079701007118,-0.2906490301900149,0.3948757853187605,0.061042067706232245,0.7355478598193103,-0.036325571287323284,-0.028919714070229703
2010-05-11,-0.38775848405086993,-0.28434708066563713,1.2856555272453172,-0.49974365721758474,0.23562705075211915,0.2967775407952383,0.41805076283040077,0.9616417940850067,0.1388609144929531,-2.3363544855586365,-2.192580866514958,-2.231652208647555,-0.5908751511596261,-0.14299756328048735,1.4554152667075393,0.25337774828254783,0.008553302203518614,-0.028919714070229703,0.16849082001487053
2010-05-12,0.33968835274587,-0.6686360129053117,0.10249645667329442,-0.409203722392669,0.22208681307643652,-0.4225689032835229,0.32201329699090664,-1.1229232634220587,-0.6017235250418229,-1.5880710613104474,-1.838845521751493,-2.3112450376887015,0.24670844209346296,0.4934189607213162,1.7660775742189971,0.18887701440867907,0.20091007262507785,0.16849082001487053,1.2142992098733432
2010-05-13,0.032364290403057716,-0.7409400934395644,-0.05665507104549874,-0.3214302379858326,0.2370477104684752,-0.7066456180020962,-0.7802182199838791,1.4953687922971084,-0.8445166750238066,-1.4523387009774857,-1.140316028833981,-0.20500986194730023,1.1103831197294947,-0.18758258781469736,1.2590957306805142,0.3408816610999233,0.9400737960297662,1.2142992098733432,1.1697288051930257
2010-05-14,0.3957455804203522,-0.557327949550124,-0.729381267588716,-0.22553361658125692,0.25527775346673626,0.5985688656972906,0.5745602665758299,-1.8673128313688312,-0.7986584064796906,-1.258819992129367,-0.09979817583176445,-0.2574747620752639,2.1240464757693163,1.495049266928262,1.3133345413549926,0.6517195468531746,-0.21472415759221858,1.1697288051930257,0.2719354071812497
2010-05-15,-0.9076736546912354,-0.20708270463800418,-0.7188823014152113,-0.049780007231156095,0.2994017435142526,0.8155218200679831,-0.17656796793415822,2.127456412679844,-1.1675557026034118,-0.5658255014033466,-0.9903701696265349,0.20123387627990905,1.8302600470793573,2.281441815417012,2.4428568189297977,1.0810076984589492,-1.0978385025387236,0.2719354071812497,0.17049804860741066
2010-05-16,1.3158007473058853,0.19711760159851893,-0.5739306237443561,0.021052487490901238,0.2627112077190781,-0.027951106199262356,-0.7688123877998262,-1.8670430631159163,-1.2450234985077717,-0.3441552356388785,-0.8447642597490337,0.17299178965774933,1.6977637066961349,1.8393188127084763,1.0657556788540083,1.482095084554066,-0.28136873089476755,0.17049804860741066,0.027147795750986536
2010-05-17,-2.0165230427221705,0.42492748969755867,-1.4680211006132309,0.12725347200743006,0.26373500930633703,-0.4325730295743274,1.999396699470203,0.4864401155768218,-1.0891943276807199,-0.35504934397130183,-0.2750844650314594,0.33568419158605656,1.0069238481902214,1.04683285171578,-0.8767667664945199,1.3587861833016532,-0.2557060034401626,0.027147795750986536,-0.4752704853029448
2010-05-18,0.9370344971069392,0.2844772674687862,-0.25051350006165907,-0.4388081305432755,-0.3736256347211168,-0.1539841473626623,0.446749939354674,0.796696612078672,-0.8395362282783739,-0.18191764086894752,0.07916405138703883,0.057899996683793656,0.5670412495291665,-0.9556392763965968,-0.4945037904872199,0.8850679642181608,-0.6232329977798619,-0.4752704853029448,-0.6559762381807249
2010-05-19,0.08396398675894406,0.005003580145751502,1.3855173852419136,-0.49394343530862894,-0.07566262842924748,-0.26756511850881526,-1.3787126737774733,-1.081518726775279,-0.560996968141736,-0.014567287770123357,0.009432269927870699,-1.0658924858677679,0.035319254195252406,0.04414678898823845,-1.5152151093182016,0.6810626524705078,-0.4130515020645523,-0.6559762381807249,-0.6475690313805819
2010-05-20,-1.5794992752536685,-0.04103471137187882,1.023926956293277,-0.47303121238076595,0.17370167258109104,-0.5836373062238818,-0.9605812084968574,1.242321846907724,-0.7764984093318615,0.9018195920486461,0.5166802274591249,0.4014851609854372,0.2886990394562625,0.950287892016597,-0.604027706825119,0.698328496608254,0.3909632231257015,-0.6475690313805819,-0.1664480170102854
2010-05-21,1.6789980826500979,0.017991960766435337,-0.8158372924694814,-0.4657131975752301,0.4553536846073488,0.012063631637675678,-0.4663949054509805,-1.2972558975755126,-0.8986740889585706,0.4929749511823287,1.2288086908382383,1.2641478097137824,0.09119770303726561,0.3002475862172087,0.1949611133744079,1.0318073130894143,0.6748625036993364,-0.1664480170102854,-0.09752894605660553
2010-05-22,-0.3052130833844096,0.14910176587925564,-1.529244138490082,-0.4268603990509773,0.6988103413411149,0.7335933328061752,1.7212607074277628,1.2469836215573116,-0.29598087479483043,-0.045133486513481105,1.6091821147599343,1.2266869993393335,-0.14038510342096402,-0.11669994270566134,0.5068558216487383,1.2571754256966334,0.09634717243707726,-0.09752894605660553,-0.18952017083018266
2010-05-23,-0.1996041205832924,0.3121814273426417,-0.354677034352717,-0.3386655039658428,0.9255064260121928,0.48463396806567893,0.956597026144979,-1.1489447149247596,0.4770475546342378,-0.9587429539645658,0.29849295457554076,0.7181026913589987,-0.2282130011211193,1.090486626717388,0.40764364278187265,1.100049152211803,-0.09576751791790768,-0.18952017083018266,1.7661329035643865
2010-05-24,0.15883435107515517,0.4577082579743587,2.111596604599881,-0.2581072243889553,1.1232309812902401,0.061998862807564024,-1.6496733664656238,0.9687188912071663,0.7042435277245902,-0.6885419998915474,-0.34606382999166935,1.0743709750099917,1.0011774019538997,0.8752619308132022,0.16986019543155906,0.7930084651779535,2.2486905325327786,1.7661329035643865,1.150906446165365
2010-05-25,-0.6252901341519345,0.49257422562581665,1.7305478004428767,-0.1767564466044781,1.3056169698184559,-0.606563390031888,-0.10645697532726656,-0.7510940047433208,0.6470505813296432,0.15258245042879254,0.874245269577716,2.631795544026441,2.173869368510641,1.1551344786586648,0.3573251991270768,0.5252458051566453,-1.6258014400087102,1.150906446165365,2.6604510274872766
2010-05-26,1.305734424495169,0.41872077943752706,-1.032586351835235,-0.12301114496223035,1.578445685306217,-1.032630300447949,1.2341575757600887,0.5547351183718603,0.6814555633896587,1.6334025651957909,1.5631863462008453,1.7849027766698107,1.5344469437954522,-0.5461636665987292,1.3915888752295555,0.7353130644850636,2.642313828164876,2.6604510274872766,1.4840239302199174
2010-05-27,-0.9145602762255245,0.19050117918302972,-2.400337939704307,-0.05205267171781331,1.7431020231815417,-0.44064762098013127,-0.4187590706870467,-0.44161516403360057,0.8299453956501904,1.8315040262636604,1.0210215182205076,1.6563686342081183,-0.22183434908699448,-1.277417073259392,0.719193864400415,0.7748039721334614,-1.4036996932437156,1.4840239302199174,2.310424776562371
2010-05-28,-0.39622508720345273,-0.2711467508619579,-2.2332143391711696,0.03700905460527783,1.8766465613342862,1.1448083231686068,-0.5978635812071817,0.3478733238703406,2.388362968461224,1.286405109231329,1.7154776538873429,0.3697624701758822,-0.9820608028571326,1.193647566051303,2.672958947441508,0.8998901190975273,2.2518778194808093,2.310424776562371,1.7460345362272587
2010-05-29,-0.3051034072238422,-0.7370966477960916,-1.076146100352811,0.1536635730417152,1.960996725167164,1.386787707076924,0.32231561991701985,-0.0764267490971517,3.016121848808373,0.7295720140523521,-1.146034391064338,-0.06804547313223465,-1.2194786324692106,1.848658253758373,-0.400179349067233,0.6516762687584761,-2.7294894574583637,1.7460345362272587,1.3184254831168494
2010-05-30,1.3733033036579152,-0.9182598808326143,0.09997496707647843,0.22710157527603017,2.0232148264987364,-0.40805091487005973,0.9298852095455368,-0.42595577860666156,2.951463114200709,-0.9541009676084071,-0.5932272022977086,-0.06343185903585023,0.47915866633626497,0.9212321876660508,-0.9851772471973919,0.6320804178482127,-0.9346578045971206,1.3184254831168494,0.9773745678134201
2010-05-31,-0.8023284677082252,-0.8969711110042597,1.4267912122747164,0.34728335586454573,2.077700254428307,-1.4978872827695848,0.04312729401723902,0.9068460314473564,2.5797315221328097,-0.8130164899881963,0.7591839048902727,-0.05494954104697759,3.0433446592288504,1.7750635815871876,-0.8956661211078808,0.577569234312604,-0.493781041722339,0.9773745678134201,1.3778612986970868
2010-06-01,-0.6591107383599499,-0.8073765288780174,0.7285766647916961,0.42120051351471455,1.9941284962954284,-0.9194286840111404,-0.15855706656879698,-1.1407459201624026,1.9947309132375357,-0.9514510252525382,0.8473426817636563,-0.8338643141085519,2.624700396676157,0.8648059282096403,2.3523156207965883,1.0728813060726856,0.27304250576767236,1.3778612986970868,1.6364622209634774
2010-06-02,1.0634495143998024,-0.6689160455355487,0.09595383766119528,0.5293910225071639,1.9473768190445857,0.8241488745313093,-1.4710840805566963,0.9090216398990179,1.0567836635578893,-0.3059041708431815,-0.13424961358982673,-0.3524936802996222,-0.5596662542261619,-1.472218468051946,0.046325245299531,1.142879951386995,0.23749081999345462,1.6364622209634774,0.5215306153591228
2010-06-03,0.07784511290768734,-0.490678480911616,0.4829886523441787,0.5498976928107039,1.6932656313625822,1.1348589968495557,-1.110349653187893,0.04469640458961785,0.3172727982877728,0.9837126116521125,-0.18178710933245498,2.1915569263015904,-1.0415583633795635,0.8321789945820468,-0.317212648819841,0.9921845487548999,-1.9729731517493385,0.5215306153591228,0.8465112808364778
2010-06-04,-0.7549279192506624,-0.24887115771047785,0.3127426423089412,0.6023797834250091,1.4150236726314789,-0.14239707659801495,0.9839089547141017,-1.1839131150038407,0.14846315831291865,0.829532468997347,0.9357981815618378,2.4612134023934082,-0.8673892210014411,1.407223795610394,-1.0884505447230612,0.8200818895437603,0.7633132663713916,0.8465112808364778,0.17079944514167866
2010-06-05,0.2619052338249093,-0.0861178144476409,-0.8407000917832902,0.6445637979295273,1.0979199153824704,-0.5363534564755511,2.1840653124935514,1.7690750764864607,0.2505483269222449,-0.8682672171487535,1.2684864943771064,0.43039284096239727,-0.22643955790609785,-1.2554846619043298,0.12368795728262749,0.7953710681508988,-1.1595338771466077,0.17079944514167866,0.2239195126701963
2010-06-06,0.4059917622520643,0.09520415286626178,0.6089114492978938,0.6703555413351469,0.9015555472825816,0.40052040721462606,-0.30429760949039986,-1.7770593594184532,0.007643740291058226,-1.7266985798852663,-0.10351710203461142,-1.4857303601656782,0.11940068798622795,-0.04120301025099268,-0.8690099344025587,0.6270270908404344,0.2145152593614606,0.2239195126701963,0.12013044518947097
2010-06-07,-0.49563318755614766,0.19778550523601568,1.9037080572822471,0.6651085310563767,0.5112675865045321,0.36288639474979345,-2.401858657469835,1.021778712731978,-0.17525646339824977,-1.251894437645425,-1.4298707532320265,-1.5793742236749606,0.2685453809457449,0.06815281027650122,-0.6143295900313593,0.48593642477832566,-0.19860761721735273,0.12013044518947097,-0.17753068278042206
2010-06-08,-0.24610862220854995,0.21613900470783648,0.7759347688922567,0.6537275527381013,0.1304717454540382,-0.8243516398622424,0.8226647886434191,0.40260607961042844,-0.02301268404587655,-0.08444720242222194,-0.182727648162255,1.1169472324916194,0.9235614323921508,0.6766183313599231,-0.9278494025845612,0.04889576470769012,-0.5558273476320423,-0.17753068278042206,-0.4828426767596115
2010-06-09,0.7701992237269113,0.3160869408245414,-1.9543387920581765,0.6114737480404012,-0.25787882107195625,-1.020868410741358,1.7188236899561875,-1.0280086306565694,0.41653117403198375,-0.25523764281399214,1.8306323959272681,0.5067183427773728,0.8548327027581438,1.45216393935459,0.12465095120203756,-0.11788683475360283,-0.47924834161468055,-0.4828426767596115,-0.11347164763300834
2010-06-10,-0.8456177665179896,0.42828190059769444,-2.072158026758941,0.6105445804900046,-0.649521431963479,0.7365028538613786,-1.1217925530089812,0.791885932563813,0.4246575911460118,-0.9220567327093899,0.4178813205105537,0.12089782602363257,0.5392069159112025,0.10608047833108707,-0.7437766353108599,-0.7309500524243459,1.2773349705726316,-0.11347164763300834,-0.18038356121259885
2010-06-11,0.41373857309358636,0.5779189428780752,-1.1409849685928573,0.5605994060068533,-0.8927795540837049,1.2509154135530751,0.9066825983385626,-0.07720821394012192,0.4872522703846773,-0.5947443944913405,0.13331834060626746,0.8949347620580811,0.5162407673183739,-1.1490266520877415,1.6649198971155792,-0.4241258313110443,-0.15320541274733268,-0.18038356121259885,0.48169077583563497
2010-06-12,-0.19758992159373207,0.6138667823504069,1.109106896597333,0.4686856156712061,-1.2009584117560355,-0.4751288104097731,0.4057973126683694,-0.6993508693139108,-0.029657547650376676,-1.2038990679455295,-0.012484176286583042,0.6136667949241861,0.8678509507905734,1.7112035686931586,0.050473719569151566,-0.22386171197999843,1.2027375648185528,0.48169077583563497,1.6450160289305251
2010-06-13,0.9365349472986945,0.47931950258539013,0.7164414724872891,0.3854041566645318,-1.5246558169289686,-0.7621481470259406,-1.5877817433694685,1.201155530982295,0.006396368866664047,-1.4961445676156557,-0.925961899018612,0.5553212788312331,0.7775601945971304,1.6285345633360162,0.9445867079786229,0.06733532884084001,2.077900542843691,1.6450160289305251,1.590979224894742
2010-06-14,-1.5914558313258744,0.3242739180777661,0.5329570440383007,0.2712584916883871,-1.7498184601167865,0.37320837879436325,-0.17952617179614141,-1.4113733129072585,0.5098187034832325,-0.5740250215293492,1.1936923204453305,0.15763447658962598,0.5780148080964628,0.923360498064233,1.352390189812242,-0.21953423812025719,-0.44377833218031854,1.590979224894742,1.5037193010798453
2010-06-15,0.9494299880840248,0.07661451364050141,-0.15992729352971075,0.15043071369285102,-1.914730659158932,0.2273453815445531,1.6152710860020054,1.3007484441793418,0.5778478685584038,-0.35661537126536325,0.850136906942484,1.356893416448374,0.015589111411469821,0.46439854807257575,0.4424638741478081,-0.16258380748168866,-1.0602923054871816,1.5037193010798453,1.0740816222872331
2010-06-16,0.02235171459456003,-0.1734610750998569,-1.257928789251969,-0.07413663896424459,-2.0473267195084537,-0.5956537870864748,0.16366504902147372,-1.018432148799663,0.44186526681735183,-1.0288097326923304,0.9065106513244975,1.8594961099734066,0.581478863076686,-1.0937258176091347,-0.2307913158314548,-0.11212376937760307,-1.6162621323065955,1.0740816222872331,1.9331077995500916
2010-06-17,-0.3248754121035358,-0.29472519984696277,-0.41050962229261556,-0.16350597700959366,-1.9884113124137826,-0.07745695363797327,0.4792353184227598,0.7918121822287072,0.4157658388301258,-1.4026845167309363,1.3724727225273778,0.21400313461620388,0.8919124386117139,-1.083751236749168,2.1787736136196836,0.5247873594128047,1.6022356200107886,1.9331077995500916,1.5541957459026154
2010-06-18,-0.4453306293403195,-0.1821702537130447,1.2766707210461785,-0.28421045888891866,-1.9770695424537548,0.383827681014269,-0.891198842686034,-0.6607885817153081,0.3705643189664043,-1.3157766901036874,0.12397904934837359,0.043107058863873005,1.052672720870438,-0.6442495476625889,1.288798006825714,0.691935024079948,-0.870102313678099,1.5541957459026154,0.31713766590337467
2010-06-19,1.0121530647200905,-0.02486991992915474,0.8256123414229455,0.2903531859305303,-0.8870098879763811,-0.01125714511918521,-1.0607697573894412,0.33246766025991437,0.44556534122758606,-1.8884637451046777,-0.5698137185396377,-0.2339568484890187,0.35674085474180844,0.4463708412592786,1.1529072509447043,1.1956950211837882,-0.9590530311062841,0.31713766590337467,0.4467119349203862
2010-06-20,-0.4590396880262309,0.2023371025921647,-1.4752935068544146,0.2679768087375126,-0.798638453345251,0.07251334874550355,1.1248765037464354,0.6131641174695723,1.2091876775769572,-1.3744020758844937,0.5748815826103796,1.131641838314079,0.9663115704409497,0.7187022916616107,-0.8094666864540908,1.3274836323322152,-0.04330593079781243,0.4467119349203862,1.2697263837080046
2010-06-21,0.1190416820783007,0.6528407989360252,-1.190019600799896,0.22180664177092213,-0.6416771143469023,-0.36920868668631646,0.07086661482620216,-1.015534488413541,2.608059332701121,0.2587953915953389,1.6397454954229354,1.2615613160491799,0.4370420515943369,-0.9411711177867235,3.4655238067229717,2.6156430167657403,1.7143426376070738,1.2697263837080046,2.0136220365271407
2010-06-22,-0.897072906102653,0.6712642164660236,0.08779552884753355,0.18454237213229358,-0.5207210953843224,-0.3922314570666551,0.0597117198349837,0.9854069265996712,2.8273664834297603,0.0373998076136592,-1.3505251104040101,2.1705642756064396,1.4305149050784502,-0.3207002398475204,2.0705526171213506,2.79918042914931,0.30841636850202775,2.0136220365271407,1.808042244164349
2010-06-23,1.6166193349087599,0.4710636220588366,0.8577393967304531,0.1420548374123941,-0.38966150771556257,-0.3417578910955407,0.3518966069573086,-0.9330905223402758,2.2748677769116328,0.8193599820012286,0.611245994244153,-0.10365804632202977,2.22822657288283,1.3437245161065174,0.887318995566545,2.900047004093351,0.8732128760030269,1.808042244164349,1.1389561042751295
2010-06-24,0.4568982213593511,-0.2334487104343449,1.0178878845192934,0.00012293093759777762,-0.2662967995945179,0.1751575908068752,-0.816091454263266,0.9844208603187424,1.8245692198473071,2.0025880184208615,-0.132027970155111,-0.33388457177363184,1.3149243187271709,0.9453041021349964,-0.4664396887460455,2.6657586960932202,-2.1372737267343522,1.1389561042751295,2.5505288193860074
2010-06-25,-1.5384417607433545,-1.1192243940747904,0.585794645236224,-0.04459379559316181,-0.12272635431141792,0.40002134200452477,-0.5908409420121802,-1.155186998607733,1.7756708727400548,2.1349609665170757,0.7751841355838137,1.5072333200124184,0.3028268015566228,0.26330211062150616,-0.05418624769659314,2.712712497887894,2.1832868781550525,2.5505288193860074,1.1144807522384135
2010-06-26,1.2159482336618648,-1.5882697107419883,0.7669094561968398,-0.08578696466562041,0.02675889225183724,0.05399908621294453,0.8760977113472612,1.3084967476219898,1.030477573623496,1.3440302922505014,0.42741650777671875,1.1092628656365116,0.31360642303606573,0.11598759497786881,-0.025347568855898905,2.245534784122671,-1.0882544971662462,1.1144807522384135,1.665754710633584
2010-06-27,-0.4810027594475013,-1.5863323743215698,0.6029351109288882,-0.16056785719883218,0.19878763840846794,-0.3337132626271824,0.23096780906200962,-1.3503468019368532,0.7139732962629144,0.6405051960744621,1.0975512811703083,0.5351950612754132,0.10106963813181376,-0.11440462729504555,1.475668708953329,2.145330591747715,0.069651096298231,1.665754710633584,1.7116632626187094
2010-06-28,0.5801884726466484,-1.2655379193037737,-0.8257281486423039,-0.19174652302049183,0.35167420958312334,-0.025874029722075028,-0.07431635200420869,1.3117697898158454,1.7983458288022725,1.8362595020780461,1.6645274870024518,0.6176720195456854,-0.2849876879275592,1.1446447626102998,2.3419853705758182,2.2546274110795905,-0.699052596299895,1.7116632626187094,2.4537797235243404
2010-06-29,-0.49507229718443957,-0.7079071219825313,-1.3217651153574934,-0.1990686908762061,0.5288026081778597,0.4700343577230525,0.8213676508179026,-1.1800115965714977,2.4863463127656265,1.3488210748064622,1.536222612843456,-0.12972615762614417,-0.3885480119585025,1.3676814562355015,0.2170738481281997,2.229905249137218,1.8879516547974897,2.4537797235243404,1.7924774769651177
2010-06-30,-0.6279768316190452,0.04259895865130766,0.14170543371821437,-0.16663946586927378,0.7021230578872774,0.3408836140991799,-2.1719889027797645,0.9133059561115228,1.5315272862018923,-0.07581364704977386,0.2273368549074291,-0.847856045278682,0.9760003592183455,0.14781212915378206,0.13967544938434676,1.8148059047401375,-0.7509970097875219,1.7924774769651177,2.665983712430261
2010-07-01,1.0152182652522965,0.8755728196614863,1.38186395550182,-0.17838723730849834,0.8306491306530085,-0.40242039084327563,-0.25650769238641563,-0.3268336860674183,0.8070123696836318,0.07864956540251145,-0.1891151826708665,0.3476354601791416,1.1268510145669668,-0.04154510720987728,0.813681476293168,1.7268493399457916,0.5930195723018361,2.665983712430261,2.987392166838201
2010-07-02,0.013927124000661267,1.659198222212895,0.03401676911704053,-0.2584174434166931,0.9656191900516156,-1.4664646643883226,2.444912396345087,-0.3165210959769758,0.197120198522227,1.2822783771666113,0.1905714386654016,1.117596726459981,0.9271941050918975,0.9885340232516135,0.24238127307710547,1.681878779938923,1.0054526886793622,2.987392166838201,2.9152396396025844
2010-07-03,-0.6283967608660551,2.200770632324553,-0.6517600706424413,-0.2672348280188604,1.0890886383265066,-0.035779582256906986,-0.3461462411848692,0.6520397874722796,-0.31505621251066845,2.631585218757434,0.6885933109448409,1.861017641084811,1.2390116783722358,-0.24117788245668276,1.3528812105052983,1.8659726565217483,-0.7245239291388923,2.9152396396025844,2.1881649759672324
2010-07-04,0.4384255404067686,2.1164018137608673,0.05382472739590958,-0.3722985018018309,0.9055469742934913,1.358920603461684,-0.7661533709047346,-0.8825957795552242,-0.16455415200588833,2.504296895831408,0.9599661984022222,1.1067733958316077,0.8039249866836209,0.5924330958829177,1.0760711414667028,1.129674143723269,-2.866038949445274,2.1881649759672324,2.7048308763968367
2010-07-05,-0.36851853313213484,1.7792338356545483,-0.953264483797212,-0.4125290306047394,0.8484565886683296,1.4386122758555195,-1.4746289024521033,0.9720531947162069,1.1759457559642525,0.5732386346180686,0.5248055929201809,0.9834237578461007,-0.2069321531331874,1.6483035929963072,1.338639812029641,1.1419564461697407,1.6016023743433025,2.7048308763968367,3.2466555960197514
2010-07-06,0.7367016485822376,1.0764657513966627,-0.9216663029351063,-0.4010381949291768,0.8144152028799279,-0.7143268158051878,-0.10402422082373251,-0.8121851902219136,1.9226415935515322,0.2951938419539236,0.8937732558091916,0.8747471661685973,-0.19644703932922833,0.033435950144448286,1.268167664649418,1.2474645417158583,3.355645207288041,3.2466555960197514,3.238442386611295
2010-07-07,-0.7646357398839978,0.19875952606628422,0.41630649994374747,-0.380371948164727,0.7529896720929402,-2.648492929940865,0.743505227855305,0.31851543486677236,1.7634799624601818,1.2738961080279956,0.7988229332809303,2.0666714272690245,1.0085739034375665,-0.4859045723671266,2.5394498711610747,1.6249909615065856,2.4017174444995932,3.238442386611295,2.9851788936805503
2010-07-08,0.019774284406012168,-0.5824394009382382,-0.5687852606928675,-0.4006438651864706,0.6212662033021976,-0.6109748564128336,1.1358839218396337,0.5249094361913861,1.2788813663417684,0.716194564081593,0.4893023162070039,2.572537373760384,1.8106160805346596,0.30359629425597,1.0725663006710486,1.79884457466153,-2.747894056721612,2.9851788936805503,3.3162832755480163
2010-07-09,-0.2249158755184887,-1.016303948123752,-0.5690299036813881,-0.3481529639243126,0.5308988804467337,1.5621017135186863,-0.5767029571081792,-1.476386370924799,1.4058611681685367,-0.6102093998140544,-0.36949108851759027,-0.9459346366552317,0.7753940682682472,0.08722851528297038,1.182310183817781,2.4232738852657314,0.4339565246515087,3.3162832755480163,3.103718006608302
2010-07-10,1.2520166835991913,-1.1516807165059177,1.2518211063335616,-0.34709589357824244,0.42325345206520815,1.6388455485453808,-1.2594486090986834,2.0267576830658407,0.22582530807261728,-0.6303593203811504,-0.3112316116696224,-1.19430573218608,0.2724720216153645,-0.07833812275164147,1.0383331184462143,2.3041394766296412,-0.5321554203521676,3.103718006608302,3.1993325001787953
2010-07-11,-1.7620157549909548,-1.0579955362663658,0.9784209159025001,-0.27930630550347046,0.31756650912412554,-0.39814705477184914,0.36166716192368964,-2.0737389981180767,-0.3641175844953916,1.3379229925786893,0.16834550875429316,0.6128787563892703,-0.26854950949591344,0.8513547759786791,1.454998120162042,2.137445155484462,-1.7654532385763675,3.1993325001787953,3.444571709944506
2010-07-12,0.9803996954993054,-0.8270124810047574,-0.13032693805983392,-0.26837732038473355,0.21403531685893082,-1.2738547606916317,-0.5489841710278892,1.6041075815132313,0.17335365188813637,0.4699235025155741,0.7344970505389673,1.1751591060172402,-1.369102489074825,0.6060741148271847,2.649821044996764,2.296692390209597,2.939874531109479,3.444571709944506,3.4220355726505822
2010-07-13,0.038016498549156987,-0.5632109107107263,1.4530772151894111,-0.2593553157820884,-0.005686750833055726,-0.022460208880247922,1.2603739518980555,-0.628791238992345,0.5237725856009217,-1.5657115449737613,0.5409328486953062,0.477363938557877,-0.37907579944610986,-1.142790647244033,0.6474215711756341,2.4679336925319673,-0.7321482937303563,3.4220355726505822,3.420701130469134
2010-07-14,-0.06721786999318635,-0.3290922194440799,1.61048940077897,-0.17870165419756756,-0.12391847093541963,0.3899502017255148,0.45180740338121844,-0.36358488707552633,-0.14026193422120833,-1.5649095321243074,-0.12407091859569351,-1.2953061065450304,-0.3906955730406897,-0.10087961550142918,0.6021513957511299,2.2923586896044914,0.5944931494327717,3.420701130469134,3.2124478935075533
2010-07-15,-0.07026513664549547,-0.27978136567678524,-0.8414324029900252,-0.20008318160792352,-0.31595012008903,-0.1494252020437715,-0.9842468026935249,0.9702741721134109,-0.1838907516319072,-0.08278173159979478,-0.4605408669787009,0.6026582444758325,-0.2945233478831865,-1.0238785170932647,0.6996026378039948,2.4126534127403625,-1.8919183988451458,3.2124478935075533,3.3153215532879066
2010-07-16,-0.591251649573509,-0.2663812259853035,-2.189756678083303,-0.10857182304485523,-0.40496120234930716,-0.10926274837053418,-0.5402975310834135,-1.0875738806406985,0.11225116875741417,0.7511686322021391,1.123748874522723,1.9122610483470734,-0.41918156889785313,-0.24144976150982833,3.2848826851248365,2.807502755424682,2.7686482573303057,3.3153215532879066,3.5548075617682033
2010-07-17,1.7019854133445764,-0.2506742523480483,-2.142128592689355,-0.010715349336467866,-0.477667320070775,0.4907167615523482,0.3848221242035098,0.899316364099926,1.4378415032461662,1.4065025320143008,1.1237252839485699,2.632973580587327,-0.24754515660635254,1.2543592715009624,1.530835317224164,2.893112518414018,3.3836907893663866,3.5548075617682033,3.5437958000815684
2010-07-18,-1.2427814454535364,-0.19969824186493373,-0.6671048486938559,0.14437778504339294,-0.5158952505895505,0.15545030717573735,0.6378157939024487,-0.6775447238171166,2.7841786865139757,2.77706866885886,0.522377435002563,0.5160304294714244,-0.16259908935469697,0.3417973694985986,2.0573226014927743,3.049475997923128,-2.6219996851970317,3.5437958000815684,3.121542205922683
2010-07-19,0.013788729949619017,-0.08284070037923702,0.8035067247903008,0.04938745959755217,-0.6818388738657435,-0.39391262979234526,-0.5270652352372344,0.5762568613193305,2.757431858976207,1.5047729075344314,-1.0026993145499024,-1.458431082310582,-0.09062008629286028,0.487600905104905,2.7921043421236824,3.1620380449745875,-3.4777569211880373,3.121542205922683,3.2975918869418144
2010-07-20,0.34683049579015374,0.033174037524110474,0.9012843813626215,0.16543387938305795,-0.6886648112334546,-0.04422742623732231,0.2564554616635906,-0.601009662488398,2.1156468310358703,0.9059583994726134,-1.0216440408370089,-1.1408698056543185,0.4833725849863874,0.906411560409294,-0.03524622063373168,2.8741010281853105,2.907369006202189,3.2975918869418144,3.3181295890487283
2010-07-21,1.481749358155755,0.2867839047439204,1.0784548946686545,-0.9408839504566766,-0.6888548542800218,0.31607069632259494,0.47741915574422766,0.7355326228562563,2.03317164505897,-0.03458375285807803,0.5803383297055777,-0.17871983493094065,1.8847611911872897,0.5968362283741445,-0.1357948837373842,2.85641034850589,-1.9829013471329973,3.3181295890487283,3.1689984979364625
2010-07-22,-1.1248708884098944,0.5480536371234321,-0.4965145497931744,-0.9831046815551513,-0.892987330787577,-0.2731252604541001,-0.3628661991709212,-0.9831456607566876,2.4041466367192212,0.5797078761934903,0.3115103522684285,0.3061289662861472,1.5919142139281732,0.579437204965955,1.3405519118787812,2.828255156711601,-2.4116478076674794,3.1689984979364625,2.782924956218478
2010-07-23,-0.90657756468295,1.0785810306294803,-0.11294344487805456,-1.013319480965599,-1.0877258883703518,0.2450179370243119,-0.9034025879915654,1.213651241252619,2.4415518599950135,1.9260577959135454,-0.33660479162330065,0.01723491982050329,0.9954242712816312,0.2083890735870057,-0.42426365707660413,2.6573839544055358,-2.0568056251215863,2.782924956218478,3.2649325239955957
2010-07-24,1.2756497861184708,0.8402033037632521,1.394433493156042,-1.039784650459495,-1.2659137269643281,0.6655568532136089,0.009394001052472808,-1.1514394811754516,1.5183638051400659,1.7500738475538393,-0.09850431479636841,-0.47848667538782474,0.285519991301772,0.9655233303036354,0.5915168322551252,2.5937694275120813,1.7568383699783305,3.2649325239955957,3.2764558146199145
2010-07-25,0.23668616690608096,0.394730061074176,1.2769351470971941,-1.0446459596356408,-1.4238609544828167,-0.280216280451911,0.7957213533657772,0.49444744945441,-0.22538813304643823,1.9875592282727057,0.17976468527000874,0.12535321823369341,0.6229495519648458,0.7217856203710996,0.8300012732886622,2.325467060474107,1.9262149686916972,3.2764558146199145,3.2280388529368964
2010-07-26,-0.5851104875686851,0.17314837504726208,-0.16728399260539015,-1.021516521488149,-1.555218635180088,-1.0289971072203523,0.9503506769634726,0.25465626523990936,-1.3611603957126335,-0.1681696919589905,1.2416501358331653,1.097245482913749,-0.16706725651137416,0.9201186124180868,1.9689237532837647,2.3550237015449325,-2.6598318193908597,3.2280388529368964,2.971170488193197
2010-07-27,-0.10139644731922498,0.10085425337530095,-0.7289495333499552,-1.0024713380647625,-1.6531506798885875,0.17398815724653124,-1.198202225746104,-0.77648816102737,-1.0735180016282269,-1.2025858939364795,1.181834762344469,1.0804587791748572,0.10778605927888082,0.48616234228465843,2.2000452942454474,2.4621004129447432,-1.9773324031674622,2.971170488193197,3.333951798762544
2010-07-28,0.04471366243429946,0.16101972255758853,-0.8481713508347702,-0.9606502729500286,-1.7073163744895756,1.4419951080965958,-1.4957518710482318,0.9959718420470471,0.16255989137629906,-0.29135567788398126,0.7360472164082816,1.4510723626034097,0.7385088317152353,-0.7201410163284594,2.277307115134152,2.6037070365367225,3.393528803124154,3.333951798762544,2.8527834112226347
2010-07-29,0.3834493288430287,0.19449195913139128,-0.4136889507158799,-0.90495552967492,-1.7174414171059775,0.3411177212026812,1.245700672758923,-0.9111008286243472,0.6353841631334632,0.2756723986816047,1.8008504647202432,1.1448530343083094,1.4452751387296345,0.3524409515807017,0.9030519881991996,2.2808383317540466,-0.7380612233077388,2.8527834112226347,3.011563363866818
2010-07-30,-0.09751623814622651,0.20994726875629274,-0.2854614585509742,-0.8039331439863233,-1.6723997479502413,-1.3279833141010635,0.5461731895502563,0.6227700987762225,0.6970318639407853,-0.04583496982833568,1.263119634511339,0.8200516186217582,-0.6615433341044646,1.265221874976334,1.4031014812247984,2.3729053639838957,-2.2312161171068663,3.011563363866818,2.770241081869105
2010-07-31,0.024206479638643853,0.31157561942796463,0.33502402453987407,-0.5675375078281581,-1.7675429133714549,-0.8457336506761653,-1.139201128228062,-0.29004586188680165,1.0434568896950278,-0.6109691394072119,1.1008508556808079,0.35578638050039385,-0.27888713524089165,-0.23454555713371947,0.1323201233794936,2.133772248290099,-1.550033591780369,2.770241081869105,3.190898397983534
2010-08-01,-1.350597285693235,0.3043025644804368,0.3235808949239396,-0.4025494695011637,-1.4793709584500023,0.43023030594073547,0.338566650150874,-0.011731329646426463,0.9058926515444804,0.8074483157953389,1.1570854814709117,1.6119782495551125,0.3720139801614026,-0.44041461689802663,2.6497547450145986,2.178815347937621,1.698474646765675,3.190898397983534,2.910936182213392
2010-08-02,1.6973802207265702,0.3095823971966491,-1.033903804606366,-0.24533703636131543,-1.2582040227875404,0.6081809576523507,1.4013068738233148,0.3485181909155074,0.19318456628821248,-0.457185119047423,1.046975329787324,1.4514607246379316,1.2980928732091908,0.0833800612136627,-0.08853414011639406,2.224709803867406,-1.4115116447770975,2.910936182213392,2.7944512841318483
2010-08-03,-0.4222354303615985,0.06753515538665586,-1.083561206358232,-0.10478647819220371,-0.9248413906884744,0.3938234051354202,-1.4737904245249345,-0.6268659126771621,0.7918172612145095,-1.2148739720541766,0.6729132408206129,0.9374763987079308,0.6936701151361642,-0.7197207192172719,0.5150217672582499,2.2516739562530637,0.6742713860328652,2.7944512841318483,3.2076915743882886
2010-08-04,-0.8895329683477952,-0.012429048355011971,-0.3046477679681852,0.04246034137430998,-0.6301676180844512,0.524209588231128,-1.4780029405386579,0.9986962940968622,0.6501621997157491,-0.45774121632977766,-1.016488447904825,-1.4595109729420357,-0.2945366570630435,0.2014452554654391,1.175405954741399,2.0012759261997317,-0.17503099982691897,3.2076915743882886,2.934017042693251
2010-08-05,0.8229240465942328,-0.012296259670739563,0.5326516471279437,0.2019270887165924,-0.16904131386601132,-0.011610443561755881,1.5732006106989012,-1.4122153835445774,0.5207508693115658,1.2771401979969685,-0.5053374025599711,-0.397194347354534,-0.45593180164440555,1.1142207762488165,1.3327843795342815,2.1361480608385555,1.2867972722136478,2.934017042693251,2.4503043209955235
2010-08-06,-0.31163316279708464,-0.06708312558797369,1.0420961456430353,0.3950832973274035,0.1662117750504515,-1.0630772564431454,1.6877988666892048,1.2228305743271721,0.7494452356649246,0.9914989078923968,-0.2919311814756577,1.2437844590530573,0.5223915503623985,1.514300791170469,0.2584134714558194,2.1334743868432327,-2.597764799376972,2.4503043209955235,2.646397918636889
2010-08-07,0.5510696312919463,-0.22645250177416182,0.6968094274006439,0.5296238253803769,0.43205207654548217,-1.4531943697597287,-1.1998755688156435,-0.6514443703008438,0.5902679368761392,0.6333815694415433,1.1925295583103386,1.7114023282989632,0.19225335412643701,1.6349955225383213,2.2401353532868034,2.341459003442285,0.409618536364443,2.646397918636889,3.2336361236283624
2010-08-08,-1.441419838380394,-0.622214416509086,-0.24465379559588285,0.6596654416022101,0.7034422617524178,0.05886339368795522,-1.5113707662969973,0.17551978392564394,0.7187775583291778,-0.010934957344728225,1.8115907411937224,1.9464094193497123,0.10167625497004162,1.3346676442876348,1.6649390317177861,2.3891771046367474,1.9020820626306847,3.2336361236283624,2.9023447456098324
2010-08-09,0.8006389673103784,-1.229969215135836,-0.3580371816114629,0.8201678569097991,1.1785704777060502,1.896636612515084,1.0359991994866806,0.11783174593504574,0.9529547509197234,-0.6164054996908984,2.0408473800294042,0.1892994307234561,1.6377405203079132,2.301780249755264,0.7920233313307543,2.341123421689392,0.8474310280039565,2.9023447456098324,2.6034035973401677
2010-08-10,-0.15365022190551694,-1.9753332259318224,-0.25718144689218353,0.9206825014971112,1.4766343828102924,1.4147681417628473,0.8474719425179936,-0.20132305909485868,1.5469167283666112,0.1287705002639524,1.1448026273218195,0.09492909686016184,1.5835880813330243,1.4091317085861501,0.599102909274813,2.1851579948789297,-1.0005240096781278,2.6034035973401677,2.642889684748804
2010-08-11,0.2414238831753313,-2.3818504710639323,0.36107925966487137,1.2029989806030061,1.8386526997203974,-0.6077611952170282,-0.3671644099774532,0.061119662350419594,2.4269998760907585,0.1324742857996288,0.49081510991581695,1.9607028409840515,0.39321837565122114,0.75429360069756,0.3703773784575776,2.124690139629933,0.13184000642936408,2.642889684748804,1.3789050439434263
2010-08-12,-0.5973996784594101,-2.3267255436318517,1.0728288787183464,1.2551621265070882,1.9751061232026386,-1.9475917289023612,-1.461841294612776,0.3179391233722298,2.424175336243107,-0.03283037495918545,0.8696806156897182,1.5703796112534554,-0.4965175389777985,1.896246775323956,0.7593662206380869,2.0469279999289034,-1.9762127941981091,1.3789050439434263,1.1081010410486556
2010-08-13,0.41604825088079883,-2.091765731245779,0.07962356685303647,1.2825500999416326,1.9007405497396839,-1.0315885812110295,0.2573294785085919,-0.8485519397074452,2.2346743193566008,1.2878103901696865,0.6048232589939125,-0.17424208798180077,0.45734687705059385,1.3827750265895817,0.7525449423355399,2.0617384833247794,-0.9046941022197392,1.1081010410486556,0.938935201853238
2010-08-14,-0.0571421769606912,-1.6567754152830807,-1.3847332900893552,1.274875962567634,1.949430519698806,0.9989767207808369,1.7002655552597374,0.7770657076219054,1.8891956555572773,1.1717004600953267,2.3171298125081097,1.3938469144523016,0.31847163989772886,0.9397926800942268,2.06196305937613,1.9214741211832247,-0.3973452104918524,0.938935201853238,1.1309370362957123
2010-08-15,0.1350533653200692,-0.9810327968091909,-0.5017131612603043,1.1875400286341724,1.8088486338621983,1.6066034889826843,-1.0963201526250967,-0.5517914622730884,2.01206900642529,0.9882023008473526,0.3388613739085446,0.5440330730907467,-0.28245072841457997,0.1695242077559339,1.0991065445962558,1.9670453749577983,0.30465382194901397,1.1309370362957123,1.417381062953881
2010-08-16,-1.0777229413663665,0.022855139005125036,0.3193644981623578,1.024338833808793,1.6246579508630723,0.2916237810015967,-1.3367031726919396,0.37125348958311727,1.020531472700979,0.8512088937526192,-1.4398015137247095,-0.4156783046561341,-0.4993560100073659,0.6741919588588541,0.5414198917065876,2.014902633841829,0.36099043200692876,1.417381062953881,1.587908775349224
2010-08-17,0.904191442376669,1.3051853010535808,0.05716822954418295,0.8772633826606285,1.4209662938117782,-1.002349633305161,1.2479944963897298,-0.30591828856432157,0.5017350106425725,-0.6319549372863168,0.3360667838512167,-0.03677924167601418,-0.42611724974115034,1.2038401739558624,-0.059393359640648916,1.8886726520335873,0.021344631974840274,1.587908775349224,1.25838841932658
2010-08-18,0.3321202974782192,2.0433153724581334,-0.10518047198772648,0.7255787127152524,1.202945750108324,-0.8093828966592335,1.0284397269178385,0.3825984789745701,0.5349961603985092,0.27281367017303343,0.805804451607031,0.760224061837769,1.8153006435785097,1.330643708569093,-0.22014491017334742,1.7196993685348754,-0.7977460698041869,1.25838841932658,2.465240677126372
2010-08-19,-0.7898214185974819,2.0729409963936254,-0.13473459111918912,0.5704978567259372,0.9335092838111103,0.6016603319871753,-0.40143714380314166,-0.5797376715403812,0.22236656114381764,0.8667985404126318,0.9948652514856527,0.26938049246449935,1.2700997515060009,1.5303284261192123,0.7047064005615681,1.7083982910720292,2.9281668764097093,2.465240677126372,1.9503427700172773
2010-08-20,0.34731633401186157,1.819100798692545,-0.2067943294975415,0.44008041980337187,0.656674321085584,0.4057604873605916,-1.0940087528000162,0.7898054970335715,-0.017923969079997548,0.12685642059063876,-0.20196432932408936,-1.4045632459430004,0.9121479771901004,0.47660589335968784,0.7559195308546384,1.4689430203055975,-2.5291489749027822,1.9503427700172773,2.705030000054012
2010-08-21,0.8116652961817978,1.4967051774123876,-0.9297616263348696,0.3038197138582524,0.4157496182486525,-0.7738001184880893,0.39136203789558255,-1.0443388319203013,0.7790402260628859,0.21834853233628293,0.8507910870887962,0.4330670322288077,0.9032236462909057,1.2735193589690974,0.04990050528228383,1.2237601150713884,2.3302606429996637,2.705030000054012,1.7067487919112145
2010-08-22,-1.2069401755428988,1.1397714816596063,-0.3600857783399371,0.5007462237938177,-0.7876761731209336,-0.3471667709845793,0.6084529325139926,1.786686965869549,1.17447416409162,0.4872862006401159,0.5941372657860488,1.4838326571534215,0.9136216897991503,0.8575190071915062,-0.6060013153289269,0.9920724471342374,-3.1470840168687295,1.7067487919112145,0.791811616252044
2010-08-23,1.6440195792184424,0.7804786605076498,1.0856249298413931,0.4324562742805467,-0.9413560740792544,0.19849159891551968,-1.141237543271144,-1.5805526766668,0.5123739591117278,0.13510884902431305,0.9208292834606697,0.5348627163087651,0.1528247197350855,0.7580542149688302,1.3071161275157124,1.0348630974327053,-1.5226274905591615,0.791811616252044,0.3924864345879228
2010-08-24,-0.7571708128382898,0.13661353129800877,0.28870821817889597,0.3195606213692418,-1.1239837690213061,0.5435194016048268,-0.05937274637442178,0.995841698487408,-0.30242469525366694,0.2513342324247259,0.7051738260283344,-0.09681140944739462,-0.220916599605409,1.0649194703424125,0.6223946428835697,1.0086199652911996,-0.38588315800193523,0.3924864345879228,1.3581791094868971
2010-08-25,-0.43320345894817414,0.19172559226799582,0.8203015796434984,0.2266186488137739,-1.269336753832267,0.2906200802795758,1.085239227118623,-0.5068265629407519,-0.6679717410662619,0.20084493102527048,0.6621859026010412,-0.162371048601972,0.6063887031494739,0.07246961003983966,-0.13281824380445767,0.8557807909374656,2.474480590724389,1.3581791094868971,1.146350352514169
2010-08-26,0.9839471651967283,0.39072798886261867,1.146391787220815,0.12566128971256565,-1.3927417284535875,0.18342023333211407,-0.6836463797089788,0.029422123694884967,-0.8977496848835946,-0.3798966147606258,0.4612494509126441,0.5441384335543138,0.21740295945103782,-0.7963562984478219,0.9915042568877247,0.8924284409819991,-0.7532041824214175,1.146350352514169,1.005268313477451
2010-08-27,-0.019924739675335777,0.5354191213274758,-0.05996368436163508,-0.017117596624418675,-1.581844492166679,-0.25513587144378524,-0.4478937927376372,0.3464935271732193,-0.5971714832758589,-0.3719625140481597,0.6405042517590095,1.3987580425141406,0.27600391399315033,-0.7631809617166118,1.7284600870417806,0.9428882528584788,-0.07258636118892206,1.005268313477451,0.36314492710966256
2010-08-28,-0.7380767534245677,0.5536021483458667,0.3559687209672407,-0.12185052495337402,-1.5946878112711484,-0.8597262287875197,0.935887209075967,-0.43111013115617447,0.2265417467448014,0.09563332055637093,0.6802642031250266,1.7334719841602573,0.27657708048415475,0.7210305184470743,2.519235283872905,1.0285459893432374,-2.072631048572962,0.36314492710966256,2.5777678137677573
2010-08-29,-0.22292478470876545,0.40738300401033534,0.24319435635698974,-0.223299722912361,-1.5402702985969636,-0.517259873136637,-0.047526364203986725,0.046109748369961005,0.49724585110285857,-0.4262272829162421,0.9013056662861666,1.3668208365876144,0.0973639566470558,1.5075914413332328,0.053747379153290815,1.0262314617244805,2.6201660272178007,2.5777678137677573,1.297247231212017
2010-08-30,1.6543414307580238,-0.004896517888411931,0.34695421898568357,-0.36457941233993496,-1.4166254281837392,0.8654627990315719,0.5332183981710813,0.2604545731884653,0.4561526840674156,-1.6281724051464026,-0.09158376283242921,-0.14197042419169784,-0.8846121747177751,0.2740455799659421,0.636377461549611,1.11827125983914,-2.6868268379548286,1.297247231212017,0.6359036843010978
2010-08-31,-1.49395972618374,-0.66892909888719,0.3264874498172029,-0.4422151082150084,-1.2343266823433157,1.3890412697200631,-0.2928648722962223,-0.3896639382212195,1.1046045451997795,-1.6668726777512843,-0.4800370961418647,-0.9957493281781851,-0.9781939919981336,-0.6222574812303466,-0.18559327430300127,1.1177886516641884,-0.37455485001444355,0.6359036843010978,2.873423246570955
2010-09-01,0.6608695255570958,-1.4360330917908062,0.27413626648078543,-0.5213798373121697,-0.974478420101098,-0.05397759085738321,-0.7179916829466119,0.2989439192003461,2.2447424414285924,0.9296140874070591,0.10433134139546242,0.7004280732385864,-0.17040600695385966,-0.7454692614959704,1.3404754077159222,1.206726090565786,2.9025068121862136,2.873423246570955,2.8605173385801974
2010-09-02,-1.305442232843703,-2.0162789729356136,0.32517685194648444,-0.5974950304516803,-0.6919959295130343,-1.404276575709026,0.04809160541657586,0.12586390873067735,2.2962885113504887,2.4659132501880148,1.9011433160406064,2.1239992723921146,-0.4393699093383065,-0.43596563725603493,2.4429067715145805,1.4343079121000353,1.013742118357653,2.8605173385801974,2.939718192948194
2010-09-03,1.6475382784968484,-2.328393454510111,-1.513580751066437,-0.6259201055876795,-0.4160298592713659,-1.33597151656032,-0.0010815765024027803,-1.009940236970893,1.2304386484650778,0.859645802955673,1.7690966693864265,2.144885712309825,-1.0066691200749942,-0.3014512078695293,1.8125637490382418,1.6741926099168498,-0.14756433008535297,2.939718192948194,1.5404305311627604
2010-09-04,-0.2230116174218412,-2.293549900037148,-1.9878116433048367,-0.6315262253139886,-0.2013502186806973,0.9484682411792542,1.4374808539590285,1.8774778019432852,0.17691388292796656,0.11696904662773988,0.2104421830027976,-0.5823591535057177,-1.3765396372964045,-0.6271419531000576,0.25470085171689355,1.6916571766947657,-2.6370705787732,1.5404305311627604,1.5327889671533232
2010-09-05,-1.4525924912134254,-1.7212806450890852,-0.2485482244517749,-0.6111666492526903,0.1071492979324374,1.4981926778095012,-0.6119498368043713,-2.0181718160482056,-0.08147908448150429,-0.34054871126294434,-1.3287958777064188,-2.103846547492377,-2.0603054990361915,-1.4634784087633057,0.9731671428244418,1.6488231172415693,1.2307113962007603,1.5327889671533232,1.3182403320290201
2010-09-06,1.1947283307089152,-0.6498475953107776,0.8689116841156708,-0.8761226585787478,0.3955881422263698,-0.05072760576208415,-1.0661585669641163,1.4692685421603777,0.06476560857431087,-0.14464127734289875,0.72040469048042,0.5159929123144242,-0.7506631976878954,-0.3129899821983385,1.742890786201878,1.9542163670389914,-1.5060760969752676,1.3182403320290201,1.0982465851014098
2010-09-07,1.460202022355274,0.5084112846583445,-0.13113710460924494,-0.8105136152474244,0.7290063134649694,-0.7336051625176603,0.5318253269356169,-0.4413677327849589,0.8063630497901491,-0.7947348336960613,0.03317414279748446,1.6510997150571856,0.9746878466826544,-0.05713840844939539,-0.25602456892900655,1.992699136436457,-1.359030045192075,1.0982465851014098,1.8347309675933507
2010-09-08,-1.182242188141674,1.4271724439754976,-2.44809909005584,-0.6397478523836185,1.0710327644240134,-0.17331592947322444,-0.28475626163689777,-0.5348184493131749,0.9392018310572109,-0.6762171491104887,0.22663722421626856,-0.09997751424258967,0.5113227291160596,0.3411033024231964,0.9214039400457898,2.0597644799851698,1.2743815148016118,1.8347309675933507,1.656833475015305
2010-09-09,0.07573293600968932,2.1214700902945656,-1.445012232447012,-0.4672974095092078,1.3863165557515043,0.08265485884259044,0.041718953552401676,0.8921295723836125,1.3570715345003386,-0.12356810018439887,-0.22108848450377702,-0.8017930862899993,0.5730396617556359,0.15751255315432935,1.0217116048487827,1.9724705977637935,-0.9911189851290371,1.656833475015305,2.5092563785465236
2010-09-10,-0.17890051967661477,2.4695182610205797,0.9587739295676948,-0.2900023957644712,1.6082090147754267,-0.07498971400179322,0.8742482082072868,-0.6092567243916006,1.8114246275212493,-0.1119677521102869,-1.1195677008017018,-1.1072972470602993,1.2633037612212075,0.07056605946970042,1.7169157551868444,1.934654687790329,2.3211805405561416,2.5092563785465236,1.9575259776197769
2010-09-11,1.0705807714462277,2.467712663612923,1.485702851550314,-0.1567326676508867,1.7568004574642035,0.09277652116490653,0.34180418349646496,0.01807879693980202,1.3420877629392272,-0.5393528526114192,-1.022064379927659,-0.7711536835756397,2.6114744614111807,1.3150759282353401,-1.1347931915147123,1.6430596683077079,-2.193885965157211,1.9575259776197769,0.9825364331626819
2010-09-12,-0.46791625962051436,1.9030915409870763,1.9050309252730104,-0.0414630288440057,1.7836278406316417,0.12557968863967403,-0.7731617538409088,0.6483894094825096,0.8598903806083729,-0.9062079879822743,0.02923037822138657,-0.16102686499228033,2.3520797136670075,1.017528540638293,2.9618470868375513e-05,1.6111155017020127,-1.479790277897331,0.9825364331626819,2.7769982531637534
2010-09-13,-0.5578804377896778,0.7779683215067265,1.160873252394748,0.05767609961405359,1.758064434658109,-0.29044018624437584,-1.3768313102751024,-1.2456331463462542,1.1613993780900145,1.0041558865036013,0.7275193478522162,2.0935054093280683,1.2285904867010842,1.6739825365444814,1.4411356152966033,1.8982263180174037,3.0610485906466973,2.7769982531637534,3.4960720544734825
2010-09-14,-0.09372410644793468,-0.278187831783905,0.19899105364989794,0.08204779492908887,1.5182275130394716,-0.09897879838203744,0.5494296479934468,1.551867371824249,1.1820295391639275,2.284266552075533,0.7308613731172657,1.0852486645441104,0.0871856147094363,0.9878880155399665,1.8843202922280693,2.062793080400019,3.2730949388852095,3.4960720544734825,3.1369431896284214
2010-09-15,1.4140656399947427,-0.9344068024190623,0.3620557747975281,0.13024045354727667,1.3348801712740097,0.6371803586636459,1.8035630172740469,-1.1660467925355629,1.2635502483208563,0.30242862384319563,1.3909677587224798,0.3733594283802422,-0.9406587998007268,-0.08644254696045083,-0.00015408556579723647,1.5860004496885762,-3.4626583872284464,3.1369431896284214,1.8294607247826506
2010-09-16,-1.3675065431914208,-1.2956197580156295,-0.0020294480603377896,0.23083680446077198,1.2043542593907874,0.28544947737799786,-1.1735094513737454,-0.04913330502602788,1.0445958550524759,-1.4943053021000812,0.18208739963373174,-0.9598167255973625,-0.6912587634215333,-0.7652177928631179,-1.2581342456516742,1.1881263167617624,-2.499296919839457,1.8294607247826506,2.8898848403770914
2010-09-17,0.17313748072590984,-1.3944321169438958,-0.22097050013546124,0.346398848111105,1.0589815172623271,-0.7184911406131743,-1.6493506725992015,1.5194124192275344,0.8465070614636296,-1.2523348743256462,1.277559004221232,-0.08333371923437356,-0.25118367032978756,-0.6466023216175707,-0.7020281938287936,1.1043194970830086,2.3808258777012146,2.8898848403770914,3.328364045474217
2010-09-18,0.4529576152202045,-1.2791843335277484,-0.049800227236505595,0.4431508930097685,0.906381905863192,-0.8015154820686983,1.745698965484347,-2.2965277711711316,1.3734319972290387,-0.1987991832212479,1.6549914914227053,1.0006596059761932,-0.47852459309512635,0.23486815630506014,0.5144583747095497,1.1317666608902512,0.5630232307132976,3.328364045474217,3.079776668915287
2010-09-19,-0.06034081400691566,-0.9101819223162928,-0.6359287413754249,0.5388256099336325,0.749317352399279,0.27867533148104484,0.947555334534426,2.3572947274135827,1.6768153499306913,0.13810628952613388,0.9674830396770504,1.1318694905455493,1.7038759382543918,1.3803628268346753,-0.40317044957969234,0.8472868347170911,0.5009854344644212,3.079776668915287,1.9481440971093982
2010-09-20,0.32642720559014077,-0.40076006072335524,-1.3974899870503812,0.4784273751571424,0.560449013895894,0.8839545226458366,-1.350737812431011,-1.9285382009835101,1.7172994594212119,0.39383535810826115,0.13658089443667504,0.9840980977747626,1.2010406377898089,1.4546407372967267,0.09353805133048365,0.9152812324694884,-2.286228735391965,1.9481440971093982,2.28879507365383
2010-09-21,-1.1835435073946177,-0.06101023257033378,-1.107632817716121,0.6110263818570602,0.3772612648751807,0.39944509588519633,-0.8386343416664934,1.1571014390090602,1.8608984822860695,0.9924540309722999,0.1544027981511861,1.1798336598375454,0.3513711032540802,1.599557433041874,2.153226137292812,1.1642417105134004,1.503239922890298,2.28879507365383,2.908089107568737
2010-09-22,1.1357993781319244,-0.04264437333950315,0.26081694634411423,0.645121512905085,0.21708050723975011,-0.2773592671849653,0.44199900753975263,-0.12546629520426986,1.3192672779133618,0.23079579673407544,0.06457468112704433,1.039195849932495,0.39411160152451635,-0.8513608818520216,2.1093988305317306,1.3316943792828955,1.5874644425106532,2.908089107568737,2.296049727292789
2010-09-23,0.4370742890059849,-0.26948877816738387,1.2399657101827943,-0.04047808258846613,-0.44688714080284225,-0.6904183528949144,0.44419349089549337,-0.32951048160816276,-0.15035842899917098,-0.6833181456785649,-0.5735228976991257,1.102359259614886,1.7817646005058343,-1.855573256755429,2.011336566247523,1.4580629069338742,-2.086495473463159,2.296049727292789,2.0076509945730616
2010-09-24,-0.9247820204035802,-0.49729264471987245,-0.21124143857405503,-0.08160069082428913,-0.6628935088483862,-0.3653930215757068,-0.3845295237063823,0.3800634710254635,-0.7338047449761013,2.28538676458811,-0.26520637307922934,1.311817594952368,1.4107564348405164,-1.0568204810402209,0.44631414457313073,1.6492991146136224,0.609741447613889,2.0076509945730616,1.946061823836485
2010-09-25,0.3846651052109483,-0.9711507822446629,-1.7989766146273611,-0.1483206146831893,-0.9002253869540084,-0.11226182792559129,-0.06520123192738185,0.0010340405215990803,-0.254122833105792,1.803364910596502,0.2603691827817766,1.789971399804795,0.46973114140985495,-0.6299295004085812,1.8168332134225857,1.9844790672399104,1.0923889240056548,1.946061823836485,2.611363315921595
2010-09-26,0.7432698909191554,-0.7705020516448285,-1.2081543901789593,-0.1654585888607821,-1.173698792033134,0.319895155932471,0.4905565055909331,-0.5322462155265644,0.3114321078218429,2.20034781297298,0.5799905596325016,1.7189322480946847,-0.07916525416971852,-0.15635247378465883,1.2674394908365867,2.099053192396634,-0.11591692635675994,2.611363315921595,2.655733886382048
2010-09-27,-0.7337357087145614,-0.4909600737836808,0.8699132308396846,-0.1729812905553338,-1.4712710582967528,0.36890782188072985,0.07837048223096106,0.8375906321526317,1.583870279110538,1.9933487686483127,-0.5373113272200226,1.540750496736124,0.5307072693739983,-0.5332210629403651,-0.368461652108676,1.619612404153912,-1.527107657170016,2.655733886382048,2.7100026825165076
2010-09-28,0.7745833894167081,-0.061711789745497105,0.4618581391247603,-0.14400504166527497,-1.397479897866635,0.25878817121863906,-0.3133227017372058,-0.7027875476844827,2.0211773099277126,2.5189860855850985,-0.37254981209490473,-0.3431477039954323,1.329836354352031,-0.17069651569347077,0.8880926199508185,1.7954880562613045,1.8717261553071083,2.7100026825165076,2.316350875774804
2010-09-29,-0.6543461247189857,0.4126545841323582,-0.36594101970215226,-0.14359380786909595,-1.5886573968994542,-0.032725449546106,0.10589049491739987,0.1628926698845366,2.323908248341219,2.3909708979017585,0.5649167506836059,0.22461350521039994,0.29102736653925515,-0.7381298373300685,0.258543134255273,1.8424875167722052,-0.19346531813225565,2.316350875774804,2.536244327813546
2010-09-30,-0.4409879685738349,0.6497827763745327,0.8148412653224142,-0.13918888963678533,-1.7100691448137286,-0.5211613980384923,-0.5123319015026581,0.463422437717245,2.045813113991467,0.9749276955396388,0.23542295260588775,0.45149560242241144,0.4115496807276238,-0.9324181861010022,0.35584284385349524,1.8430814549433114,-0.7064514124375082,2.536244327813546,1.8003044974355202
2010-10-01,1.1596841245965326,0.579264765747777,0.4003324326434456,-0.13067952641563443,-1.7118185302750495,-0.7255136972101984,-0.04979775941164493,-0.9836330414279065,1.8704810307889908,0.2305546513468388,1.1415693581763822,-1.2230222698835043,0.14047075239006906,-1.8593260352682255,0.8599729005981243,1.81127430835748,-0.5322684123195482,1.8003044974355202,2.4380076080846296
2010-10-02,-1.3070539523706197,0.33116747449928285,-0.39705360970406667,-0.11924383901882706,-1.6445342019462308,0.2433968785135149,1.6075873140721535,1.0160231499231922,2.123092413857374,0.274089593869153,1.3152162205435294,-0.45164690250112477,-0.5793851503520957,-1.7654400311398695,0.4578210176291326,1.8231245683659427,0.6996004502123782,2.4380076080846296,3.2271742248034774
2010-10-03,1.795336324231174,0.02434647801895579,0.1918199732830755,-0.10984813118204659,-1.4914924381050205,1.1582535426294318,-0.7364036572640087,-0.508989721466321,1.9935422275752415,-0.22496913767586854,1.1842377214087227,0.9124896135638002,0.3933464180840486,-1.0364518756180991,-0.22488027141410413,1.81472202501174,1.6174363251567814,3.2271742248034774,1.7208287413646346
2010-10-04,-1.660233415445337,-0.33393214909362534,-0.24053756276349447,-0.11760237079651514,-1.3264680952957602,0.684851073038339,-0.9869352275787802,-0.13599452207692278,1.937926247887292,-1.045914104846612,1.353705689486906,1.719236515544413,1.6090243650657543,0.3095328628370858,-0.24171099758340284,1.462048080021896,-2.7666885840549824,1.7208287413646346,3.062849330905251
2010-10-05,1.2909540412026177,-0.6673762823782425,-1.6193827305384014,-0.10788245111691494,-1.137884619612978,-1.2635847357675858,0.6608156620008953,0.34851249394692957,1.6295182823304875,-1.1967283917871212,1.1076451669025726,1.3391599742161806,0.3205372746377033,0.5218680847195459,1.1548738733673936,1.4249279011252953,3.1599470512614434,3.062849330905251,3.3922203619168765
2010-10-06,-0.45902895418953615,-0.8282712473654407,-1.3444411716680236,-0.0201344483568523,-0.9765716622462082,-1.0641758346907366,0.04606522828101779,-0.3447633778666756,1.983539704308157,0.15519327989714216,0.43097391228810816,0.3636821873509551,-0.10902361838160794,0.501836290887985,1.5442867063685375,1.3156422681758126,3.1313424887442514,3.3922203619168765,2.935221268682271
2010-10-07,-0.8540852049860047,-0.6923447871256488,0.8809055965979574,0.0039341700467223325,-0.7864088656072761,0.3879924321977723,1.0557436991797091,0.34105567561984396,2.458423980631408,0.9655540903506301,0.7142748547646552,0.740844605132937,-0.9464183580418902,1.6035136295671604,0.5379016209721815,1.2546076243132132,-1.6484675014150152,2.935221268682271,2.9289969720965443
2010-10-08,1.1161496066917587,-0.272355332097097,1.9313402757207323,-0.06576973876018564,-0.6671708013725149,1.048439761523163,-1.0478141052540695,-0.4282021614677341,2.5934079231070126,0.6371294910002596,-0.15225882646004962,0.044044197398377706,1.0172791898081401,2.4046097530360684,-0.2927616911133696,1.013067872718743,-0.6733487819669144,2.9289969720965443,2.0461585963528237
2010-10-09,-0.4021714385544486,0.13637082085565191,0.3534695765222797,-0.08275351419523315,-0.6487739213415233,-0.09846105963880829,-0.9089208337785929,0.5473520220576278,2.00232232189964,0.8697172240080437,-0.7129023348606957,-0.7525074020157455,1.3216902810905504,0.314058709525061,2.8879684625260724,1.3696697439848258,-2.590240689864526,2.0461585963528237,2.5214760037822
2010-10-10,0.20794834903479933,0.43102716928880425,-0.8639538844575769,-0.05547860892098393,-0.4276849820957822,-0.9187401510071762,1.4760227376395436,-0.5728381915273156,0.7226511847062121,1.0533273521614002,-0.74691817035682,-0.301047765064825,-0.307598435357078,-0.3202215320744575,-0.19674325583683336,1.3547957397634283,1.7477285801018363,2.5214760037822,0.859075354142605
2010-10-11,-0.5172962106420425,0.642508656476782,0.12782478576044423,-0.03637625180508332,-0.18466927603523134,0.0753106532571236,0.5410638018673943,0.550705593531928,-0.1517201953722358,0.6576488148977689,-1.169531916732719,-0.5623374056098456,-1.1386203830127652,0.05530593733587527,-1.7379606577331297,0.9668996456330794,-2.174289907456113,0.859075354142605,0.6107397402658002
2010-10-12,0.5284638662507594,0.7460237391529934,0.41829384970373285,-0.09230765301102797,-0.0020019596424662605,1.1453186945096996,-0.7130150010365734,-0.41366405976024045,-0.6704668456654665,0.03663782397331769,-0.14762336378797816,-1.2284860051369484,-0.7492507355896594,1.2043095061873235,-1.6502985487649076,0.7207853262392746,-0.8047623141752672,0.6107397402658002,-0.06747073017253014
2010-10-13,-0.14684820575069982,0.7270214682873419,-0.7524357225536592,-0.08861612452683641,0.24229924698662003,0.18304150499250862,-0.344697389693361,-0.07217408891889776,-0.9521943165374307,-0.10523526289190123,-0.17938280672323687,-1.3653239339533896,0.27256837216911395,1.1614695533632575,-1.657815860026943,0.38229312828689904,-0.9243586610340149,-0.06747073017253014,0.6263092995706847
2010-10-14,0.15737455489637756,0.5503083200354533,0.4763066486107858,-0.09597197574957944,0.5185698072588784,-1.167798018056358,0.28347785144884663,0.8885930573292646,-0.9154581376083736,-0.9106445966767521,0.8467199525840977,0.09694319840822645,0.6586825807266202,0.09441511806259063,-0.9297179798468929,0.08577976660949431,0.8267335323599814,0.6263092995706847,0.8295923158765804
2010-10-15,-0.7922133912311111,0.21994721101442094,1.6209523181602308,-0.10941364761810433,0.7769527798473546,-0.4938322380871676,0.049733283377394015,-1.3011120326395877,-0.6954908840600746,-0.9233697118978176,-0.15619585406583683,-0.3922304043065308,1.79984013785867,-0.4083863608113125,-0.6005446649380277,-0.08915485685583648,0.257294011669119,0.8295923158765804,0.6204992414026183
2010-10-16,1.1160955053830834,-0.10455880993716203,-0.19038819551877295,-0.021721387551578784,1.0946030622729517,0.6200394700069566,-0.7560303807775647,1.6240694111223233,-0.3762713945516454,-0.7161287641744979,0.2637913258454958,-0.3137302180353425,1.0912297640933568,-0.13119050066702895,-0.05400100243309282,-0.0751483659184245,-0.14268477270953422,0.6204992414026183,1.0691877979068534
2010-10-17,0.12083105928809806,-0.28474125052083177,-1.5924586476127982,-0.04377453797623507,1.3509611293439725,0.5111994006823656,-0.033724232997978186,-2.0427504791477444,-0.35343199220407917,-0.6218148600522394,0.6626096512638776,0.3138013481291891,-0.001470676499958094,-0.6992933900876289,0.21340613313091977,-0.009784383534535665,0.9504294331830339,1.0691877979068534,0.7014398870795125
2010-10-18,-1.4412694862774633,-0.39749427820512157,-1.1613165786958035,-0.05216602185099534,1.5861104484106927,-0.4837480390851703,1.4273741892295877,2.679850969791486,-0.12805397792646406,0.1168858324230755,0.3654249678194168,0.13234338377778526,-0.7497267546828976,-0.4545194600291175,0.15413856983964683,-0.1671004813750297,-0.7128244992279732,0.7014398870795125,1.097547914964688
2010-10-19,1.9458418352665856,-0.3320045249289222,-0.28348113460726954,-0.09456457752897673,1.7695511109636801,-0.26152941114685646,0.10735317268652306,-2.6411173618223915,0.5864391484534908,0.5646701318267241,1.1490708074367644,0.5650916066241728,0.04336920377924952,-1.2669266863057647,1.5772270419006051,-0.20985781851256508,0.2687267194691122,1.097547914964688,0.7213915064818106
2010-10-20,-0.664993226870586,-0.14569279673609473,-0.10914924426527163,-0.10935556512574113,1.8982503160699713,0.8309901399170161,-1.307411348936384,1.9542451980162765,0.5539866588025159,0.6289155580750092,0.04756069882174161,0.3682039150121646,1.3108646679865075,-0.2859438878837071,-1.1754876119179385,-0.4690645442195978,-1.0651327332689697,0.7213915064818106,0.5847636564657686
2010-10-21,-0.1413430169463515,0.11310799436515857,-0.15874197451300967,-0.1272248671359994,1.9441916678486177,0.6287023125423993,-0.2504894848950029,-1.088295756553245,0.6870443949200903,1.6333006196507822,-0.061288969905008504,0.6590283271046646,1.45608827268749,-0.6044273906300099,2.4238738090892826,0.05239591785843511,-0.23215644219999643,0.5847636564657686,1.0503189918723084
2010-10-22,0.2916895958117704,0.3753458937346252,1.388817655045232,0.005265368798175185,1.8500362986739505,-1.002883313428249,0.3165425327004646,0.12084565673922071,0.8927036257255578,1.5447538032127968,0.2346654052792313,1.0033271410299833,0.9677576518614944,-1.8498660406461356,0.5020375052697716,-0.4613081780260621,0.9409339991045443,1.0503189918723084,0.34409787520858875
2010-10-23,-0.47429832738117583,0.5763723295505412,1.5418747971500102,-0.01276868332494364,1.4372466918876012,-1.4404876555937065,0.5461528296569417,0.41526130228547586,0.18790343721978325,0.015331314723044786,0.29089481601300826,0.8802728648557315,1.0044249617753278,0.2653095407921534,-0.5207341313708396,-0.5937422693000617,-1.3928576611133319,0.34409787520858875,0.2813064654733671
2010-10-24,0.8708450362179061,0.6401157011572981,-0.4933183958627844,-0.033403676185612935,1.2992221010464258,0.38231109526801726,1.1593993864614847,-0.35670217669153614,-0.583731811213602,-0.615652570938763,0.5899943911452856,0.27217331041814763,0.6933509152499693,0.43727015691592963,0.8011753888617181,-0.0638038601576726,-0.19336660605477055,0.2813064654733671,0.5105052374103525
2010-10-25,-1.0252716746052166,0.6801330906384494,-0.8614286114157763,-1.2163899273693821,1.895391440065322,1.7510561256743284,-0.6636071395019426,-0.44565311570098975,-0.8975115084457478,-0.2541200619455286,0.5131128072575251,0.30023475065004324,-0.057546196932824895,-1.2915699775629292,0.1903259686898733,0.3024181253247132,0.3942329344747112,0.5105052374103525,0.711666127416447
2010-10-26,0.8452146979667639,0.28694629892373535,-0.44407575527095233,-1.3333630788070048,1.7474220904697584,1.685718967073177,-0.15873608001489217,1.5060747349958357,-0.626614617980445,0.23625806057875867,0.7207978402821636,1.2192959748589165,0.16171032883283618,-2.3667436363580854,2.40864302933174,1.1163474649308163,-0.06066576169739513,0.711666127416447,-0.5812535269311933
2010-10-27,-0.663565583173341,-0.40017301420629814,-0.7759814029889741,-1.3261242034188534,1.5465601896792052,-0.7383584323368086,-0.14421730899943527,-1.8917804145722057,-0.551672465921179,-0.9692995170809102,0.49719305053393276,1.5780920331479473,-0.2975909105191071,-1.840200705856253,-0.9959278654178939,1.2613565393879838,-1.1002176113523836,-0.5812535269311933,-0.4986090679627312
2010-10-28,0.22431899696822252,-0.6504516324076034,-0.9140710981199817,-1.2609643602609166,1.3525349993804647,-1.8081727567228245,-1.1525990125877525,1.1322417325583072,-0.5725789738204953,-1.7748006796525495,0.23148354149389327,-0.6209347558943568,-0.5179972468271856,-0.2459029694991899,0.6975436558278904,1.554394361387442,0.12799699479331508,-0.4986090679627312,0.3688190977562432
2010-10-29,0.1847389246883611,-0.8370917268169454,1.2838300840329189,-1.1555168099268331,1.1198836953697973,-0.3764986119639724,0.8585994774554073,0.03158890611761303,-0.05866740519139051,-0.6317576882712204,-0.13032788851654226,-0.8994670301209627,0.5861206157765482,0.885940383461407,0.27606130039500526,1.5709069752314948,1.0562479036893668,0.3688190977562432,0.41861271307331166
2010-10-30,-0.06962481334702716,-0.9331281181169535,1.174972827707833,-1.0286536498117174,0.8389501087060208,1.165758000605397,0.9470211555729714,-1.0581032442132638,0.23498507642810623,-0.8897715719256017,0.749015302142121,-0.22738370756347,1.9780891610858469,-0.21970338386733826,-0.5914851440003476,1.132591642341998,0.19106069179929047,0.41861271307331166,0.7573199942934334
2010-10-31,0.18346162303317023,-0.9035321537841589,-0.5804892529884295,-0.8986123941760396,0.4994194019124853,0.6734779820428174,-0.511894797460154,1.6438187602743934,0.11609888620235394,-0.6950147525466916,1.2826964183658545,-0.2211073376502735,1.0588274579300085,-1.420519727947055,0.14598278734003142,1.0661650792963178,0.3795528391811824,0.7573199942934334,0.6912357712988508
2010-11-01,-0.4515446426530765,-0.6779697601086837,-0.057363775649203724,-0.7682406478018416,0.09130794068148014,-0.38294647058953624,0.11801067817235114,-1.6806574653959974,-0.7383974885690651,-1.2920592956216095,0.9493602494479173,0.4157701369459058,-1.310943729670853,-0.90213435707817,0.24008679362705365,0.9040911946070068,-0.2140476453514552,0.6912357712988508,0.5676201893429548
2010-11-02,0.21395915906207832,-0.3064079300277607,-0.08110541593708262,-0.5605782941855961,-0.36888406443981714,-0.4661640072093676,-0.24412639870855288,1.012974175771306,-1.0711303651437678,-1.0397353231284372,0.036235343941743395,0.6752335176587314,-1.5463165793055247,-0.7632878677239008,0.326103438549198,1.1502045675611583,-0.2415871156784357,0.5676201893429548,0.9159119101868523
2010-11-03,0.5041449202158846,0.04089993343078669,-0.9016089789106694,-0.41638519542102037,-0.8641703811235574,0.16291845577282693,-0.3396692968557381,0.29255666067487845,-0.749330804517609,0.42749584234291943,0.24982768214648596,0.42583254274402066,-1.0511921844766243,1.0137662728259453,0.3543270391662629,0.7898734051272865,0.6622861141857463,0.9159119101868523,0.07306107539659332
2010-11-04,-0.9015670786767934,0.33942077737400644,0.42432638224185376,-0.32733547395416657,-1.3635691117714785,0.22783999100659597,0.6061181126455781,-1.4468324203301284,0.06537198037610815,1.5851347748697306,0.8059661801915485,0.9097765227682361,-0.9437788642522961,1.4403863667187402,0.47650238549932805,0.8104437291231344,-0.7496854219763833,0.07306107539659332,0.2451805812706229
2010-11-05,0.9674979191685176,0.537627169417288,1.0548470880711005,-0.149411107549803,-1.660338818103276,-0.2468903881368458,0.4564035301297309,1.5187732661973732,1.4641475930711598,0.60668511299372,1.575356556277516,1.7879840478950086,1.1825596552164164,2.2548951697432513,-0.14710755374466666,0.87812437324118,0.1256693967289426,0.2451805812706229,0.550052121100964
2010-11-06,-0.9937814991768019,0.6058234042082583,0.006192057481749946,0.02746834305671272,-1.8372036881970275,-0.5222522779322042,0.5881400310089216,-0.4266431342897332,2.582361817466803,-2.11909085118882,1.1080100901663468,2.049322582428052,2.4653325078940265,1.6887385809729414,0.09432633490781887,0.8596610463406839,0.22911844085071903,0.550052121100964,1.689567647730538
2010-11-07,1.5128258039105424,0.6027116880320795,-1.3506202856099474,0.18194547504189548,-1.80364848365628,0.008789634362334594,-1.2357532199305694,-0.923856643724612,2.395665867673409,-2.469228123653801,-0.05565342600049211,-0.82199694448451,0.865022804517992,-0.5062887666527628,0.32500340217063356,1.0384460246939453,1.7008873458477127,1.689567647730538,2.656045915510115
2010-11-08,-1.3426819494601676,0.4858455408322021,-1.1914627421321546,0.3915573300064714,-1.7374497277352974,1.0563919103659385,-1.8768086354319435,1.9912626095626702,2.1336073655748096,-2.377493725434675,-1.1596956499506843,-1.0687181885339694,-0.12162719626874491,-0.8130713253375991,1.5820558659163013,0.7951411232169615,2.624394545825043,2.656045915510115,2.7662942175495155
2010-11-09,0.22388161152745256,0.3201885084957287,1.8260078765207473,0.4761641807445531,-1.59015856760352,0.4642688334907825,2.1959388834346636,-2.6057032600904013,1.7597271820181135,-1.3185492337948361,0.043564445803709655,-1.2635964355040357,0.2682070981567912,-0.6914287084201607,2.208586914109481,1.467788515665637,-0.39772603089295316,2.7662942175495155,2.9944843119193485
2010-11-10,0.8136367519363613,0.23822992408362378,1.9097328006729384,0.598668369976059,-1.4737555064979333,-0.6415346133491204,0.525661461035039,2.092105553610028,1.5734704057789852,-0.1828831724996771,-0.13549157440082893,-0.6265559875733941,1.1837430053280007,1.7733277596101717,0.9332649616928078,1.575618145182079,1.7622304457975673,2.9944843119193485,1.447774887758713
2010-11-11,-0.6493180013270563,0.17072181714127999,-0.9587192858086223,0.7948866706734888,-1.3688645614283264,-0.8408009830461888,-1.3322737979118715,-1.0283839929885512,1.4444441677781197,-0.7185457764465194,-0.7482872486671487,0.16202110449891866,0.527810714942316,1.6521221949253488,0.9127869249639996,1.768033268866713,-3.2914345683573805,1.447774887758713,2.068688118922397
2010-11-12,-0.5283842941461138,0.16452048890979185,-1.7955625528621868,0.9748164832860522,-1.256014196545657,0.40137480511301044,0.2537340241131499,0.34663901714344375,0.9390014213732062,-1.0229838151942583,-0.43631322460138083,-0.5066014393448637,-1.9835940788843682,1.9141542202052735,-0.3936740216027587,1.9332733452918918,2.3239468929357803,2.068688118922397,1.3295171714110574
2010-11-13,0.6489795287051786,0.14072863010484202,0.004532217708283392,1.094331695574431,-1.1309491944512984,0.657580408591515,-0.09756381877699338,-0.17642303481025928,0.7051305974057398,-0.391785199919236,-0.3588255253674102,-0.6037433783136381,-0.7276845263753424,0.7639314020970431,0.13681191276520913,1.7394615720275706,-2.072906392883662,1.3295171714110574,1.9698618382979767
2010-11-14,0.5185077947754734,0.09833957441962442,1.0863270567536156,1.2133247544702341,-0.9969169079286576,-0.5984116517113692,-0.4727983537969357,0.40842639812679654,0.6646044240281029,0.6078986025407539,1.0980047276796068,1.857278938628518,1.5075174544707852,-0.48620370141755603,1.2022052239760717,1.8809840100284094,1.2752398114979009,1.9698618382979767,1.530755305191033
2010-11-15,-1.931649695769644,0.03610451060057383,0.6400211217461945,1.299701116361605,-0.7926923746636586,-0.5833974449666746,0.1338593587802225,-0.6571147159458824,1.0035958806868817,1.332474101822655,1.7036196047400842,1.4180017049608238,2.4029954916967737,0.9165817143636259,1.1809303464591747,1.9490719529364926,-1.3123870858263846,1.530755305191033,2.791332369342687
2010-11-16,1.799688317754592,-0.03796979901265153,-0.6083304902132846,1.3433719197528236,-0.6214178831499405,1.279127497410123,1.4415295694865156,0.43081249358624624,1.21462587075458,1.9022744583837414,0.780901791210055,0.1778538803881578,1.5530923488887947,1.4457223875007137,-0.43923919791640786,1.8176552448476542,2.7821243008433427,2.791332369342687,1.7177188165113473
2010-11-17,-0.38021780252569537,-0.01410188206641511,-0.8881574643877302,1.3613165075940965,-0.40471905249042456,0.9819267465055291,-0.1729797558551641,0.06281030103352822,0.7558847393315105,0.9670795527636824,0.3975872799606935,0.704058271303509,1.7243957526097415,-0.14019188646049585,-0.332957890548778,1.618828012227652,-2.8320056443775994,1.7177188165113473,2.197418227812914
2010-11-18,-0.5441269212324055,0.08696606799909343,-1.094754012642646,1.3271142887682776,-0.21532512646352214,-1.270844900036065,-1.3316232643156325,-0.6385757461950891,0.33300161504255105,-0.041973386970210094,0.16767079783843583,0.3037044886542311,1.4566409959156021,-1.0680740969181166,2.0143129819826697,1.87344157929151,-0.2681911776128512,2.197418227812914,1.5139805530549755
2010-11-19,0.21702724045188837,0.34246335161003133,-0.48076355463010945,1.2197810315318254,0.035603629893488864,-1.5487181517630846,-0.08544372966737503,1.2911753086393811,0.4401474846570421,-0.6774456758454331,0.45190462727355707,0.09762871522881983,1.0389400387421754,-1.6463669137311656,-0.35448926885951004,1.7920542980588758,-1.2680879495281123,1.5139805530549755,1.153791310276903
2010-11-20,0.7088684511524229,0.5087237402261676,0.6934843811516458,1.0877825504098189,0.2915847354880784,0.18231769268952652,0.20137175478637437,-1.7810637458579874,0.5590732930162419,-0.8170851659236433,-0.03607839200254487,-0.10408508264522462,0.5703926467560883,-0.7429517593331215,1.3133562418466993,1.805034915874969,-0.691629466133991,1.153791310276903,0.5031686991082764
2010-11-21,-0.7837554943952204,0.5746569277717829,1.2715706107839522,0.9260444735120243,0.5627309931166488,1.5464684235681199,0.2680183734623908,1.1079862053841603,-0.13682974525053349,-0.9375017933728859,0.6935528815209004,-0.2598629398212548,0.7084339333470123,0.377713662170321,0.8768621093195992,1.5186895121150368,-0.21796970085552728,0.5031686991082764,1.0481973399515727
2010-11-22,0.3154749004677305,0.5211095537881181,0.24087870171383688,0.7482957249466554,0.8113189730829077,0.7174168919230745,0.0004901629597192362,0.12290349359917112,-0.8592804392459764,-0.9123178610607023,0.38939272791536783,-0.2525868255327763,-0.19525612843638143,-0.5768355422293571,-0.5418698398404987,0.9142107472265413,0.30234463355802493,1.0481973399515727,1.0826229017990887
2010-11-23,-0.542823828299131,0.45873704293369866,0.01720489157124869,0.49438966961538255,0.9994534064545066,-1.0145395705213158,-0.04804523760997416,-0.7924899870937013,-0.5942406596947133,-1.1844590818596756,0.3218728978201316,0.7054490550864699,-0.6440471786334294,-1.4762465846695776,-0.053122885624532296,0.7327043066626807,-0.07154222199974039,1.0826229017990887,1.344668493950539
2010-11-24,0.792973033431042,0.312915028072627,0.5996831842504434,0.3143509282581905,1.1295184722788303,-1.1418166617273273,0.7267827964302213,0.7928895743577046,-0.27636183959963767,-0.9332735825235696,1.694185546743292,1.2222508242060854,-0.6622714444799588,-0.8931627474541471,1.6791198617631646,0.7852237767209146,0.8465415093322242,1.344668493950539,1.4726356782617067
2010-11-25,-0.07564554949480276,0.08693449831506417,0.213765728189495,0.09762631307074415,1.195235860699611,0.2644964307362864,0.11249430865044371,-0.5088364688805309,-0.10733117187612345,-0.6844767192192798,1.4459570924131597,1.0867267936036342,1.2907905443084138,-1.9620372072044674,0.3339660136554421,0.89023036541694,0.3065834217331577,1.4726356782617067,0.701557365888584
2010-11-26,-1.2388226419842796,-0.2766410599901508,-0.6294182092605198,-0.5181203603792636,0.41338426934870365,1.2868706391562468,-1.0700425573162446,0.29340935958806813,-0.5294007201437694,-0.5895735154864296,0.6250450170298155,0.5819708931998836,0.48705754253101413,-1.3554379710734614,1.2077763650736575,1.0200262839006091,-0.7982552825367235,0.701557365888584,0.3306580455474882
2010-11-27,1.2676276446088488,-0.5317543030156933,-0.5680040466020119,-0.7665471835262317,0.44016383348738836,0.4262031834244912,-0.6399325823801383,-0.17032108078278713,-0.140034446537778,-0.6857173228517979,0.3128759348200619,0.08188074266902472,0.23877262461876034,-1.296704579220341,-0.21091507724114722,0.6933686981564686,-0.6346347472589401,0.3306580455474882,0.7225473549423086
2010-11-28,-0.880569495956709,-0.706552163788698,0.29597261397273844,-0.9966840887034073,0.40981386334787806,-1.4420475902160161,0.09135140496736131,0.11474190202643976,0.09394018898836273,-0.7676448615261666,0.5675118602037441,0.5877207801681115,0.21561315256086583,-0.9707468220310251,1.4185449352732842,0.6871019059011503,0.6463803815666602,0.7225473549423086,0.7148747410557035
2010-11-29,-0.08229742231609835,-0.8637153737897929,0.5638301348093158,-1.187790919957062,0.41940592597268167,-0.6696552541072136,0.5194423849475818,-0.10148817162457598,-0.33618286689174354,-0.29988272408191824,1.0845761812595662,0.9172688476598087,1.4541571809888445,2.0588222916703947,1.645476810299583,0.9247800483718628,0.025880155469456653,0.7148747410557035,1.9421411496980163
2010-11-30,-0.14741080937625514,-1.0472103679202232,0.10537059135785984,-1.3512892006342163,0.4210939169291003,0.6458775333805763,0.10862555103126728,-0.024525213859198813,-1.6219042977697735,-0.43608002305537624,0.8377206139450964,0.5617829432154299,1.5515415871877498,2.2600353841498904,1.0242093338432587,1.0256124564908589,2.229854264377495,1.9421411496980163,1.9058486386601727
2010-12-01,0.1899550476984427,-1.2861650190173106,-0.30881226776025794,-1.478076496691521,0.36487281867521676,0.44012338728916917,0.3851676520185828,0.3108024159621502,-1.0904279181680976,-0.9369720790893381,0.7498936753997588,1.3854499409498198,0.9580012501742537,-0.009853737263817202,1.1059359561896183,0.9349425673804813,-1.4538966068191626,1.9058486386601727,1.8411481610083364
2010-12-02,0.5868263185302769,-1.526499832888828,-0.6405178784249188,-1.5891628913522438,0.35204331750489976,-0.11495161031098236,0.28155345193698306,-0.7536395076158349,-0.2901868264137076,-0.3578360985358978,1.8030194087639344,2.360512082454238,0.32797310156075143,-1.0816969224478314,0.8672381286790548,1.0656900386823907,-0.026006592439684218,1.8411481610083364,2.15932216221743
2010-12-03,-0.6089144955881121,-1.2333253673808986,-0.8265645955837677,-1.6684408682379799,0.3345205089433876,0.28108338201383104,-0.34700435815485037,1.229585737862737,0.19922938011568903,-0.4942912137962172,1.6239576368952562,2.093951996501405,0.07522129780200333,0.34583690294303576,0.4362999772833012,0.9826540926461974,2.273224102794426,2.15932216221743,1.0668031655793824
2010-12-04,-0.5036708469964898,-0.6701397235659549,-1.195219089377039,-1.634317116284854,0.3282579405943671,0.21522786965021135,-1.713613944929076,-1.4691276190259752,1.1178313362952317,-0.6800464976167061,0.8984160231684227,1.0546806256493648,0.6341279973179639,1.195113978684167,1.5922467679205212,1.1339839131970215,-1.1303587054657906,1.0668031655793824,2.224242618103107
2010-12-05,0.7872088261513834,-0.2863702366785049,-0.8972159992565586,-1.6629781383059192,0.3031495058541034,-0.6145915412825481,-0.2949146468862637,1.007334016269699,1.3165303154097736,-0.7723413507969078,1.011860591190276,0.17057464312492096,0.0957703220207897,0.5034778602175002,2.4179898524751122,1.492473250342817,1.9438361804268882,2.224242618103107,2.3231614743362763
2010-12-06,-0.155310448071417,-0.03052714879394865,0.9018386662051605,-1.5963398949193712,0.39574000072778864,-0.7539354293079417,2.326197947396337,-0.14314156116244023,0.5443998072233978,-1.543665023510766,-0.37985799128003406,-0.2759201789822623,0.07063019224373211,1.4195422885823843,-0.05210305593163832,1.518826448218093,-1.083842457227567,2.3231614743362763,1.3142868911967205
2010-12-07,-1.4071498765127997,0.250795345895744,1.8449511990272478,-1.5376310722341007,0.2640472363848319,0.39978414840666765,1.064793431296046,-0.4591728207744557,0.5617557925613863,-2.0767036559391343,-1.1814164408737817,-1.021057441025505,1.140871279841834,2.1300846379256404,-0.4696570446926885,1.3118880208383468,-3.0910318176648306,1.3142868911967205,1.0211161321369089
2010-12-08,0.5628152464108703,0.5042395652524191,0.7047199654738311,-1.3910837743266982,0.19476650896040798,0.8321029701176,-1.1735073602128996,0.8359259543781115,0.853343818396001,-1.4986351419703443,0.014565925024541975,-0.6696227306342731,1.570399250059824,0.7255860656350219,-0.3036766095719019,1.157288871766713,-0.7839769457805121,1.0211161321369089,1.3471871038414593
2010-12-09,1.2518090183157886,0.7353617839358882,0.5018440646901243,-1.1612080316330904,0.11749990586927618,-0.4275788422711311,-2.1469295746907875,-0.9793241859554458,1.1954826028518355,-0.5645592593654091,0.39995922973108755,-0.15562804203536157,1.0259053736899097,0.5565336320407173,0.11085408096710957,1.0798024943120532,0.9862408208404325,1.3471871038414593,1.6610462372379386
2010-12-10,-0.8576217995120469,0.7361322855629285,-0.06745694052650891,-0.8800372659672941,0.04243974276984937,-0.210537745655289,1.220806240841903,0.6876008997704386,1.895777955982502,-0.9341355862463375,0.6061426829959076,0.4735050171591459,1.578341708963882,0.2721196984868632,0.4862813520819747,1.2356959790446658,0.533843300213347,1.6610462372379386,1.1508492218058772
2010-12-11,-0.6737606303717911,0.6631083412943116,-0.3386472868003441,-0.549411274892319,-0.04521362819252807,0.8146217547596788,1.8008348885796042,0.23249210645564314,2.5394437668306624,-1.1876141736276247,1.835220869359207,-0.6857732589671237,0.5386114420221914,-0.5613516951529769,-0.14590679333323495,1.087425729088775,-1.263172156567927,1.1508492218058772,1.2082151358443716
2010-12-12,1.3081827136767037,0.6838880572848581,0.22186562348451191,-0.21991152133955885,-0.09200292826282978,0.5365765652082425,-1.1254995859489736,-0.9572018598349226,1.9046079188987426,0.26679120816879365,-0.04068292662805954,-1.0161486296797262,0.6742814606387499,0.17074959707789955,-0.2983584145275109,0.9384858278608184,0.09777333934252018,1.2082151358443716,1.1729220328933003
2010-12-13,-0.8250207465807123,0.7884040129470445,-0.1411856039131137,0.11549788566245567,-0.13622061186896034,-1.0699040485408602,-0.9410373969977396,1.1266970409671109,1.2444752803133712,-0.933992574089259,0.01820333309532979,-0.7272021470879028,0.38022858114407193,-0.3050756912856075,-0.2500469058026637,0.8437512280865144,-0.18289395824967314,1.1729220328933003,1.084951371720764
2010-12-14,0.03686261527710599,0.939428059876376,-0.5346493023219866,0.4192867015323044,-0.17491402648844392,-1.1070516366044798,0.4994324175377014,-0.9325544369019497,2.414208002852053,-2.2401327374866407,1.33970635809025,0.5491908553018353,-0.41283374546496693,-1.0449651937657765,1.0073269425184352,0.8099557218214726,0.3032680060741728,1.084951371720764,1.3214701708553718
2010-12-15,-0.44785206257722165,1.02015802838799,-0.47100483104494156,0.675900778041687,-0.18711667399560733,0.5797659067212153,-0.6354250040060695,0.6745093579231334,2.4033589491337546,-1.6144118865679287,1.3669440999730977,-0.9405656376312772,-0.22011529576726951,-0.24367010366457237,1.1991265537446092,0.8544410606742147,0.1291297811459785,1.3214701708553718,0.7674183101409928
2010-12-16,1.4857112214307626,1.1017449162644064,-1.5417421651760606,0.9018415643063133,-0.22073823101863527,1.487543440119426,-0.09356586925155153,-0.5500517544231184,2.043071210662116,-0.6240789901856328,-0.8271435779618891,-1.505839089714344,0.5369464612210311,-0.6385957167665894,2.655231922626923,1.2955907772127566,-1.2478853413838664,0.7674183101409928,0.823976924683281
2010-12-17,-0.691656463749512,1.3130641010240445,-1.0368667898949961,1.0400142513214097,-0.22534705691254364,0.9525426257670317,2.4227494389490443,0.6734424962454103,1.2780035081887737,1.232883608345482,-1.3413866434815276,-1.2856645956765274,0.4129470931084878,-1.3759618432807148,0.8861514928098769,1.1166577131931534,-0.07993008094591524,0.823976924683281,1.2505214832831943
2010-12-18,-0.3454457905224514,1.475552960424113,0.8794911808902299,1.2092698391188548,-0.2676919953522424,-1.422176954789919,-2.0494632697663184,-0.9580341828619651,0.04051126280645539,1.176945134864482,-1.2357610846846128,-0.7426027300461914,1.2181760280525717,0.12097398252444634,-0.24076675991624094,0.6883035337891845,1.0396227291558882,1.2505214832831943,0.6060526348762645
2010-12-19,0.6085839679053061,0.9877802716988263,1.96531842964538,1.4093426058083125,-0.4096588181404538,-1.4544054696935689,-1.710521883769544,1.1130827142787965,0.7510481327336287,0.3416521398602096,0.1120385603789771,0.724015721922407,0.724326965752197,0.43335693728985314,1.1821609870441854,0.9055990021409457,-0.6244428969170357,0.6060526348762645,1.20957465588612
2010-12-20,0.22980325606461566,0.36120037369084956,-0.31742584053466405,1.4460218552389676,-0.394443855217501,-0.9506280889639195,1.950726829391059,-1.046956664017378,2.141797279591583,-1.8618993619396211,1.7218923734667653,1.4606323727002253,0.8046409588984388,-0.527775155126944,1.2656976474597557,1.1740970046349848,1.1994723771647744,1.20957465588612,1.394866889901853
2010-12-21,-1.2006890150985599,-0.16999608196433913,-0.5721322174056725,1.4974238393972124,-0.37411160269652594,1.0304621670288485,0.2497601666753399,0.6638591250714365,2.518895809897386,-1.6700758752663107,1.2770405716742408,0.8492924937246498,-0.2930204222559244,0.3618390312318853,0.9253862447794502,1.5489909460378743,-0.03599141860854085,1.394866889901853,1.6504242849952242
2010-12-22,0.88195109271852,-0.541179127127985,0.43105787079562097,1.5369020880193665,-0.307200452526296,1.5223357227620615,0.1093943115984767,-0.17882262065061386,2.028245332981127,-1.2629669971094466,-0.32565127331367577,-1.1453393749469791,0.3267810723006535,-0.09062918391349539,0.15270430679072636,1.7233142257656662,0.7919438627527993,1.6504242849952242,1.5658189947778058
2010-12-23,-0.32104819299349435,-0.8913108730602316,-0.2666521833045622,1.5424269831755428,-0.2613116553029852,0.6856175451928962,0.9859145498389646,-0.13651886285737602,1.3726491194339931,-0.961351200172441,-1.2370842328088032,-1.7362094524397471,0.7578377551874587,-0.06586181587058493,-0.6789074656804228,1.7092376486016354,-1.1170898432340342,1.5658189947778058,1.3238807406330146
2010-12-24,0.09266034561392862,-1.240053936827011,-0.2419411728345839,1.5216132933756679,-0.2160241274723789,-1.1713327878162585,-1.979082516553559,0.18109635742052668,1.3805537530617946,-1.5527758156283502,-0.9367316647851792,-1.7074061435362988,0.32007728560357457,0.2667195307560058,0.10192327542380773,1.5877395143144086,-0.7785036631322915,1.3238807406330146,0.9836077790207458
2010-12-25,-0.27580602777763147,-1.3932982411577342,1.1050552222158643,1.5670527374319643,-0.18221317272898205,-1.0954908993649273,-0.0029051436500016625,0.2456782711489815,1.4646478472616278,-1.2993232288504732,0.40036820541774154,-0.8740685555446343,1.593119653495806,1.3321848905838407,1.0422248956469755,1.609360522588674,-0.309282738039836,0.9836077790207458,2.4453226639395207
2010-12-26,-0.06261601861124232,-1.3256660456199816,0.9720704918224143,1.5009014329777055,-0.13202315943878826,0.10254492974476564,0.7430381707371536,-0.5140570625650945,0.7337706193997033,-0.895900920355784,-0.016204479528187727,-0.2952549848566939,1.6864699533780323,0.3907147078737237,1.9382845633602148,1.7963572089586688,3.013075767854605,2.4453226639395207,2.367607391868902
2010-12-27,1.312601304380533,-1.1543750185585933,0.029772479198265346,1.3715309366861044,-0.12034097759493231,0.31113901577663294,-0.788373805279627,0.6537139456942113,0.7580954857339676,-2.22014340922918,0.049685377929420786,-0.27189942631902386,1.0880948917996873,0.4438313725097366,2.5000702614466137,1.923420603602752,0.240283513176133,2.367607391868902,0.8266965213557538
2010-12-28,-1.5203962525403512,-0.9465573386874649,-0.30456942846430335,0.6931525798351468,-0.12317766850703055,0.4024711035238228,1.0666882233649275,-0.5649816443136431,1.203612528999745,-1.998080240799998,0.8197898790934449,-1.2401099753915097,0.25308732179935683,0.8330831267253457,0.7916128346192278,1.8239862491695966,-2.595341955921523,0.8266965213557538,1.3352895063076704
2010-12-29,0.6110667944056581,-0.7508551385272245,0.43966090472629116,0.4138627840705333,-0.2362578407634002,0.03661338820939429,-0.4323585400577696,0.47338521429100994,0.3974422974390867,-1.4321445056533024,0.053158186824723036,-1.1060438234961782,0.4349239000534978,1.2815814512022896,0.46487391053302096,1.4730976195715708,0.4704324947713447,1.3352895063076704,1.5368080962117323
2010-12-30,2.096936607724546,-0.13555518796095478,-0.02244719668054624,0.11453570712445381,-0.33107932315332383,-0.77624442055335,-1.543061704243358,0.030108409097470826,-0.3311494943248398,-0.7631461990467847,0.22675814107183523,-0.14677042351151562,0.8489892613976832,-0.012993866871027458,0.7753172086125549,1.4743699898392117,0.23441625206137373,1.5368080962117323,1.9156032617495777
2010-12-31,-1.5469224731781261,0.1810133112915813,-1.2809412672863068,-0.21364942791985797,-0.4381074859375705,-0.5732583203023414,0.5822394212662554,-0.7420851164736226,-0.30139138997878867,-1.2806425421102337,1.137910343759583,1.8256455992839251,-0.1967527631582713,-0.6646002643609722,0.11949064959959214,1.6030046686549453,0.36750041317238563,1.9156032617495777,1.0402925389479944
2011-01-01,-0.5157810412843588,0.6435563844857969,0.17800494767234545,-0.48359990054113466,-0.5927884897967243,0.4598634544953757,2.16386494620326,1.2416424611019323,0.2556045676310997,-1.4122028267778115,1.717028923420017,1.4435140615393174,-0.3469996262129058,-0.4682282328101189,-0.2967087689740371,1.546927953687524,-1.921963734806938,1.3384044975832183,
2011-01-02,2.037269954750734,1.0752986587267965,0.27571266654719545,-0.619395475657031,-0.6861566459146804,1.2069706037207955,0.9730380163352209,-1.6792431465410647,0.5038393166506865,-1.2642277076978496,1.6404853724168929,1.6486914680858393,1.0672319396930752,-0.7598542339990854,-0.11732350508601475,1.3597117829348526,,,
2011-01-03,-1.5689115129069868,1.4076993211864561,0.12382236394502012,-0.8039109923257747,-0.7604567277175452,0.05008567161723431,-2.3228813345336863,1.5056495774002134,1.0604612008052368,-1.0188785930033972,0.8465381574307752,1.131002898814446,0.8517484861655014,-1.312275716757534,0.6638117549898457,1.352788455805753,,,
2011-01-04,-0.09629671114207379,1.5859392000614712,0.6320959962506698,-0.9530689090854502,-0.8204236857954077,-0.7664369962094368,-0.93862381818781,-0.26452333649966603,0.43593200339316635,-1.2077831136736454,0.6731203366969755,0.9052494397570393,0.34025615883090354,-0.5341409518789731,1.6450565784095315,1.6287478176475547,,,
2011-01-05,1.5065653968879409,1.3088698083170496,-1.1797128214744201,-1.0934759422048368,-0.8469916184812033,0.004300686311820391,0.6471796163466421,-0.47966645527826596,0.3753128733688191,-0.7109305623674539,1.0080616072096078,1.0267326376232508,0.029463927134255292,-0.600969563359802,1.8111961012033657,2.0874312470249228,,,
2011-01-06,-0.8050821578859866,0.6488145507994537,-1.07046661785728,-1.2083628136741729,-0.8587104990416404,0.2549781621408259,0.46937769821110914,0.9224825960353283,0.4763200306709429,0.7441889202546418,1.3164223497619763,0.6491604603420216,-0.17443737799976097,-0.7557155540821994,1.090620142192089,2.1510350925359334,,,
2011-01-07,-0.7937827669438602,-0.18882098820843818,0.23106999140962575,-1.2982119262776004,-0.8407825903087235,-0.34014825745741906,1.0886255451587026,-1.113040353069531,0.6970858468718867,0.9178177739575485,0.3334204471601885,0.2490009269315784,-0.5760530707638547,-1.2635635261085407,-0.37577405760781313,1.8830058961724954,,,
2011-01-08,0.7884725990170257,-0.976712310393676,-0.03066741461179838,-1.3284438593822387,-0.7449776701944184,-0.4802653598986709,-0.0213894481836048,0.7870300882272572,1.7590709755492777,0.6617651424916969,-0.04510434728721937,0.46302001850268987,-0.5291325361817288,-0.5577275008641615,1.000986810989784,1.5930798207112087,,,
2011-01-09,0.0681322216884134,-1.491787157394903,-0.13189953918793013,-1.3667634329396345,-0.6552652462383822,0.18293560993392555,-0.7992664669903914,-0.38992594357788063,1.666015840476217,1.1777776845536607,1.0216434187132877,1.422595674153532,0.4218792174665813,1.8558052026042404,1.1454624353292095,1.2659258349748446,,,
2011-01-10,-0.6073222898438987,-1.6358457689493557,-0.8890359359549055,-1.3530199751538023,-0.5052750423129921,0.8259337491870368,0.0007907979947732107,0.0798251260761845,0.09667977088802397,1.0068000708233953,1.273308444811009,1.073476735221952,1.3601559464018793,1.9121590898536411,1.1848905220283414,1.2165715056769268,,,
2011-01-11,0.21599428569324894,-1.3647919578375274,-1.3509437199718055,-1.3378206820303116,-0.3604808256281569,0.8940698457850268,0.20735387905638902,0.2118840276782995,-0.9856023728639985,0.21736048626600885,1.7661659657543987,1.5170175779073631,-0.315436547947854,1.6183409938159226,0.23629180928177138,1.217532776739578,,,
2011-01-12,0.17989649452909015,-0.6780647705727021,0.6896196620830087,-1.297607042387988,-0.24992971009901932,-0.5854097655623005,-0.8781123901144006,-0.46036565732802376,-0.8233773416810878,-0.7652672363440067,1.990856566360264,1.4053169055778933,-1.1586999418777686,2.242666896927837,0.42871862045898207,1.1820142488327845,,,
2011-01-13,0.11260482720567408,0.2717087360123883,1.7999596575205097,-1.2189268132251783,-0.07779219659187386,-1.6755808575206113,0.12317162432414597,0.764706146926856,-0.8507345868601329,-1.2359353878669714,2.1240059210760274,0.63137816757721,-0.7021745568447277,0.28571268525315363,-0.5607229643810084,1.0422456998142866,,,
2011-01-14,-0.670585529294485,1.2832534165462002,0.8785019279415335,-1.0922896987489505,0.09133639169661192,-0.39589449717208947,0.49080299539976174,-1.0822014778047868,-0.5172466986215587,-0.9126509976341082,0.8198702964490657,0.5971253876974197,-0.5557896941127822,-1.068241809225441,-0.8110098426387304,1.0902705378730435,,,
2011-01-15,1.2295091977632113,1.8514287106305871,0.397728493642644,-0.90764204932231,0.25689080291390637,1.2778641645334134,0.6146922221262082,1.3544199913364336,-0.06639502341772169,0.10179922999491407,0.8239690267169398,0.5043466396924416,-0.9727835839227928,-0.9127470043889929,-0.1473841763589293,1.0906763848935626,,,
2011-01-16,-1.4267758490088853,1.8234247096156135,0.9570139339930182,-0.7492637988417935,0.4255969972674449,0.9275303884929662,0.8596179516493844,-1.3902770123258705,-0.044192684249223645,0.5754637322964106,1.0517798199789676,1.1453309258587696,-1.085514441893669,0.47089909347662184,-0.35667477825073907,0.9796586796728668,,,
2011-01-17,1.1845858311410238,1.2320370423524312,0.4354735412090894,-0.4283233943018827,0.5882374300575215,-0.10607536496943615,-0.9440686021153792,1.2662199325668004,-0.12987433701610682,0.6326556337361383,0.9162753437154069,0.9521432308477829,-0.3188436051903299,-0.024207209078743935,0.36225269593679726,0.8396506714910371,,,
2011-01-18,-0.5310630083077754,0.22190951023960553,0.019994488663700218,0.03134812933571399,0.7413230736402588,0.10739436992558868,-1.9044445169178752,-1.294570349138721,-0.3998442501415052,1.2148512536423952,0.9635547169155583,0.8253048214158702,0.9862996711517336,0.13613594093955167,-0.5441056572401505,0.5639784383854882,,,
2011-01-19,0.07193419844796971,-0.8147975625969619,0.17373737815131318,0.33575179972555724,0.9025306259680326,-0.15292757290238132,0.3059040247741423,1.4690868298590969,-0.6962255295153278,0.5319054747486154,1.5861051556889463,1.1413630263264651,0.6210752596443078,-0.7114176804957827,-0.5911587718437855,0.3283291785737143,,,
2011-01-20,0.04074289804226586,-1.6309446504671576,-1.2595114189332783,0.5162075460262009,1.024523588226388,-1.3983989527167462,1.7536884143705995,-1.6004949870734884,-0.6891747879224814,0.33849897481923047,1.73338593244096,1.4277276999005413,0.26653026877841235,-1.0691892168008732,-0.6930994102173009,0.29005692214475415,,,
2011-01-21,-0.12991151881832935,-1.764111732881189,-1.1838414408433318,0.6912180256607031,1.5181833672801575,-0.587625960449102,0.5630659331811526,1.4349787469393096,-0.25398485758498984,0.8563427790635713,1.8502369777401353,1.6088087976737764,0.18401761622574328,0.07298014886063817,-0.8484174317251045,-0.023982728034109946,,,
2011-01-22,0.3178351439154601,-1.5332647427837467,-0.9911245043329638,0.9017308354883375,1.601947527164655,0.9325026213832273,0.4246118061699822,-1.0487476800574393,0.37538485391672954,1.5936193265449285,0.8877664474208923,1.9763321446615467,0.6091287068422723,0.17450330333656605,-0.8075523866618071,-0.36503944382826425,,,
2011-01-23,-0.4986600695270132,-1.016607529879014,-0.2869057170589519,1.0727877481942754,1.65497843889182,1.1743106686079028,-0.9146203701456727,0.525113889550867,0.5818992746571858,1.405729369211638,1.695317796925791,1.9290693256368927,0.7905541882018872,-1.3332482346308407,-1.0838822652712106,-0.7726790626754195,,,
2011-01-24,0.3013035443982724,-0.21941224928057973,-0.04467827718442605,1.2212299106845652,1.6407800258058354,0.22384110537197818,-1.3686413328368197,-0.05533972032385352,0.5256833137723637,0.8170850615747484,1.9378728525012707,0.58687625489898,0.9641234312016567,-0.5389454677486786,-1.171600585511304,-0.952911335024298,,,
2011-01-25,-0.018884164092294594,0.7522947507028701,0.6869411363632993,1.3368640778521332,1.5762809025839013,-1.0747033591731596,0.45640498706713556,-0.1907104812562562,-0.5189384486163761,0.32797735964430985,0.9826588752227662,0.480434218343187,0.7378015870269119,0.5529829754332153,-0.12036777577045855,-0.9734584934577898,,,
2011-01-26,-0.5869224528661527,1.6938135471058526,0.21062647183194474,1.446656307986232,1.4766293823724617,-0.8035050307089674,0.952624852552785,0.3267284736796608,-1.2788232234884644,1.1358748114544104,0.4126321577968817,0.24825122333647034,0.19665104021615556,0.09552922778087072,-0.5940796173415227,-1.1567993795457479,,,
2011-01-27,0.501650950939191,2.0090424511129235,0.25319048301790004,1.3891036233750937,1.3766809659406083,-0.09830344779797724,0.20351752753436478,-0.4966526652707873,-1.0383882440525443,0.07292905480105227,0.8612009309896953,0.869510553751626,0.7557424724810483,0.23667897661497236,-0.07306901838583592,-1.1129646524187928,,,
2011-01-28,0.07175672504667556,1.6354316600645737,0.3610291625120233,1.4360506677151292,1.2045620780613835,0.8261938199099205,-0.7494877681356118,0.7737826056534437,-0.10958054379366583,0.45212943883796974,2.407423386547836,1.4117263807399798,0.3489107488034037,0.1269209069826673,1.2299772954682735,-1.0022355667661202,,,
2011-01-29,-0.8471239055909782,0.9339024329005804,-0.021944224261856198,1.6924643195655567,0.612383083360429,0.6797287271712048,0.3318002403615027,-0.5107748556049506,0.5498194034483218,0.05317389461912749,2.449802164766198,1.217021908473014,0.5182125469778376,0.2767951258027594,-0.2465773841741267,-0.9937116029133031,,,
2011-01-30,0.10761028847745312,0.16432331477472767,-1.1132666517171583,1.6508718750770426,0.483348073954897,0.8617208458216302,0.2926125812652594,1.0438725809919986,1.0282864126174498,-0.3158489297299257,2.7867490585755674,0.6727756350733727,0.7332030518879538,-0.7056314458339384,0.01627124589892803,-1.0899649727305782,,,
2011-01-31,-0.051270409578294075,-0.7588684826803104,-0.6490938659591485,1.6039078563429103,0.40336778765694054,0.450804208131164,-0.7324713800822137,-1.4570210354296116,0.6128101175540496,0.2108492183369577,1.175019509830158,0.7972845263910273,0.017008204666484908,-0.6362138414072673,-0.8221936021542124,-1.1758715729534346,,,
2011-02-01,0.6139767892653655,-0.847869032079485,0.5906762869559182,1.4624538747691618,0.274498574302146,-0.786076249585212,0.4814847035105831,1.5778522319064905,0.3128798565288876,0.49754537245229047,0.3721397297174734,1.2879117066162729,-0.2624087235738406,1.3212894056338451,0.029335441107245244,-1.0332099186386905,,,
2011-02-02,-0.04876644036950694,-0.7321741004727167,1.4003908889479748,1.2617623939185416,0.1629458908728035,-0.831726326867141,0.17803308124498815,-1.3674334591295265,-0.08434592493544672,0.10089319027889357,0.797314038966261,0.19333955757239404,0.9797296946336651,0.6209791171818144,-0.7615312375170669,-0.9203733727758774,,,
2011-02-03,-1.6751419101514056,-0.4705238693044059,0.8457303676384746,1.0424237582346474,0.10387871733722413,0.7463394473101768,0.4093057694504462,0.8332783514705349,-0.6572623600659971,-0.7007417554982112,1.390298102925241,-0.019259820601800936,0.987936939419886,0.20019088292566625,-0.9102092824862792,-0.9264234149950623,,,
2011-02-04,1.0772006289532319,0.17982643336308035,0.35637779231672895,0.7809992809759078,0.023895305506688842,1.12390378767327,-1.060457169307923,0.021162651127010785,-0.7650810717428067,-0.37109975968080533,1.0407237665588975,-0.28907412726121917,0.0586794688909012,0.16180300341945855,-0.864097220091818,-0.8900257213792998,,,
2011-02-05,0.6943749322214761,0.7744985908561788,-0.9800735941006019,0.5064672296603886,-0.051370728531289725,-0.7367658457641719,-0.651740631795285,-0.7670775962594569,0.07456646213535001,-0.11777748306862218,-0.3189118232367543,-0.39254551554892564,-0.21452099707282582,-0.01093928017662127,-0.5933881592280171,-0.7632155514890315,,,
2011-02-06,0.2782261074980592,0.9606554902806238,0.9129648852532017,0.16451259619162104,-0.1309868108996091,-1.7816939800522829,1.9545630748034313,1.2278967065639879,0.004797781172694865,0.5848233831504955,-0.1488936833203587,-0.1811461556271531,0.6777746157378893,-0.9794231623863787,-0.32885124106161717,-0.6516544661556264,,,
2011-02-07,-2.5306290300103496,0.9997728423448216,1.3947168814328126,-0.09572004290037547,-0.19544433709927353,0.26585851910157154,0.2971731798003128,-1.2479807979010733,-0.7517639799737508,1.2466629239608364,-0.04402670590404591,-0.028438579515561457,0.8249140689553017,-1.510232103705269,-0.5563450092034904,-0.719325203096866,,,
2011-02-08,1.853134567020226,1.0199827958044132,-1.1863018490160633,-0.3548626369692889,-0.30234489107842366,1.8662700744810126,-1.8012797633695243,0.6363195644494595,-0.7913509405157592,1.0288465981117532,0.6630798057886127,1.0249058137809486,0.7019550424233357,-0.7434553236858378,2.7004007450519056,-0.33722061448858864,,,
2011-02-09,0.19284984084798157,1.0988275399018306,-1.8990530207794318,-0.565689304771076,-0.3997120775170031,1.1395863748129251,-0.7245617829718735,0.18415652631697452,-0.621701631515283,0.8826301397258934,1.5688554846928575,1.687420371601763,0.6323063338770273,-0.8838809541400263,2.006914314103685,-0.06650013736819416,,,
2011-02-10,-0.85787796575696,1.2004679228614568,-0.3886557749941761,-0.777728508325188,-0.46136591616043077,-1.1896489152109502,0.80287269443292,-0.9613334644342406,-0.4840848162878942,1.1965821613693983,1.0603650120212966,1.3215733033536887,-0.6700596887492803,-1.074273315773902,2.3452827304367867,0.12535537758970625,,,
2011-02-11,-0.880786516580346,1.2869550899758624,1.7000889506244545,-0.9586413353734438,-0.5244292973881358,-2.3061227101980664,0.40584708306466655,1.5546868154475793,-0.3627233346790257,0.11466226229548526,1.22023916920952,1.0659538793076315,0.7462763731371163,-0.5875045067357855,2.3407943567115077,0.47506347087924033,,,
2011-02-12,2.3348502738918215,0.9070621760629766,1.6409365835205025,-1.1344343764643914,-0.5592633373603989,-0.3165897333241184,-1.1414681695880051,-1.3125252377413115,-0.1238252687597709,-0.1958796431420324,0.7994608745053268,0.9186570018060463,1.1488449089258321,0.3272961508817397,0.4094659447467073,0.5290066407794176,,,
2011-02-13,-0.5041466033165765,0.41701025645889334,0.15624237510987335,-1.313398992513,-0.449212888163372,1.6677106785341893,1.274663746350461,0.500252351600928,0.11554196555964404,-1.029342958775993,0.8522397266934004,0.6343251341688432,1.1387062306192064,0.6619347936431725,0.1821843625812736,0.6216512059230416,,,
2011-02-14,-2.246682600694445,0.07118767794586382,-1.0365032855715626,-1.4637053473782558,-0.43563486835931503,1.5484742175309645,0.5593596235534443,0.3265774401457375,0.3248993788382713,-0.8519698943939886,-0.2843844845642327,-0.03220881000832652,-0.35242568727824575,-0.6481563158421491,1.1615236756568186,0.7257136356024697,,,
2011-02-15,2.5359863252763453,-0.16312947530656743,-1.5719699982632425,-1.5973117670107717,-0.4040311077460235,0.4968387905217562,-1.6004401735577074,-0.7084564948627317,0.42508972774410353,-0.9833058258010983,0.6084270909000735,0.3671348179138684,-1.0724293989894864,-0.23116588695058948,2.4880836514561975,1.1398909944786089,,,
2011-02-16,-1.6994526678994666,-0.4352039938036221,-0.675134493385108,-1.7062004080163806,-0.3616260750958666,-1.4508818216896588,-0.2954816364056786,0.2855214565473816,0.8630501119376748,-1.317996223901782,0.14113143650328847,0.23312589014224183,-0.38440024197291145,-0.12692077215618208,2.795162003445165,1.623059099146634,,,
2011-02-17,-0.5456621932014363,-0.7213299263214906,0.21070019672572682,-1.6098628903788923,-0.3735389253447104,-1.4059742076337518,0.8552563393031913,0.46772438677648825,0.2597677140409182,-0.5513522804314598,0.35604817879157896,0.9926907184812902,-0.8067519628693777,0.40896560194273135,2.46001779550573,1.9495417868475917,,,
2011-02-18,0.20266445073545056,-1.021015224680777,-0.10262837840413981,-1.5917160375452335,-0.3260651276189231,-0.17259732033529349,0.5302493850828686,-1.1946979618054083,0.17485018643569245,-0.722257435172308,-0.033887245099593385,0.8238902014745497,-0.4895769421429008,1.3977647241740727,1.0232232604892577,2.061656434396973,,,
2011-02-19,1.9416931293046653,-1.26771373752603,0.5419492428774151,-1.522336550055323,-0.3014782572643451,1.311386406342848,0.7602550562651913,1.8025067284715002,0.8730522249765456,-0.5071009881034148,-0.2126585455735522,0.7523227964449805,0.41453628147424876,0.3048800588831642,0.8592234532271731,2.20602409403466,,,
2011-02-20,-1.8137913614153192,-1.325137971717733,0.6604229750799591,-1.4267328486468525,-0.26540515159100925,1.3001593136294187,-0.18738673114778123,-2.1311832709715004,0.848055933315909,-0.7621580175420718,0.23084466545652338,0.34875118295513463,0.41987379533376534,-1.251729169737294,-0.2853966026229032,2.2586410273725597,,,
2011-02-21,-0.5221356800882386,-1.1501330581891598,0.5416780033303706,-1.2375077714384601,-0.268129128064701,0.03469509982005533,-1.963465695160817,2.2118717767941467,1.8261754601734665,-0.3197866094669094,-0.11670657315430621,0.32054475170702745,1.1211442781425076,-0.7329861595089482,-1.542754810955929,2.000630848163573,,,
2011-02-22,0.5656057257996331,-0.8840056280826475,1.5625562481722794,-1.031064553487149,-0.30045253228354174,-1.005091013762018,0.6241799456498833,-2.098989596081295,1.0072896168081862,-0.22253814499145308,-0.6617540967875862,-0.031733568098294904,0.8271594269613187,-0.18133758285068896,-1.0091498974890554,1.698782853319874,,,
2011-02-23,1.2890118938038635,-0.7111482975059412,-0.5010920918710605,-0.8419300779919584,-0.30128816762288846,-1.009405035008273,1.0611631757614808,1.831462690147024,-0.24856642733378767,-0.7953197341977155,-1.4497560625592272,-0.08274981206363688,0.6798960086603604,-0.7493077500366411,-0.7743132262235388,1.3626787968822929,,,
2011-02-24,-2.7204533197268725,-0.681175011215157,-0.943766956802615,-0.630858967709606,-0.30869931975020964,-0.028083715654764328,-0.7840328860008113,-1.422861717920719,-0.1416886866792243,-1.6957509246280078,-0.6229833201881275,-0.0026111301316905245,-0.3692142435813587,-0.45495511418426215,1.0179621371649181,1.229573726780999,,,
2011-02-25,1.6122186479664977,-0.7358540810275304,-0.26645387839061246,-0.4419115467802899,-0.324808124702582,0.3657261543465547,0.08027646497837305,0.7919778394961496,-0.03261014349740614,-0.23412198344812987,0.007740020995352226,0.49970596271793766,-1.5961756084606733,0.1398517197078029,2.113417453763,1.5826807452196834,,,
2011-02-26,0.7574427741452808,-0.7990883806995072,-0.9491767910388247,-0.25383800432272285,-0.3440654425203711,0.6126473633370141,0.9936642479753118,0.16912994093321393,-0.6750362504269363,-0.41699119487971875,0.7803443070245254,0.9058882695840025,-0.5338681197910965,0.12620535526031304,2.0480905950426935,1.733479979726645,,,
2011-02-27,-1.7939316944386976,-0.7841127865463933,-0.7297971209467393,-0.12242576676699785,-0.2888162312522306,0.2731585296959382,0.36520542184832006,-1.1627944604386509,-0.888630110863816,-0.7160841334931397,0.5112974204082381,1.2223470421661882,-0.2503996134046317,-0.7281105453493426,0.9988582167585334,1.703322519099655,,,
2011-02-28,1.2194855454916869,-0.631286851695827,0.5340625924488398,0.16315833648959943,-0.23814750348917207,-0.0240613576238688,-2.037261593353976,1.8644205295131233,-0.9657268183833185,-0.38337002264155956,1.0187162899242972,1.6935114698403364,-0.47587414533881384,-0.9388730681004375,2.4106622261591477,1.8263172543565056,,,
2011-03-01,0.9099873482128888,-0.3149478019777148,0.298017848010149,0.451990850238121,-0.17186377935915284,-1.0038725801757162,0.2725751067211677,-1.4047103576350428,-1.2225209480828223,-0.16936306061961948,1.0604205600841927,1.910242781456652,0.5625939726216967,0.4527367515877724,0.8975700956747497,1.6154430597228109,,,
2011-03-02,-1.0735885594768244,0.27258577734224837,0.08364651954129669,-1.2579823381472959,-0.9266127166938168,-0.9856801653553797,1.295762550716888,0.8592750349338498,-0.10442473801447567,-0.8715604877113521,1.6634922809271881,2.1629421883220363,1.2867278549924002,2.333403908559973,2.0932282446126593,1.5605440190173594,,,
2011-03-03,1.0207415780076994,1.1145982403918542,-0.379239915895409,-1.1165730120407455,-0.883243913986938,0.6018343316108116,0.0878545433022773,-0.41229236731773977,1.186425313182558,-0.7334305870781206,2.516015259258496,1.4358869693783347,1.2365142870950883,0.5353786629402207,0.7008901899895358,1.4406898090709999,,,
2011-03-04,0.6432684528592918,1.401836445102401,0.027037728074441006,-1.0419033447866124,-0.817842465104516,1.5036877630337817,-0.8471873540379239,-0.037088204890096566,1.2625885197632725,-0.20033358890523623,2.0170700171229385,0.2482672594433346,1.1256577130675598,-0.8479887566002882,1.552333505203283,1.4848226986387791,,,
2011-03-05,-2.011202330187339,1.7396356742575732,1.1622274762278306,-0.7689599309779982,-0.7512450549358521,0.6053168528279034,0.056921703510109854,0.48182671762967944,0.967912977810548,0.2797004067791224,-0.6556799081103591,-0.24280131589325551,0.9761225263242663,-1.1921478574573048,0.5612596100917376,1.591249285148833,,,
2011-03-06,1.7392608744430285,1.9322985160185275,0.4446838005094883,-0.5346100800749229,-0.6590390086849346,-1.3107161583797085,0.14577611311196617,-0.8102929684491034,0.7292530455301818,0.6264022109299329,-0.9242510792466868,-0.04115525780990765,-0.3779501082173667,-1.339884033290419,-0.2989989093129507,1.7630274061861406,,,
2011-03-07,1.0117089220348925,1.9013225142233914,0.4587745151138582,-0.21555259931331527,-0.6040179676845876,-1.7403377463562042,-0.4209073882980622,0.7579901623464839,0.40622727260284847,0.2679586677951002,-0.5553418629224806,0.6959119015640554,-1.165558794617578,0.06030337170208089,0.037071173180854594,1.8822010545913166,,,
2011-03-08,-2.3591397867358497,1.6286282604333167,1.120270762853343,-0.01771179335767232,-0.5475713920132276,-0.20835230514463096,1.5294319876251383,-0.48442104840775024,0.561082314661109,-0.07564359567078886,-0.5363767734606165,0.6203666893441645,0.033048947107189384,0.46043400564977527,0.685375124160088,2.0119619860553106,,,
2011-03-09,1.7824163845605447,1.011674470605839,0.6870722597429104,0.17677708406621934,-0.483060768923828,2.07598365044658,-0.840794664854117,0.2272780099051553,0.6566052368542102,-0.08809532888688153,-0.18258123464115794,0.6745540869947717,-0.3050517817747016,-0.2612223500074118,0.6612950278286838,1.9413098282334889,,,
2011-03-10,-0.6620825041345024,0.2547803014210791,-1.1513556822117281,0.3485431656633,-0.4158484037446606,1.8945952790249982,0.054974439634674674,-0.11701858230453895,0.5323606556272343,-0.14305614241359504,0.5609747464533082,0.6548010239929756,-0.6950599952885196,0.1639525045044596,1.509369327159107,1.8638506579469072,,,
2011-03-11,0.89553660492748,-0.350424197899887,-2.276188114460034,0.5109756329787554,-0.3382310494275309,-0.9502594442616177,0.6166481149554605,0.22709338832021234,1.0758899831991797,-0.390338500902071,1.386928738557429,1.0206896302572666,-1.249452013140362,0.4894009920418912,1.7540509183312187,1.8454568620774643,,,
2011-03-12,-0.5475867310666126,-0.6398125915201359,-1.940601736893194,0.6867405375614226,-0.3053448363658074,-2.269847128043123,-0.7974472425862801,-0.44751039783831575,1.7510050905420365,-0.9275154732031141,0.947353953383992,1.1160758040592993,0.13317096503302964,-0.0955269500214085,-1.0085297946127212,1.6602762157230977,,,
2011-03-13,-0.9135427243553785,-0.6775946820201059,0.26453236733720614,0.8917778049711773,-0.263200665563797,-0.5217350085090202,0.6405994740888955,0.6422576261613878,1.957999183105349,-0.7271083818145145,0.8332926491459315,0.1426736549383606,2.2070823915561304,-0.2899351377544421,-1.2916019911094674,1.3495649402123229,,,
2011-03-14,0.88106553314053,-0.39018388469269333,0.33688030734959695,1.048063935579429,-0.11246427578184887,1.2800483939629401,-0.027571270620408504,-0.4952599210862728,1.1059834038853489,-0.5770493407832229,-1.0134845234840606,-0.048462905090271666,2.0778278182787875,-1.0717385376974007,-1.3108449527783181,1.1229248861054262,,,
2011-03-15,0.32652530643210015,-0.017600593964635685,0.8377173291041602,1.1543019504640155,0.13680467704677632,0.6205632778497271,-0.7137970399515157,-0.14222880563987567,0.73880442247909,-0.6399684904144822,-0.9573087429850345,0.26560328831112645,-0.6947693897925347,-1.9802813431251292,-0.9287482671895018,0.5781098561441081,,,
2011-03-16,-1.041574644159284,0.24235077467180985,0.6723210896215153,1.3281237473341112,0.3786395951050103,-0.273035053895336,0.8533775558002468,0.9986242122304649,0.3818311719989356,-0.44198007417000595,-0.6489271843268489,0.6996763359852706,-0.11024718221364822,-1.2168441837958945,-0.6260032608155988,0.411357847533919,,,
2011-03-17,1.2528531585985723,0.29949077963639376,1.0484263908849272,1.333609574774023,0.308211968553203,-0.03632970618140261,0.8298139736581319,-1.641380601132057,0.19423227560911133,-1.0183257433852044,-0.012515278249537775,0.37610913651437067,-0.1848246099477712,-1.7399561747433505,0.0926229781291146,0.17253146612669978,,,
2011-03-18,-1.5107693680960097,0.1627864804574273,1.6184841983609113,1.454501420940887,0.4849456385425914,0.5368718026984038,-1.477178783921921,1.8353432876542506,0.31023770821490837,-1.3200227449936797,-0.5113488858666175,-0.7383907416430409,0.007978955790461772,-1.6431121098574026,0.10360185523660939,0.10195031058942193,,,
2011-03-19,1.4826298464325889,-0.11936235734896258,1.1023507096159917,1.4574026963079965,0.6215236057862522,0.003948127053831965,0.06578936319502075,-1.5219433633668888,0.1527343349155936,-1.2812602098872967,-0.41067107368636474,-1.0793179355850644,-1.8110264826584703,-1.2469365430637032,1.2397707942818097,0.30054684322551045,,,
2011-03-20,-0.3431417520559852,-0.6073815260659619,0.4998165291126042,1.3127661374229793,0.7862886032769085,-0.6685150604708994,0.6465475303053869,0.8653737276912664,-0.17940826308024357,-1.8848223910875626,-0.5535569549139383,-0.8205467663170365,-1.9005623369192912,-0.4457447200886851,1.5956534588939517,0.5181431186659823,,,
2011-03-21,-1.114176225168926,-1.391491412555108,-0.8174080676458858,1.0877007811247867,0.8323609985897058,-0.6793076084870946,-0.9129721264171847,-0.1650595723301304,0.49854372115947826,-2.2801395028572062,-0.34421810848177964,-0.8144606582868221,-1.2080190878444115,0.6108481924244662,1.5480551277237988,0.6395194217479377,,,
2011-03-22,1.0392729148248618,-1.9473641784545628,-1.9762589593643365,0.8432220889567447,0.854139904052331,0.08786434155025957,0.6328312238374956,-0.29562003663177394,0.4027848123292886,-1.214438765897296,0.3887705312694232,-0.9397562142113082,0.30893414727906576,-1.0580471477004405,0.07722103480204848,0.5176348278226856,,,
2011-03-23,-1.0356563681196798,-1.6496817350147024,-0.8551277384790806,0.550153718681582,0.9146784011587152,0.7275863768443078,0.9740835127355728,0.5935349221232564,0.32293153681861547,-0.41861744045795324,-0.7871581977346266,-0.33974796032633864,1.6410170937328845,-0.7145433379068477,0.9014584625318306,0.3868532952483676,,,
2011-03-24,1.2799589533459352,-1.0622652340672714,1.229192524025956,0.37764439342074485,0.9122004035505132,0.6970575768132131,0.22616570294183408,-0.7614458608622813,0.08785376279212126,-0.027975386403409415,-1.19693629823535,-0.2408022476359487,1.5852852407771008,1.1400145690375025,1.3966732567783562,0.3698844663104372,,,
2011-03-25,-0.1757475171385862,-0.6114493304744686,0.40506707629567396,0.2539903892714435,0.8963867332432418,0.038510732707375664,-1.1160389325730187,0.8133607488197943,-0.11571626693425555,0.062290232608305365,-1.3046000812269327,0.06038327200533229,0.5532561275409467,0.09812718301771603,0.7714860240396617,0.5477480594353463,,,
2011-03-26,-1.7762335387328134,-0.22824348227057656,-1.6292803818275228,0.13244283746224067,0.9028446908101516,-0.7265545522705003,-0.7291543517626636,-0.8887766126244746,-0.5716667550328973,1.5088831841720325,-0.3830640892632371,0.029680281637242657,-1.4835109226140024,-0.271483480352862,1.4904341717245595,0.8587943487261436,,,
2011-03-27,2.161692350953273,0.15758359950312553,-0.06137376313641072,0.0265775679355731,0.8914223311132524,-0.8043780661545565,0.9081617150217306,0.8904663154152039,-1.1668518817880857,1.8238914108307258,-0.2672152884272168,0.7263897196687884,-2.1020167520669064,-0.3685669400750156,1.1838069726549265,1.0837284510857383,,,
2011-03-28,-0.03914292788014093,0.5516258415304542,1.370044865080114,-0.08514925873374155,0.977301517095706,-0.025516151257156824,0.3081307021082752,-0.25833202574340736,-1.4684821479506365,1.465835981132539,-0.09943331852678107,0.5921318087969576,-0.7386704365463179,0.14804483894693654,0.5236612184260464,1.2006035758767621,,,
2011-03-29,-0.3516552029238773,0.9777484386836007,0.37820362348814784,-0.16875083718641723,0.9552943293057168,0.7002068367757085,-0.63991472400795,-0.6118212960640811,-1.057969668689521,0.5333424119697275,0.4887727552014244,0.8004168052907975,-0.0696002289639586,-0.42519863604726493,0.17637554706033476,1.2356893086458562,,,
2011-03-30,0.047005169072496265,1.0416038088544464,-0.07340921180114973,-0.19730012001602967,1.0690350734052876,0.5203699255857965,1.9839998741678841,1.0820685807587487,0.17338001296734704,0.3091996311818331,1.372311244507679,1.2743414597207459,-1.0169353299649482,-0.6579951832187821,-0.22253130408002889,1.2415206767753038,,,
2011-03-31,-0.46017454458285373,0.6443559196313969,-0.6069962662089926,-0.28292161623094225,1.046288315768134,0.2022924095944085,0.3611866414496814,-1.4231298547339184,-0.0708799219866523,1.8345259612760874,1.6388333566227333,1.5637891668597126,-0.9876250044623828,-0.4264372489481915,-0.599811909031014,1.2629609977060068,,,
2011-04-01,1.254222996180326,0.34796549048458564,-0.3692751390697326,-0.35986601624621595,0.928006936732245,0.10106461399928054,-2.232767282699698,1.709911699366875,-0.2744138895117206,1.8138952501247136,1.1384128483336065,1.4477052807122215,-0.81265668163877,-0.19027516229745317,-0.4389884595797706,1.1174374293182545,,,
2011-04-02,-0.7752329988515556,0.19983702332923,0.8100699528876694,-0.43346802448391986,0.793770255515069,-0.5850911981285353,-0.032821587787163396,-0.9492689906155711,-0.36481827549685897,1.01080577119713,0.7587652139765296,0.7134255110592532,-0.3425849478301829,-0.5818669488977808,-0.16658987330918393,0.9472820009399242,,,
2011-04-03,-0.24044587955804764,0.2033897656493532,0.2617406060482378,-0.9336191185037982,0.9580773107743508,-1.1993547529780055,0.9513387005052791,0.0211133162794979,-0.49169219996163843,0.26345809943765536,0.5014319876428359,0.5268693547316082,-0.6811683775164186,-0.05971416363006666,-1.0629115315260342,0.6503828530077662,,,
2011-04-04,0.3123984803379192,0.3335565238826073,-0.07158111032592866,-0.8350462410076119,0.9693143548148906,0.2574067209047873,0.39880586064163787,0.04337316286244209,-0.48680068890342987,0.13096524562337902,0.3289419969619345,0.39170257079958265,-0.6009734949427193,-0.5910202718067488,-0.748318891442244,0.5204768346756613,,,
2011-04-05,0.5691393757410257,0.32409764354503123,0.2558476086736723,-0.6518702132152596,0.9882941339946116,1.6405265014580173,0.5101245545686056,0.11385222116284116,-1.1974129580762443,0.9567594896027486,1.1078143845227126,0.18166700907874378,-0.8780033269484541,-0.0964496268480067,-0.4209271645856402,0.3570936243681684,,,
2011-04-06,-0.08000746379699811,0.46980453762732977,-0.07244649904827766,-0.3892537151997514,0.940383722196152,1.0801915039120618,-0.35772411581158026,-0.14769196831393253,-1.230649953928989,0.06427778834721845,0.13032998352281985,0.9275297741455416,-0.7915799938535688,-1.2125661575357038,-0.09053077234134889,0.09624247273118981,,,
2011-04-07,-0.8935538574435258,0.6524456013319785,-0.8098258726362173,-0.10820610751304335,0.8487804242716577,-0.33942170864950616,-0.49122137584831366,0.026636946121400527,-0.2730960650276005,-0.6488781868779101,1.1665808431340043,0.8457563852975711,-1.6635380779158526,-1.5689133983264207,0.4545248921933122,0.022148741023285463,,,
2011-04-08,0.5481976928110971,0.7007828059311199,-1.6774072376728923,0.1799505981280158,0.7102382329469997,-0.8377024981151361,0.4905886168277745,0.11361935350048373,-0.02417747185539118,-0.19356878367348762,1.1837288089467366,0.949597219163964,-1.483856652621704,-2.015938633944475,0.038665541228400865,-0.24435843909991314,,,
2011-04-09,1.6947867925876228,0.6617417847284627,0.12027913938083643,0.3922550217471914,0.5979709417432264,-1.372863440910386,-0.07865609993385349,-0.00016837912674872243,0.20361069594030098,-0.5772186529578185,0.49951502272986775,1.2966146522890158,-0.4049822536258749,-1.4827431126100536,0.980790647653312,-0.17918469292979974,,,
2011-04-10,-1.8978646775889587,0.5417055661322765,0.517158750232959,0.5362657185488952,0.3965724468971563,-0.6267739282777501,-1.1024859361575698,-0.4881766130031689,0.17300506502768556,-0.8111912525080085,0.7391078275207633,0.7149908416155175,1.2921087222398535,0.16867275372366244,0.3330855423102883,-0.1767407849061258,,,
2011-04-11,1.6170090961770214,0.10555693303329565,0.25625333863755323,0.6699081297882408,0.2457975484096091,1.193531735550405,0.08737490406481709,1.2195528316037378,0.15434931195167065,-0.7611680788551494,0.6359316457223425,1.1124325790742926,1.3831327169097847,0.6027308758336495,3.346344987114606,0.5801132238938914,,,
2011-04-12,-1.9504319181896332,-0.924193202384847,0.21208629048673316,0.7792285540796623,0.09483454259358662,1.1786949211784037,2.0166878891025695,-1.789137467455627,0.7400996887273115,-0.8717121527833738,0.5164303005027985,0.6348594297331431,0.30691809197943865,0.5508217070232877,1.6904085950031702,0.8413829174743842,,,
2011-04-13,1.791260028202022,-2.2389478635617137,-0.2506493475843881,0.784887719410582,-0.00923368074280876,-0.25799820991168254,-0.4633846297470592,1.9381876121341206,0.8525191471272071,-1.1258797542932477,0.21918326969421748,0.017571109101229367,1.0716476865392723,1.375505944906864,0.8536815627930099,1.0123104939335963,,,
2011-04-14,0.21580210207325945,-2.407849473295619,0.8924087769019524,0.8675036695222708,-0.09550489978306775,-0.5622123141981163,-1.1008877592988071,-1.5957751952347732,0.8080003206133468,-0.014121217142416279,0.19928801276529448,-0.7526550741374023,1.2632926844633248,0.07259401168995247,-0.0685761399278959,1.0300453701442909,,,
2011-04-15,-2.053087858241102,-2.2272936734721425,2.124437069320203,0.9230345892126427,-0.22668587518986316,0.16308294488868252,1.4915825672098773,0.7924026809189548,0.5164010611555282,-0.0746355947627536,-1.401046460702386,-1.2521422485593565,-0.4598178735419023,0.6588745709521766,-0.606917023675742,0.8971274537544747,,,
2011-04-16,1.2684605684713244,-2.0680212791954267,-0.1150243128584967,0.9971706435404905,-0.33231599796216404,-0.46461527274268033,-0.7246696274677569,0.07917095590696806,0.32048249815271057,-0.4683064910745016,-1.6207016418842868,-0.13466192997406953,0.3410996255144617,-1.1038602551620322,1.0984892244328859,1.1698433245416928,,,
2011-04-17,1.0225011877676045,-1.8860120973667593,-1.662327767254406,1.0303523772805163,-0.41864337964360687,-0.7006195023969721,-1.2429639238673083,-0.1695304661431454,0.6497609652595554,-0.26926562260578635,-0.3132814324807249,0.1504186440305138,-0.5791431155318565,-0.404208952828904,1.622078152078561,1.5079457095795437,,,
2011-04-18,-1.6941256424313689,-1.5968997843879909,-1.20581292515229,1.0857376579637499,-0.4844675790353288,0.7602804212467458,1.5818061258103728,-0.5682825808923164,0.8823777650454988,-0.4096396203961343,-0.837882143552321,0.11820535035231858,-0.9160861428441367,0.7357564421741193,2.7924753724934606,1.8983129111200967,,,
2011-04-19,1.605594786344179,-0.8358678482042947,0.9516530117779254,1.0672762135838247,-0.5461255488597527,1.1280086438083001,0.05552086139997243,1.0713383634159102,0.7255133277867465,-0.07144696613802276,-0.4764610293073775,0.04069804964764427,0.2120486445511396,-0.7443678537590244,1.497546374959568,2.0838051590564226,,,
2011-04-20,-1.0136159580429087,0.9984600180147112,0.8852746733590511,1.027680103202161,-0.5838542509473387,-0.3600194677819852,-0.5880881296497246,-1.107099348128435,0.9492770798621732,-0.5184865220376296,-0.41519585369738055,0.338348318056866,2.2768164837287244,-0.23903118772079004,2.020282337188983,2.2315136431037055,,,
2011-04-21,0.07579514945263084,1.6876814265202187,-0.4946818900023219,0.9151980796968961,-0.602184407121167,-0.390540115781282,0.1142153123545071,0.6007664251627984,0.9824164110680037,-1.0518959238510484,-1.078307725568191,0.008858113784034326,1.9350776098139477,-0.06925013086533952,3.1314142417017954,2.7084013038208483,,,
2011-04-22,0.9167785437371957,1.7207775651878379,-0.008850141145111285,0.822034578083358,-0.6069600897529687,1.0787540216320228,0.3133030774196058,0.7166534773219384,1.2375836686332045,-0.7419617736551152,-0.49865166382045256,-0.026400767420592296,1.7822920229491657,-0.4968398077871233,0.013362732219347239,2.7688933009456496,,,
2011-04-23,-1.0891601244263902,1.6437859153014278,-0.18952247499006641,0.69896233374747,-0.6015819647807514,0.06580641042574989,-0.07731237895319504,-1.7239222471977977,0.9258515159064743,-0.35240245664084796,-0.4661128399338779,-0.051136692038214186,2.1103054827020578,-0.7950760944608165,0.9981752125899388,3.034124398788919,,,
2011-04-24,1.0864789734908396,1.5226247852951815,-0.7393356932914835,0.5646774110097621,-0.6549173179042668,-1.4591976921390448,-0.8196796417063666,1.9107137783002142,0.375898243853422,-0.22534520654538284,-1.2673475357416208,0.25871074754074364,1.4397192113820552,-0.9611052255397269,1.2409132396164662,2.836883789100159,,,
2011-04-25,-2.238860463280688,1.3481739225827796,0.8058722796343633,0.38836516344938243,-0.6344989164143956,-1.2426528492730047,1.0702764446152437,-1.7591462354282226,0.14394578355559173,0.20267084182091108,-1.6640730374784802,-0.5923155100739474,0.7972942206332938,-1.1816450954653592,-0.4469078522162405,2.7147662670403796,,,
2011-04-26,2.702085236580546,1.1234970979675405,0.6095098943833517,0.1437104053986811,-0.6591904755288606,1.2788452942584267,0.40537108214720985,1.3071873885521383,-0.20733129353914062,0.22900169135284087,-1.1742079403379202,-0.3456754289153744,-0.2729690563635733,0.04245249286141196,1.7248915247776369,2.743599867060466,,,
2011-04-27,-1.2469821957508176,0.6044448242097381,-1.3909044600499028,-0.10534763328061453,-0.6135872231084223,1.3370840619000957,-0.43778212302593594,-0.36756025152953975,-0.45361538863077533,0.3708524310568779,-0.41456321399758994,0.2826677107713513,-0.31690719543119655,-1.3874301095521646,-0.9298884301751404,2.593600892483718,,,
2011-04-28,-1.359911896590744,-0.022857810931979822,-0.6741845168034719,-0.31420377886587714,-0.5635808859211862,-0.3733311018740539,0.9593465078080168,-0.641887014507209,-0.3206638784784481,-0.1068294069115914,-0.20468137430634015,0.7595811613152857,-0.5914206315136478,-0.2129613083430264,0.9264101767381459,2.679727220359604,,,
2011-04-29,1.780730576894558,-0.34006720881839286,0.05548407513215655,-0.5100921345335764,-0.5577536115997719,-0.6357865956289839,-0.6936513340810819,0.9568131709518408,-0.10742131000785102,-0.646277905014416,0.739017209394046,0.0968906130170399,0.05796371717227236,0.49739936835589954,2.332468034192925,2.742836430408526,,,
2011-04-30,-0.41864078510743324,-0.4210911299951173,1.0342646550425458,-0.6686863728018941,-0.4814496699675735,-0.4010123413495798,-0.6494595071322496,-0.8227392732674711,0.39559841225364567,-1.104721185314273,-0.0957157333831638,-0.7536510444256265,1.1623705180447201,1.0660778097533214,-0.11657063961319142,2.6963151942530503,,,
2011-05-01,-0.6296457928141688,-0.35184484600930294,0.9911112852411418,-0.7474468900165,-0.3480696112369578,-0.35630533523303526,0.1328401634606448,0.4041227688052233,0.5008431503635151,-1.5354291718365518,-1.014932546561607,-1.380217629562068,1.8906681358740804,1.5279688475335047,-0.473405192318614,2.3366492577529,,,
2011-05-02,0.18563056854365145,-0.1848724007117297,-0.28666928857267243,-0.8147236973648638,-0.2859715304813918,-0.33773252628607214,0.403399069920921,0.1905709397054863,-0.046079750797455056,-1.2189077304160743,-1.6733149854239815,-0.6588197709237703,2.048093645345661,-0.7094860279379317,-0.8943919259642051,2.0578718658186275,,,
2011-05-03,0.47495042071917887,0.013328652439922525,-1.0354284820648494,-0.8560341809350094,-0.20640350412400021,0.3024468008531321,1.270847137868216,-0.6144574506736883,-0.7008029846640281,-1.2327380472189728,-0.7094098210177078,-0.5887802363355455,0.013128152013818648,-0.4719053776729687,-0.19948149567334608,1.6574173125200269,,,
2011-05-04,-0.11205545767040805,0.1293831091694403,0.6379194630636479,-0.866129526941074,-0.13786281935867473,0.943292228184587,-0.6232183065486522,0.8354533267477294,-0.9740004551929217,-1.482875943215041,-1.3120839400582343,-1.3413788501565402,-1.3521252080910138,0.5887137365096946,-0.5227681998174125,0.691099878207809,,,
2011-05-05,-0.2716215084948362,0.0845716129623171,0.5487759565407133,-0.35498951625142966,0.5016998375511393,0.9299726597683928,-1.016318742806508,-1.1751910306561764,-0.49699470154776465,-1.3821340487939473,-0.8434480643317267,-0.8670637787030959,-0.9283722594519476,1.1999059551328828,0.41147059442575995,0.7253694846890361,,,
2011-05-06,0.6238172802713692,-0.05582774976806113,-0.06587835991570386,-0.3354238307252881,0.3749508690947669,-0.7206699255880413,0.42409378129412345,0.8529669715177625,-0.013308070972450587,-0.9727166485765963,-0.4845047636579952,-0.5827263348235397,-0.735086815357738,0.25223279881063165,-0.009489921426278384,0.481468468435731,,,
2011-05-07,-0.1624060285687921,-0.08207921684086102,-0.13308608352779847,-0.3202106660592402,0.201797115094931,-1.5049780779387207,1.211860785808613,-0.37508921802730416,-0.4165616012491662,-0.3553752048364902,-0.33801316097325174,-0.10749110358790577,1.2937131931076975,1.1813641380231967,0.22033214279433666,0.28192472748838104,,,
2011-05-08,-0.5200110207127534,-0.25766143123565277,0.6750427015600203,-0.29477784659747763,0.05094745577294429,-0.754138654371513,0.772650721132882,0.13281663908700075,-0.5665055764956438,-1.1275903689070268,-0.11276891575084998,-0.08028707658306522,1.799672043549229,2.10722502230299,0.5667660403849073,0.42522294993674287,,,
2011-05-09,0.41621430571283435,-0.582566281212512,0.9865060575046548,-0.33960887583779603,-0.12387614658481647,1.2578128597951317,-0.8706564412261368,-0.20676310001547443,-0.3658116393085277,-0.9133924643188386,-0.6257519040115629,0.6910402423365778,1.6064395361210209,1.0847988023304802,-0.8274386066383831,0.016794254441498842,,,
2011-05-10,0.6392923024789517,-0.9412855666502797,-0.2623392297376869,-0.3145324261257036,-0.2770000241898103,1.4997931240876976,-0.34426162530832255,0.635705853781935,0.2321673965783247,-0.7554251892991639,0.9189802514758326,0.5496892947468835,1.7284945338612914,-0.9119364361869116,-0.40088317026713804,0.0574991709311224,,,
2011-05-11,-0.9175356817972503,-1.1950431601517204,-0.22144843094292993,-0.28888000390917945,-0.4565252126172503,0.2531011685900734,0.18459380104221873,-0.9466029427961792,0.6944969746304437,-1.2727520250683781,0.15946682743094556,0.5759020935484453,1.208641127072729,-0.8148194187153496,1.1413402055385014,0.0805175036077543,,,
2011-05-12,-0.010671175494161899,-1.3164004628749049,0.24507632454879277,-0.24951217893673727,-0.6832794351691681,-0.8968614756578058,-0.7864956450435998,0.6661377991855748,0.6404488175758234,-0.9162222014292346,-0.15210756021350466,0.6425937550356309,1.5321335702324037,0.23574100964364228,1.3261330486049656,-0.06479847847118772,,,
2011-05-13,0.7196403801078484,-1.3317864104290773,-0.2808404068377035,-0.21756878227219706,-0.8895365374686369,-0.8054661776904503,1.0681813026675129,-0.12705338137817493,1.0019899009498547,-1.3370299465703686,0.4942486373335323,0.9505921169056407,1.1005567518610344,-0.21927158000901312,1.3535681968794036,0.10247837987465112,,,
2011-05-14,-0.39957646204639535,-1.0972855194914555,-1.257086886863834,-0.18032039797001137,-1.0928892564625297,-0.002935688930124625,0.4318955975459865,-0.48611867963945204,2.1571693603719586,-0.7188402328099964,1.2772976817177577,1.2912476264681547,0.7481496951604306,-0.21383887037724236,1.7143875567420035,0.37032677638431116,,,
2011-05-15,0.15961724969518704,-0.6429314364092308,-1.7876225709280058,-0.06617132486285372,-1.1818973575424958,0.027884368095160688,-1.4340378065248456,1.1526986345451298,2.7263883474961466,0.22628684746573188,1.5079804565770254,2.2378409504667176,0.505303506733943,-0.5215523576600175,1.2380139485070416,0.5928194260011999,,,
2011-05-16,-0.6989691750101967,0.15251674679207,-0.3276345372859099,-0.052883222325480164,-1.2931210489462048,0.04059912810788501,0.44486866156765814,-1.6143645236921569,2.6381003776790437,-0.11757770120937214,1.4551388187114003,2.377467090937737,1.00284726875798,0.31103417620336604,1.237388248940011,0.847477179807127,,,
2011-05-17,0.6113157536266257,1.0977015738715576,1.2749689617615596,-0.0034471537953475084,-1.3383814718808362,0.5392659603551735,-0.46052487616340115,0.9623222270066014,2.198048503118159,-0.2980615450050282,0.675871289004985,2.079566721526554,1.108821655676708,1.339211096626857,1.9323276414309025,1.3464104398064376,,,
2011-05-18,0.4193143321550484,1.6113051907521525,0.05767994266963679,0.09678958403855606,-1.2750146668114553,0.8656974266033757,-0.2576697211152999,-0.22252294890946578,2.148177685486143,-0.13374812448251724,0.6196302447383089,1.1842855604516074,1.7177430961687792,1.9999989166378804,-0.3885599787378933,1.3489029519335591,,,
2011-05-19,-0.9668032107182477,1.69294831819114,0.5788263298058655,0.16614231374671365,-1.2335685342077207,0.06561416501232616,1.1032132554792449,0.16975412760959005,1.44855872416195,-0.7613377961969638,0.25635493034662404,1.010212747839283,1.1026582299969132,1.021007679876712,0.752045772581278,1.806807756998367,,,
2011-05-20,0.9189752491492675,1.5051096380555906,1.1308894347892666,0.2590474896004613,-1.2568171982876273,-0.6768759679268751,0.1664205777896252,-0.6345147564599782,1.2276955469221944,-1.099621079257516,0.009604573947061748,0.1621667802641361,2.257078037286962,-1.8553776877597672,0.6009797848262829,1.8748638647928184,,,
2011-05-21,-0.1773531249251075,1.1738880272207437,-0.5456849147881008,0.31115850359489594,-1.0897729821502067,-0.9408653446374706,-0.6038794288323603,1.2495273436460788,1.0092909665272358,-0.8743888184670788,-0.03131956234312748,-0.6498263018398858,1.111207099404462,-2.0299930103091173,-0.7198553435015622,1.5308265168197062,,,
2011-05-22,-0.6204576900749224,0.7178641186790864,-0.30988404669304515,0.3401359182885212,-0.9263704642496364,-0.7116365748026324,-0.34542235618620387,-1.5342583684162117,0.828729351382078,-0.1749349096576441,-0.7487080059379391,0.1798165586797364,0.6186135119984867,-0.7871157062661639,0.020855637448878684,1.5964465943180104,,,
2011-05-23,0.609344794062278,0.06681428038256326,-0.26966145793050467,0.3647467189351804,-0.763896242908139,0.6381080922483015,-0.28538854666996116,1.2996042130556051,0.622394120298385,-0.5523263826537416,0.0050149883250141195,1.4869801019120295,0.8040882678177667,0.5970066921101479,0.6293161221894185,1.6778294494337291,,,
2011-05-24,0.7100479394269917,-0.6456512653427171,-0.24345560805311056,0.3603312432010458,-0.6064464084979325,2.490257744375922,0.2704812925932954,-0.6100182178545693,0.48571461271901073,-0.5406885621696289,1.0873767748555845,1.3693831669272145,-0.26911891683222644,2.1247151324566493,0.5371568915119668,1.4468622889673382,,,
2011-05-25,-0.58279384099361,-1.263913546531618,0.20030719755699347,0.3447140880306265,-0.44888824168032965,0.7040509489802849,1.1119817022128613,-0.3739139553205209,0.41449233120209666,-0.1393181758420774,0.43074278078912726,-0.12303603705891823,-0.6944003617644693,0.982947319587372,0.8960304344921541,1.2856585041168918,,,
2011-05-26,-0.49768431892009074,-1.5714150812197811,0.4094095820228456,0.3017109545564293,-0.24926116156318537,-1.6349912705143632,-0.9432905463421148,1.2984152574824777,0.8145546400127784,-0.18744684259112213,0.782596033591436,0.3716250983840927,0.8581427491628844,0.19832090699385024,0.7086188355001007,1.3027547135511683,,,
2011-05-27,2.2282224995504083,-1.631205641475019,1.1676415889585567,0.2729652984244006,-0.0781039973261979,-2.6064309821041562,-0.816216081975803,-1.5790505593443944,0.8283233390034646,-0.52804540085973,0.4920902462043279,-0.09978427163110992,2.1515709116008046,0.5006334507007618,-0.17727560509415932,1.0788605821482988,,,
2011-05-28,-1.2230341256424393,-1.304433863359589,0.7138529500456315,0.27258900834494965,0.05413814929715176,0.20324431347775052,0.6608357431763333,0.9652471007785706,0.17831428189948845,-0.5662117129813693,0.2437651596152803,0.3402354073727175,1.5586125003402769,0.3017689106057735,1.0150487391342384,1.0537406768515925,,,
2011-05-29,0.21696434867960854,-0.4746937940420506,0.11621923403744149,0.29956898597684106,0.273122383402079,1.850864297011805,0.6993444820348255,-0.03487958179833275,-0.1201052452029866,-0.46126406529801034,0.8502597751340006,0.3368426454434264,0.41004910227798097,1.7561095837537577,-0.0021902530586858197,0.8587111403422204,,,
2011-05-30,-0.24574501342704613,0.24360178473274927,0.8645073579424295,0.27821642244176104,0.4829044780865308,1.4188362152495342,-0.7217237763072909,-0.39722690613529404,-0.22611199298932588,-0.8534353113572117,1.0194715698213956,-0.7371385009708159,-0.5514608698087786,0.9970512699009755,0.7719774697424242,0.7316784732533179,,,
2011-05-31,0.25385027935370263,0.6532508558166097,0.9311722720420444,0.30794461403402246,0.6902398662731446,-0.5845891015262563,-0.8439255395720103,0.06630975030212642,-0.5486073059507377,-1.526186268256874,-0.8706536674368511,-0.04418814887050861,-0.23477095317099975,0.3232010790103582,1.4283615383012738,0.8853168527600281,,,
2011-06-01,0.3245256093411735,0.8499909133454456,0.3231055559715084,0.29574610616693353,0.8942283890720266,-1.3171018134153163,0.5128640466451919,0.6821605739982501,-0.7030474885402541,-0.09856024104481885,-0.3621586256121481,1.4786430188309418,-0.04961922296874621,0.8945930206515748,0.7275480306640557,0.8942071657413324,,,
2011-06-02,-0.2740087918241546,0.9197037042063179,-0.990125143322941,0.326952268226597,1.169630585989162,-0.39337365340752156,0.3875575173493979,-1.5169632235712085,0.16890755626071663,0.9841456881670874,1.9865895937317088,1.979603285780005,0.5076625600204305,1.1063427613774635,2.233548065259797,1.0729624333859071,,,
2011-06-03,-0.5255523462440652,0.8047471354464842,-2.2936462746866755,0.27305655524322403,1.2799720114702064,0.3853612255229984,0.7637026146911968,1.853947758374493,1.9501040445849336,1.7039241225532353,1.4597012318666205,2.0447757771290016,0.3410605595736775,1.4562962350945543,2.6723688875436027,1.5483762665619496,,,
2011-06-04,0.503490982222166,0.6256728339764416,-1.9233938034171831,0.2587605827258306,1.3813745628834238,0.3129275944011396,-0.35091732467109976,-1.1727153528590533,2.6124662262705685,1.0834724899560457,1.549781658066115,0.8271182852208564,-0.09575344383684051,0.8736400633851118,0.7797469609663766,1.633737159283992,,,
2011-06-05,0.580640328016715,0.23094674563694167,-0.6850892284107205,0.24503265912658057,1.44594691959042,-0.01904754464995678,-0.9877237974179801,0.10744264860816384,2.8841685034170967,1.7243000043972383,0.9284167552650736,2.1992072653039756,0.24989879220627065,0.5776917473441827,1.273618086341234,1.7161913283321903,,,
2011-06-06,-1.3824001472804246,-0.0957630690891375,0.18385656572321338,0.2498122860082415,0.2810194352888603,0.35820913212394107,0.2519161477013363,0.800226741794451,2.866285068495197,1.734570578776428,0.10615320469440344,1.0697018387657253,0.7596392038630491,0.8216389314509281,0.1552205772875965,1.6717642852667178,,,
2011-06-07,0.5218330507764667,-0.25903407314857513,1.2277403927347417,0.38599036812230664,0.14259380300025126,0.560434113943415,0.23959302546521316,-1.7222473462559265,2.74232269685434,1.9221369638231443,-0.16762635071045842,0.9395211176329229,0.11763147476962844,2.277048606227747,-0.5630663002912915,1.4686796082347922,,,
2011-06-08,0.7159680557203244,0.41333458395426625,1.3072640929314172,0.537896235973851,0.01109207311147284,-0.022628083905812262,-0.08556509016508321,2.2125677060372633,2.8606836430844296,1.0864785459312223,1.0052601389856328,1.5610622901702873,0.07364002483855085,2.6155344483556298,-0.8183890777942903,1.423362607382953,,,
2011-06-09,-0.5783309368879488,0.10995102282097075,0.3178611145952928,0.6728724910358528,-0.14359603377383928,-1.4044249242628748,0.5034399205872625,-1.9727062089397593,2.580297586304798,0.6121691948562304,0.8210711577356177,-0.9279648920242277,0.11341063789146139,0.20578019791634872,-0.6180265052549175,1.5881155506764653,,,
2011-06-10,-0.5001557001636432,-0.26950531289762264,0.4197889961264112,0.8567837765801297,-0.3307519659191831,-0.6597256193136345,0.20860314107892647,1.6294820023103442,2.0815447537408422,0.0921674107056902,0.8281587503408978,-1.2392841399986088,-0.16335237653572396,-1.6628786837375595,-1.917674991785699,1.2279902542156103,,,
2011-06-11,1.724597053589453,-0.6590199429058258,1.2945074730711434,0.9911293989149125,-0.3971144780274775,0.8424672499386292,-1.4687903834493332,-1.241359115153051,1.3013824589899474,0.40353599739578805,0.19424630323065045,-1.6860544181471833,-0.8410368270615408,0.9612399223496187,-1.1146357347759706,1.1909572699765991,,,
2011-06-12,-1.6984389927125967,-1.0694411492666995,0.288773177453236,1.0737179187754382,-0.5405496328076584,1.3977021767010773,-0.08579208709667638,0.7869334849349406,-0.10643868197163915,-0.053357332516214724,0.34495874280058986,-0.7162540565967995,-1.0759512408615104,0.23173323979749205,-1.0131605061759665,0.8856486823455196,,,
2011-06-13,0.8670122446888124,-1.2681212389398293,0.5676135946830727,1.1327701929260499,-0.7135153075454986,0.6035468020361909,1.2039171926054844,-0.2962817159625541,-0.8130235104948627,-0.9578846647193364,-0.618872401338807,-0.9917138065756851,-1.9576594103774583,0.25193155168989306,-1.139735398845847,0.510697090016665,,,
2011-06-14,-0.029024280516631785,-1.2329786871829969,1.753272932921713,1.1469879336703683,-0.8302229897722726,-0.32112579199225183,-0.2857662982874623,-0.350050676207705,-0.7816064726552431,-0.9399289211708631,-0.6525776858298818,-0.6690170454076562,-2.368682437633515,0.09016088828709867,-0.49278754589647517,0.19905917613573998,,,
2011-06-15,0.6317412001169893,-1.0351959766456864,1.0150205578286382,1.1241010701028968,-0.919170652740428,-1.1009258137695168,-0.6251740708584556,1.129889765090736,-0.776885586347542,-0.4735550165140702,-0.3812595634418363,0.08337874818770327,-0.8158171522936183,-0.8525820349756347,0.7924041065805392,-0.12983543608278114,,,
2011-06-16,-1.0352304885087884,-0.5560959925143725,-1.1190408875192883,0.9679217815012113,-1.0385704570778524,-2.093021353400499,-0.14421921272586122,-1.7894681923297922,-0.31267659149306315,-0.015293419521515967,-0.060892195768242244,0.271818867240725,-1.0749636273153227,0.1411774659887741,-1.3993757619261984,-1.0951798823731589,,,
2011-06-17,0.3027150964892629,0.12396814301693389,-1.8915420327617711,0.8809093899515155,-1.0030382607295485,0.4081837989721484,0.8755269243578341,2.094480034306808,0.10897305746519317,1.249461856881483,0.7919305225256323,1.0309407500745553,-1.7500151626292932,0.7285830945654655,-0.15511592557885434,-1.281441393047583,,,
2011-06-18,1.5603262375187108,0.660619103607079,-2.54645743560048,0.7875561854640534,-0.9974713527685765,2.4449144179466833,0.4108335484917934,-2.0393962137552695,-0.3623121122084028,0.11741413895833994,1.6223492995272553,0.18044133581142296,-0.20530655944204051,-0.4926381923396649,1.194426400301604,-1.359538259378814,,,
2011-06-19,-1.423742052013039,0.9511000347835609,-2.129992207976401,0.6225916443228084,-1.1735569605428844,0.7921434382123981,-1.8188233573989083,1.5042278478184772,-0.570685687075407,-0.23863672264127778,0.3956493920287175,0.614989039003446,-0.3760913732353339,-1.7916500876022425,0.5145900779930953,-1.4614889727017792,,,
2011-06-20,0.2674639670123574,1.0801300772612927,-0.629623954858044,0.47152284102463426,-1.0845225992826724,-1.9721057097320065,-0.4846351398414227,0.14404641305192661,0.16361102415922232,0.07534986656331193,0.3706461011675395,0.6935837825317431,-0.16052485369299943,-1.9506220603925566,1.2264246666108065,-1.1859617195539374,,,
2011-06-21,-0.15691106862734014,1.1107117460274287,0.8358422436175795,0.28752658346649657,-0.911917205904297,-1.8149060416331764,2.366770538404035,-1.6449320750449388,0.7465858269858403,-0.024104016881225484,0.6605098639341623,1.076952366240432,-0.791095037472233,0.9075435519255047,-0.11903897902172528,-0.8596021212883577,,,
2011-06-22,0.8244173877920469,1.12775449667908,1.8828622217339828,0.07911599583528249,-0.7608434230315461,1.4728583264608242,0.18047008841490478,2.2501740103742995,0.05438726101137563,-0.08016963145908512,-0.28954863869306524,-0.07444774147110485,0.7755317927795407,0.05517847683487599,-0.8549788365700549,-0.8423124007614199,,,
2011-06-23,-0.9321293567533139,1.1487621860229995,0.22615204059254446,-0.13342965984573718,-0.5894954848904825,1.3639858329025758,-2.1189642182062927,-2.4930901887451644,-0.689853508837717,-0.19329564075294026,-0.15405867744255858,1.1263761824525353,0.6949575880613295,-1.4068795338292048,-0.08526044043306846,-0.5412848081530002,,,
2011-06-24,-0.15383053793596385,0.8729060277327616,-0.034409056876854714,-0.39535404658632384,-0.41626123762410894,-0.777113795172794,0.20756871226122767,2.365392072013887,-0.8491975338031065,1.5098850516140332,1.5374296379361694,1.468097469114342,0.18072434838256232,-0.7928675369248409,0.8797409202713189,-0.2211986137564014,,,
2011-06-25,-0.01759029298085824,0.30241985983509945,0.20856473644326962,-0.5701348807402113,-0.21814918815777273,-0.6410100717696573,0.9370411185489325,-1.5739336416121275,-0.5337684552001801,1.1204553146684781,1.442890354649157,1.0540836958430644,-0.594544209327011,0.33311759689800324,0.8588829878411681,0.0998099268562916,,,
2011-06-26,0.8920049810076752,-0.29459931282869445,-1.5009996336276357,-0.7255958221518823,-0.009589516147162675,0.15715577785403914,0.7162629733924817,0.3331486916871472,0.271283173412752,0.5363558089062492,1.61189700878805,0.2704405655531354,-1.0790604323108592,1.2858365078829235,0.13669499033434374,0.2960337105072844,,,
2011-06-27,-1.0287745773980626,-0.7709112883471645,-1.665085624819741,-0.9232000665016308,0.22307665132931864,0.20391300974596635,-1.0045447203732,0.5797493451434852,0.437630475528682,0.1855066042435774,1.4071539052789122,-1.282093006130703,0.20425311124088769,0.014996620778429186,1.0629065279979668,0.5211956399747864,,,
2011-06-28,0.30027385159884773,-1.1517149283730495,-0.02858336889540455,-1.031566074746779,0.43471983157972166,0.3837584443773716,-0.7766138185111807,-1.00389821639132,-0.4548186504374477,0.326275191592888,-0.9247648153816932,-1.8733229759901957,1.1906415986382395,-1.5830343693264177,0.4597669896385772,0.45993578009932806,,,
2011-06-29,0.34559258964787226,-1.473092955649296,2.7891571572543064,-1.123288395608959,0.6584747155687377,0.5231033107222003,0.6135155610162144,1.1513543899176237,-0.9002680744015256,0.08360623884285699,-1.7676032179374168,-0.35796201950751266,0.991368605168407,-0.24445896902866773,-1.658987457079924,0.42070867862992123,,,
2011-06-30,-1.1298581170259925,-1.6969836069247872,2.5780387530919557,-1.1416903421069817,0.8784728320741308,-0.6053921743105217,0.20534972472777163,-1.1957458195211472,-1.0318424141137952,0.18622145106455343,-0.622828271038254,1.115221965039135,1.5795781587892843,-0.2823169952959603,0.30061523499608056,0.4688742703086299,,,
2011-07-01,1.3007869804289496,-1.7930010400837788,0.0050780097028287376,-1.180180302636503,1.0513609096582606,-1.0749299134964851,0.7200230447997171,1.2160695261796086,-0.992828853917006,0.2636236346952544,0.10413423213143513,1.4051125165411873,2.444790409601918,-1.7236573864000948,-0.03951337868393848,0.3404844881610313,,,
2011-07-02,-0.09790953524863118,-1.7139137580073374,-0.8975760327434583,-1.3062139723791388,1.2409867734619084,-0.02578899906654137,-0.35696352596710457,-1.3662929912096322,0.018519043017549076,-0.17242400055104484,1.2755450815652614,0.36518408699609806,0.12096935186158625,-0.7939382857901837,2.2997707775117484,0.6085925830044937,,,
2011-07-03,-1.3277373305813087,-1.253567797071327,-0.7786731382542591,-1.293464772088981,1.3923600990894052,1.3645914000149475,-1.3558751703106016,1.6583491874298524,0.9285732724971202,0.9267291012653713,0.2515507344950436,0.1526017244464373,-1.1238257551363164,0.6332176652560635,0.30809694677175886,0.4929743607939469,,,
2011-07-04,1.6033877372025842,-0.35119658133068327,-1.0594579497892658,-1.3643689134383032,1.1729199361697533,0.906847314034556,0.2289547620408092,-1.9975297418107998,1.8604684880899962,1.3755645776209287,1.242381848422118,0.04873421689757223,-0.24277168159313955,1.150080777769549,-0.4720564957469079,0.4587275147133198,,,
2011-07-05,-0.028690908740764676,0.5359894333363625,-0.4383393733820894,-1.2671819070369126,1.0962686071705847,-1.2703007225733218,1.2044099838320734,2.1384660856614213,1.687379843142022,1.5467715715775585,0.10209661692222463,-0.3315063662109032,0.018017839493991408,-0.2294169950021641,-0.07205044030921022,0.48998155635526375,,,
2011-07-06,-0.6174027052026974,1.4204640345095458,-0.9045199288352127,-1.1389284191861138,1.024726839238548,-1.1434589428070772,-0.5471303825660838,-1.923784912474068,1.00998362357048,1.1393354557022124,0.4944568031838728,-0.2132116770048106,0.5188787342584886,0.5537810220304025,-0.9195590950144189,0.41956290131184487,,,
2011-07-07,0.32706878409452883,2.0588289405394975,-0.9107198688797963,-0.9776414648439523,0.9109781983615376,-0.02651535700302931,-0.466549925676172,1.4903769827853974,-0.06778749069002264,0.5680079359950095,0.4263578678823662,-0.1329235349664608,0.40372210000190495,0.48917369513001,1.4489421636374684,0.4806322182920325,,,
2011-07-08,0.26345004927149884,1.9723585244688806,0.5078201932757795,-0.18255887757636655,1.1706000641179761,0.6483879477360905,1.1731092196795712,-0.6998763237820061,-0.16506638642817167,1.1828190175913444,0.20137611317134146,0.6058504444960618,0.5915499106074629,1.1119649052328453,0.02359564881642742,0.3824963783913709,,,
2011-07-09,-0.18021048251408459,1.4898697273002848,0.7957239953253324,-0.14991785478661337,0.9849708779194015,-0.02028186201393411,-0.10017885882695812,0.502651625149385,-0.2065743711770106,1.214409478814057,-0.607347650135941,-0.2642754080530703,-0.33561757930824554,1.8655894762097118,-1.9584759845169786,0.10064033921448826,,,
2011-07-10,-1.1698293896776035,0.5032624068828235,0.5570139109129432,-0.1898134296001876,0.7660462108931562,1.0405951587766833,-1.2229063094312524,-0.2732250328948092,-1.3757682009022207,1.0891679531225373,0.24160837039296684,1.1136202673094386,0.2454701905111359,1.8344660208191035,-0.26795912251569204,-0.08877295540947872,,,
2011-07-11,1.6338571375094522,-0.2152939289661694,0.6740852971701212,-0.15552861446468053,0.5371884234425508,0.7900465500727109,0.640174147753727,0.0488898063210281,-1.575696020479103,1.3697679793649091,0.916874690086745,1.3938441365231793,0.7252675503247195,0.47810821836672424,0.5466423585605978,-0.1034235764782044,,,
2011-07-12,0.19067622427924263,-0.8034053976636428,0.37127480853355965,-0.19020774944843974,0.30154425092217146,-0.2830159433374199,0.24105055013205318,0.11057807181602804,-0.34937654445512856,0.6845514786771775,1.5919257212219686,1.4091466938417623,0.22102045606454038,-0.3013374608884897,0.23984339494621673,0.18516582862307168,,,
2011-07-13,-1.4909798658502487,-1.0608827641426035,-0.2883199257648497,-0.22879071525842173,-0.06050870802903567,-0.9614281911673895,-0.8265479937991296,-0.11086703282494781,1.2909276631238993,0.6714774083225485,1.568401115940786,1.564990487881109,-0.8442002753181178,0.28283045030488896,0.19932304957493796,0.17400929602227755,,,
2011-07-14,1.6444278356985242,-0.9077358306116399,-1.8595697282248285,-0.2048622902749568,-0.3297978873062178,-0.4445278093469042,0.6222625216725706,0.012747779659012998,1.6610918804644121,1.5821363933746484,2.122823827951781,0.004841075092013057,0.03012786363221798,-0.3015382891273554,0.8862575498676465,0.29442490102061036,,,
2011-07-15,-1.222674577306656,-0.5198082758149534,-1.747506383619543,-0.28921197954648337,-0.6951692503008712,0.5852670117505694,0.4773949350186083,0.07884641163780799,1.9560867633746248,2.5945584650575744,1.6682886658216285,0.26920012574451196,0.7267882262381116,-0.34981647340697875,0.8182304028238252,0.0384067622184784,,,
2011-07-16,1.2035994153494456,0.17692520502151535,-0.46167482699620155,-0.26420481513295097,-0.9271013338706803,0.25206493667847263,-1.1280748406156336,0.08482432013357964,2.2737261743758825,1.9359582381958171,2.046396903494808,1.6216161059645684,0.8035483671663222,-0.6237118305202839,-0.009036850103455632,-5.0483748318171024e-05,,,
2011-07-17,-0.8745407490293328,1.076658463456471,0.22684871110786073,-0.2328697410197183,-1.1279489553833204,-0.21150635811924706,0.46878198146659705,-0.5701630160066048,1.785304891535373,-0.12317813989463063,1.3844999910319908,1.5752270927937273,1.7525533290360698,-1.0562882777590807,-1.0443808473576741,-0.0849417502220005,,,
2011-07-18,-0.6626725384411971,1.7678650126062552,-1.0158913621859889,-0.15157029373229486,-1.27231165016631,0.4355588155977207,1.8885806092588482,1.2591824748289566,0.39867844497847155,0.5384130397287546,-0.2473574050471334,-0.033442797507631114,0.9984254907842873,-1.7898794683202977,-1.538365108010785,-0.29005081322663295,,,
2011-07-19,1.275025866041269,1.9949310866509322,-0.8871586573268336,-0.3519177504101628,-1.5444894943486889,0.7393409594192921,-1.1050835018777385,-1.8161061613162088,0.47683147103611817,-0.5176126995783633,0.7669382728853621,-0.5924550454684838,-1.2131830552311167,-0.9839563933557816,0.2899020915024299,-0.08393945570219519,,,
2011-07-20,-0.3296058064301643,1.7487295061488117,2.1872974135521974,-0.27491376781396504,-1.6209820850879417,-0.7677838860209703,-1.2793157433684115,1.9378255361029462,0.7646639678329031,-0.633711148437086,-0.8856436313706043,-1.0291530718738944,-1.4443962326206516,-0.5138498599214804,-0.3901607017897999,-0.36735629397270614,,,
2011-07-21,-0.572908618322552,1.5055180898028502,1.8957000235240844,-0.10286763765299327,-1.6668963230220597,-1.616424931472688,0.4312655100543081,-1.6314663080769878,0.4846150698175965,-0.07584579019039389,-1.789899359092565,-1.7083848779403321,0.1568025440466284,-0.10873554714827464,-0.802197572660358,-0.4828997490987545,,,
2011-07-22,-0.3854134815325504,0.8703165421889695,0.8154071999730148,-0.009254610120819682,-1.646921729242878,-0.19117817599230094,0.3936309119027483,1.1153725986768852,-0.5774490291734682,-0.08959014162371175,-1.7117856937209,-1.8068154235283116,0.17993793407799505,-0.6343974517172507,-1.5161872911029408,-0.3403966764479232,,,
2011-07-23,1.5244450660019269,-0.19186201531217298,1.601488553481877,0.07071847477110914,-1.59574546925127,1.856008117079525,0.9761417376347834,-0.48589063598519827,-0.7892942049984217,-1.1875053635574895,-1.1791901916049483,0.12622877212924571,-0.19629234994628608,-0.6164166776853919,-0.9900106969238127,-0.45530155371480435,,,
2011-07-24,-1.5584148383051095,-1.4815129700484775,0.1868305805571519,0.13616585631055925,-1.5072667828594335,0.9402671819709535,0.39899919526832833,-0.16969975104423493,-0.30355035813510045,0.061108314587718204,-1.7259203888881098,-1.0762201396526485,-0.7011617887609314,-0.4654068198532813,0.7723014004053063,-0.4385731332448319,,,
2011-07-25,1.2249185055726304,-2.2162336091903394,-0.10785963814074047,0.19981630857359325,-1.3806706306539072,-0.9168535022129065,-1.0887797591634196,0.4655642906343464,0.37413877864456,1.2632573988650586,-0.2275733564101759,-0.814071905507269,0.1366067888663454,1.7222771882442065,-0.50580957431449,-0.5181669589041634,,,
2011-07-26,-0.9335322870131253,-2.175832122780052,1.0542331887916814,0.33608069107640554,-1.213579655109265,-0.7558302607948093,-0.9589863175127155,-0.35758097023809954,-0.28549496734574387,2.629118225475318,-0.6679073752909559,0.3835644440819554,-1.1428262426368498,2.3913877879724503,-0.38493183131187564,-0.5748681369627805,,,
2011-07-27,-0.056927813454239085,-1.7601941315257577,-0.2517487844179358,0.4107277992012744,-1.0054969455192084,0.11622740940523069,1.2198987173178302,0.19421573809273482,-0.20782825180419945,0.6064472858601372,0.2896740502330075,0.05732973238459661,-0.5954494772108976,1.685212371123421,-0.10728584962597945,-0.6882565533044985,,,
2011-07-28,0.9211457131660872,-0.8872600972546734,-0.32797803864364355,0.4835284310910261,-0.7565822806394825,-0.012577602111914369,-0.5307544684372086,-0.16913236284344235,-0.06228199733793133,0.011417453559649893,0.8060724948380669,0.8033580761914119,0.31048562786100825,0.8338174279818513,-0.5830731002031697,-0.8493022883558076,,,
2011-07-29,-0.8120355083841265,-0.10595478612010818,-0.6769993067335305,0.5475678064075079,-0.502042486063742,-0.5996420880603248,-0.39764729347949024,0.26140736532665,0.17631417949335526,0.3231648290423035,1.1028582573845016,2.2764189753987174,-0.4369751554713589,0.06546837898735831,0.8847618865461175,-0.7209482353409735,,,
2011-07-30,0.7527092982277979,0.46444069662015597,-1.876842878298191,0.610712681212241,-0.20272788469444242,0.14275274770398788,2.339625068639735,-0.29082142769565944,0.5631835518037968,1.1055358376283158,2.8198628955151874,1.6690564195006719,-1.2462373735290502,0.8238472616354718,2.681567054944126,-0.10506939760607462,,,
2011-07-31,-0.40619479354550997,1.0137475826637006,-0.7440617213820154,0.7148786224663346,0.04351768806548355,1.1725103655565534,-0.6764264624422089,0.0021497117582796083,0.9634951922002251,0.48274798686308945,1.7095464587693845,1.6617589462960154,-0.4337263860546356,-1.283167256580883,3.277418703409625,0.8684730385412737,,,
2011-08-01,-1.0154332724215072,1.2485231531670216,0.3494490371035189,0.764159771622625,0.2742634492007794,1.053751051618498,-1.4607394119084653,0.7331789868361794,1.1040895860157958,-0.4010286034869787,-0.7907253546286446,1.026223824253306,0.32992645550653954,-1.6861963881672697,0.08154162614647235,0.8541872428312716,,,
2011-08-02,2.591246377647069,1.0837266847142781,0.2313835546203874,0.7490957392054564,0.5612071692026144,-0.9092551792782453,0.5536740496720155,-1.446155054106917,0.9832754409075831,-1.6422476585739376,0.5186931604074552,0.31450020803013723,0.19603605788721812,-0.7757313224386144,-0.14545247483836476,0.9364861300639707,,,
2011-08-03,-2.1321076556771525,0.09165841044490158,0.4121263151518476,0.6760137100753822,0.8970961488442357,-1.8373436522623408,0.31158996662455857,1.6968521729777652,1.6062880973321312,-2.157968849639677,-0.040376601258626375,0.7262967062117434,-0.3525160674285693,-1.36125965669134,-0.12126056472392084,0.9944296268541202,,,
2011-08-04,-0.01009549584318851,-0.7670471933899187,-1.1708053673033938,0.6303363740496749,1.1000856462011885,-0.3163759405984484,-0.8970777340075935,-1.330259725416481,2.8401850652130367,0.2645910144969238,0.460604449644768,0.0260185542418225,-0.33963566371200116,-0.7504188215903113,0.4966929893086416,1.0977106221847042,,,
2011-08-05,1.1413671599881368,-1.2052324317522034,-0.8422658825615918,0.590196589056182,1.24523032498374,1.6588036222915117,0.7537168569618514,0.10061763667027578,2.6735636250286254,2.135664158805148,0.8791942064465733,-0.07442748586243132,-0.07021663693034753,0.08104648528293348,-0.20703209140896298,1.1756225101148274,,,
2011-08-06,-0.20816393283368334,-1.4787374650888827,0.549772898204482,0.5817515921919306,1.3368800446484106,1.377403130845813,1.1456214563525984,1.4925798138293218,1.0661544842255979,0.4808568158576255,-0.27450876879827985,-0.3734627900487863,-0.7348983980419315,0.07158843456761987,0.3945496230394963,1.155548254913337,,,
2011-08-07,-0.7233189535083907,-1.6474918503651823,0.5608666083953994,0.5043646433767198,1.4440661915533866,-0.9354053526309897,-1.0469039604103552,-2.0814397740674857,-1.41303632267944,0.28533880008368734,-0.6710720970851677,-1.334912434813265,-2.0997322829857654,0.2582782919149284,-0.6779604758202158,1.0000571354201013,,,
2011-08-08,0.7780685485423624,-1.7173707327427605,1.0023757629980616,0.4126141123690391,1.522836357279512,-1.1478056817582074,0.7532771369636322,2.014512796908124,-1.147793681426587,1.3174504291308795,-0.9717668681492353,0.4191382866358611,0.06888461070728516,-0.4753416280402457,-0.4925901488400357,0.9390965100669443,,,
2011-08-09,-0.07815013158243543,-1.5250384055593915,1.3116538319698845,-0.28290811921273534,0.1530368896863384,0.002236484464144394,0.175849610572254,-1.2895451112444898,-0.03413657477879135,0.14647656819011168,-0.4069535933139208,0.3487865052954541,0.38176408195254097,0.07130318512703794,-1.4370999137793607,0.7870332710668643,,,
2011-08-10,-0.32503443612316846,-0.85660034273531,1.5333402214514726,-0.39673866778978034,0.04586851321838286,0.8472296480497402,-1.8307603495340534,0.9182750527893571,0.5835218627135296,-0.8505740674533752,-0.7264368552253088,-1.2750715667490646,-0.38124009185608976,0.28353336991481126,-0.3200737183880277,0.7774554841303336,,,
2011-08-11,0.8449959550365782,0.7964965691769207,2.023264664707142,-0.37753752915202166,0.0190188751224728,0.4904842456700155,-0.12943014076186607,-0.7839990582092695,0.6246103446333121,-0.11550226335340892,-0.20761909088742925,0.5397961623672447,0.17671180212383117,-0.4743526447687174,-0.18795361958808993,0.6085281824617841,,,
2011-08-12,-1.6594392138527454,1.2999213655341704,0.44422681569281774,-0.47301577146070406,-0.11137916063536651,-0.23360572003551888,0.6966122301897999,0.8470694719967273,0.823173224957076,0.9274416623052212,0.277336641443527,1.6031506178373283,-0.3024668425690101,0.20357733082921647,-0.7454742324657474,0.037242283431695195,,,
2011-08-13,0.4938459090173852,1.5131142033369112,-1.058997964695071,-0.5242282224164628,-0.16434814657964342,-0.7186416949944512,0.37988337076603307,-0.6968119635200052,-0.38414269560271785,-0.05259882421758506,1.1836050456180232,1.21902120528148,-0.21470759571940165,0.7112085031437104,0.3624455770081659,-0.5345510474896082,,,
2011-08-14,1.6801543354965678,1.6816035352963288,-0.22681996148466158,-0.6468211657750655,-0.19552430476490662,-0.5493039290959193,0.6641170230548381,0.05616871862460694,0.06043668609607001,-0.930862523441374,1.7512092102593733,0.8305399397731164,-0.18995927238141097,0.65103234087027,0.6510154918176916,-0.4617881403493772,,,
2011-08-15,-1.346246825293032,1.8131364434159263,-0.6647609752158,-0.686104950403485,-0.27755807166807067,0.3250727485491909,-0.7942990750851565,0.3391686506043423,1.1944634336111166,0.3854668169577197,0.36206478031330214,0.2818980743032954,0.10406411898179427,-0.19183849782765677,0.11027706236729097,-0.38808361103076006,,,
2011-08-16,-0.7213036377623863,1.8655061195973615,-1.9236842703851125,-0.7082447862968867,-0.3299227174942503,0.9099334329701408,-0.7114669442116207,-0.44102777552309363,0.9786090490655834,0.6274175090636208,1.6974749042827606,0.5629584031655034,1.4564316853220152,-1.1460461475037858,1.3941020719084294,-0.18613753245462825,,,
2011-08-17,0.7604870239899505,1.6657467528640704,-1.4028670421907645,-0.688101923312185,-0.3863599435699559,0.27856284931284364,0.8009461034651665,0.09890841334171074,0.5798039678066768,-0.8639777614896026,1.6869720904012568,0.12928188550585903,0.40317594202631,0.3984312852024363,-0.055551860264422846,-0.27764636788246,,,
2011-08-18,1.3366200220000692,1.1817461493546049,0.8311167966181825,-0.647942547029144,-0.42845954874910863,-0.5231889156386447,-0.5265344743089959,0.6941326894065132,0.7655418195364921,1.0168090848561262,0.12124677213148075,0.01402225727128876,0.2795131223482488,0.03738649770836343,-0.10836595759338469,-0.2669333508870411,,,
2011-08-19,-1.0768682479105607,0.7626703219281242,1.9985938661185205,-0.6102882762414487,-0.4960722042970652,-0.6741229416529015,-0.05712244345562979,-1.5540355949221263,0.08420739787357319,0.6834144434243957,-0.616271960097816,-0.10744154126264023,0.3995589384338866,-1.029432896480218,-0.8102878676918986,-0.3908534620986235,,,
2011-08-20,-0.76069355535858,0.5231490362737774,0.9200416955386455,-0.5392717367668001,-0.5442122199788298,-0.1627426306733124,0.9387148009090961,1.8837801440459816,0.4304937496300484,0.5025568100827763,0.696249549910514,0.6454393138503328,-0.5135737200865459,-0.791227220647287,2.8487202068632307,0.05292293893956331,,,
2011-08-21,2.3663205999193075,0.38641829442739195,-1.2557734912464524,-0.4632026893900072,-0.5535789862484338,0.9303098187955448,0.16002168834674652,-1.4261790212452128,1.1471069667910627,-0.4087876618796233,1.2080297078930071,1.309268188369004,-0.12124347057276237,-1.2262803822879453,0.36862194606976106,0.18246481300167547,,,
2011-08-22,-1.2057476132243172,0.2911017777577687,0.022793186079143136,-0.39593997435070366,-0.4742692735502958,0.4712517577831945,-0.11152855664625827,-0.2180098912941567,1.0732771091889435,-1.227857809480238,1.2151286107341224,0.23596543161899794,-0.0787854803952262,-1.240852387596039,-0.49378297444099645,0.3140733437219874,,,
2011-08-23,-0.41255503250109243,0.167714169514632,0.34782582112266264,-0.30472802197529814,-0.4566840023314483,-0.5295649320187814,-0.8584007392318046,2.075315368943434,2.056419528264455,-0.8974256575598932,1.0145380975859342,-0.5488440780602089,-0.44802361324016343,-0.5985828045570417,0.9416541818278625,0.48110608224531315,,,
2011-08-24,1.4537222914853178,-0.06392401202847615,-0.656624947571084,-0.26696112304191644,-0.4535221052071271,-0.5512549467666528,-0.22568097277564936,-2.6896710332883673,2.5094052267728895,1.711526942429765,0.6952179409841175,0.2808079583311449,0.2811626923244167,-0.24218297267172229,1.292094955161624,0.6320113097841962,,,
2011-08-25,-1.1581375420833053,-0.524694606911543,-0.31297342271444023,-0.1388926430743072,-0.41487601739595814,0.4585913366608739,0.4109596605713329,2.626784817993629,2.1553767363561507,1.666406388718858,1.0041635656445524,2.3617164662010035,0.3962479468202303,1.425413850312421,2.6163346875940188,1.2119928789417265,,,
2011-08-26,-0.08190002762394412,-1.0289372548459854,-0.2213248524728784,-0.001353211110195617,-0.35842127551432384,0.4913970692828355,-0.12441675246552861,-2.133935010569141,1.725006748736496,0.8249682070812694,0.6332667291590803,0.05255513298425909,0.41696201749287076,1.787510289622403,0.3076941981453661,1.2389978087101556,,,
2011-08-27,1.1887039382914941,-1.4714769205111844,0.6579151524094858,0.1100570186474177,-0.3420284632672082,-0.3601331162700871,0.06589744306276382,1.419095230375248,0.8876889750922895,-0.240867445620365,-0.11773518873603186,-1.3210120901115332,0.5182486491970295,2.0934404647614255,-0.879120207616934,1.1160389738177579,,,
2011-08-28,-1.7409653190862482,-1.8205692368039081,-0.03905868689704638,0.2646105483699881,-0.2316561754398672,-0.5179400605273667,1.202998498142845,-1.0386811235019668,0.3105935730263952,0.7436794010863055,0.054713414498412355,-1.645032600035572,0.6992177705988072,1.4240547685927085,-0.24982040647711679,1.0997951180177201,,,
2011-08-29,1.913160133321588,-1.987867039449491,-1.5346712043727029,0.41398838333909865,-0.10705580940226103,0.005564165929065143,-0.3842990547795967,1.1482214913556743,0.2258155077599594,1.0704416827769236,0.6874707368287509,0.8297193349220041,-0.5897873083176951,0.6927663723754552,1.5555807101833383,1.17713733842331,,,
2011-08-30,-1.0964135247913158,-2.1567323548283377,1.0949563483826896,0.48701015941429815,0.025010092628537144,0.43581973841070615,-1.801136180874477,-1.3138125048546516,0.26598956299591425,0.4758477190226037,0.6889366889496237,1.1209652662553125,-0.23535305404450976,0.3049253934416006,-0.408733672895842,1.1297565281692783,,,
2011-08-31,0.16889215626074724,-2.0410474601960376,1.316382653812889,0.6155879390744717,0.14975164174199054,0.6138979744585046,0.9988429307521637,1.4018825974811964,-0.20268533028088406,0.5695424912580052,0.12695172284307737,-0.9399879905293673,-0.12345462056565176,0.27465251241539285,-1.43508607646436,0.9253018029575937,,,
2011-09-01,0.7183867644727242,-1.5791056121504135,-0.7884629638740231,0.7223252933351928,0.29630271874778047,0.06445608960847625,0.8674080715433581,-1.3562385128471859,-0.7810255756982226,0.4946938963819593,0.14618529969273644,-0.06609119200073003,-0.24983558870533298,-0.1980267117158053,-1.1169486128291757,0.9369129383297393,,,
2011-09-02,-0.8827759251195295,-0.8368155270388283,-1.1117819965659501,0.8021077349707274,0.4131097742617612,-0.8935199584955039,-1.3316452684530915,1.0655950725740218,-0.7006687483923063,0.8371972604422983,0.42371571495377247,1.006766492687605,0.18114492158396364,-0.584309511499089,-1.1841588704326278,0.3782484713873022,,,
2011-09-03,0.16073169798388678,-0.03154807439470136,-0.3818540618971333,0.8748895762796094,0.4995888876165512,-1.0820414276068104,-0.07114153284672306,-0.361748032801155,-0.17808301685887337,1.2497564944409014,0.7228649261357092,1.1952105918084461,-1.180861570623973,1.062197103084398,-0.4795426512321258,0.26442771607328686,,,
2011-09-04,0.7203339898753061,0.7885944424620707,0.5537373641855307,0.8636307549822758,0.5536825897700892,0.8999694336881907,0.22320521861473683,-0.4732967006620708,0.2127319707389291,0.7853025636420123,1.0868984541755935,0.46457735028437763,-1.0366692391135615,2.371511045573862,0.19169578316128855,0.3546469702784108,,,
2011-09-05,-1.1087093146023554,1.5254265219291672,1.426201383805894,0.9124397612817955,0.6010423953591859,1.4423466112958947,0.7055306253523457,0.9053904976891197,0.47305727666830866,0.21691655096541287,0.7910302131507975,0.03062247145070857,1.9854196752109399,-0.16435680430104257,0.017577611749507477,0.25372003306037444,,,
2011-09-06,1.2742776906437088,1.9519300806370263,1.4595705754734782,0.9818723245240714,0.6141821460376864,-0.39840515764083634,0.801481847818439,-0.9237084883714131,0.5816807911630242,0.03329609642292769,0.2687131803919821,0.5435258138568191,1.7371264911879722,-1.9160134080280333,-1.213912542851685,-0.14904307697662672,,,
2011-09-07,0.07082381182430812,1.9418709154927516,0.003161111820648347,0.6986155589597524,0.62542308298402,-1.1122505961771652,-1.2118980193978357,0.7652366744051108,0.8004377209396263,-0.6864784326672038,0.046608996158314674,0.7693074036382315,0.70339279898855,-1.5285981422480135,-1.1316563460058988,-0.899098716685536,,,
2011-09-08,-0.9591450242126613,1.6340412982979187,-1.2276290083769825,0.5370265610756934,0.5913289734206891,-0.024720984405848235,-0.6736557201360392,-0.5480755079891363,0.2814354710925458,-0.9892293893180654,0.9746964347890038,0.21209317439235925,-0.04452755235275022,-0.8910464027591019,-0.5989226353936439,-1.0605006346203079,,,
2011-09-09,0.524401716351192,1.3203663870900648,-1.0624385431127588,0.36980493385300095,0.5151352617551274,0.5740859983570329,0.21609717930213124,0.328344348927789,0.7305844045640447,-0.49757048976754664,2.2573735729894286,-0.7504262834426779,-0.772418534309008,-0.480803428679166,0.5162436488415725,-0.820870870214245,,,
2011-09-10,1.3680908857610123,0.907403330008169,-0.15166221987562753,-0.06801860458573922,0.5893450225295429,0.12270283986230625,-0.15754117500308665,0.07370297403229284,1.0428612101276724,-0.5459865863288335,0.5440950852266666,-0.16259583879739656,0.22505576890921766,-0.30963146549960296,1.8331585954142873,-0.5831498192708258,,,
2011-09-11,-0.7014624503127938,0.46031844428493507,-0.20331623878169888,-0.08592111256331013,0.4301445323069538,-0.39994637977403863,0.6208817553430672,-0.15850289748625868,0.3083238800279703,-0.6094147307881368,-1.6365342067328457,1.029123112988817,0.5123741383519548,-0.1290045013772279,0.7694811961605718,-0.6890777887546069,,,
2011-09-12,-0.0802746703146658,-0.10431819104877249,-1.042300005776232,-0.09331078320791375,0.188639563626092,-0.0899634266798206,0.749589035077427,0.06918918512301805,0.3878930712435002,0.07650647022224902,-0.42389357790712356,2.391400184054665,0.6841927821329838,-1.0053306890915354,0.12936564943765588,-0.6269965406856606,,,
2011-09-13,-0.2795079278513858,-0.340340641410543,-1.3108111941468044,-0.09455220494675189,0.004887835105490047,0.4541718127949479,-1.1065127577480736,0.18298168953652885,1.4567295043102926,-1.0513815539326756,-0.019014450828625896,-0.5995400084051719,-0.5142221270641972,-0.4266417081301133,-0.7269145633442881,-0.5056952972759687,,,
2011-09-14,0.30574210408382546,-0.4152651963735484,-0.47358363844668794,-0.14572624442811838,-0.22902018160938162,0.5772449231665582,-0.5517263316851266,-0.5255588496640035,2.1615310751161156,-0.2685871473384532,-0.7420806856333757,-1.67605088070159,-1.669899864132811,2.280386062836574,-0.8939729285498873,-0.5264266741700439,,,
2011-09-15,0.7702821758841323,-0.37431887373489825,1.3573410318125336,-0.19190367018396262,-0.28896004389804897,0.08428154402138223,0.8519650995766284,0.7780787331621059,2.081671328502,0.9173065669060516,-1.2441506859618623,-1.0912264294788203,-0.7793098953902691,1.1770195341614487,-0.36675790769084804,-0.40710570873337504,,,
2011-09-16,-1.2256032363779232,-0.29284624573629203,1.205699261765378,-0.14970602212782502,-0.3887209343592937,-0.675467117608121,0.033470690132771486,-0.7846512921136622,0.7319005674531572,0.5059420402427515,-1.0998088387575518,-0.36955765364113335,0.858576150387525,-0.1620485743674618,0.06651961912403129,-0.3364062167750568,,,
2011-09-17,0.06441491070315628,-0.14920843819517862,1.0006251856721082,-0.07764187600598266,-0.4787124271168577,-0.7182154630963915,-0.1524435838202963,0.52409861031654,-0.9646752035110022,-0.24489721182441826,-0.533337007469878,0.3354131801815639,0.4361196564607116,-0.17632343867720665,0.02469010473157716,-0.3743665265779373,,,
2011-09-18,0.6485698216047586,0.05561909577785062,0.4317585397103263,-0.01980082023607183,-0.5536811211063137,0.03734460486937297,-0.15230612197501356,-0.2591092451030728,-0.5132195690717779,-0.9715213698666038,-0.23713029947176725,0.6108759867744004,0.18495006484972606,-0.04200701843433117,0.22356544005698664,-0.3739705999132504,,,
2011-09-19,0.7211631452262327,0.32790202631238075,-0.36802108552308543,0.0494998066981189,-0.6193112895097208,0.6262964805032273,-0.17412831982748178,0.2286774475240527,0.48093109209391005,-0.864864672425666,0.3355912754513115,0.25912307284901925,0.0896953824093227,-0.3714728783654653,0.9376820351565226,-0.012136615876130628,,,
2011-09-20,-1.3397813454330745,0.5815171413197843,-0.32680534506363246,-0.003674823194512832,-0.678794903242107,0.5336955310769843,-0.4665243618982743,-0.3731515202589505,1.0220098729640792,0.4374374672642392,0.2752090080102894,-0.1350429557836723,-0.3558967411610602,-0.6494711314417541,-0.7264185895029389,0.04263283529821319,,,
2011-09-21,0.767878173226122,0.6858965206438771,-0.4331789693404529,0.1868899764419774,-0.7502889202676732,-0.1757231375473542,0.696328251534844,0.5295575751579251,1.0709741113325348,0.4882705898449022,0.029156037035933714,-0.26700063287037273,-0.6242403974699294,0.2135406973711979,0.19082549820073946,0.20096288246816196,,,
2011-09-22,-0.2093674141233581,0.5791723514331368,-0.11366646660072259,0.29211410037992536,-0.7848744586058276,-0.3559488025940145,0.6991958066023163,-0.38270553715094924,0.42278009711456216,-0.8952034180738955,0.43050598911872734,-1.024327740004555,0.9136646169351161,-0.4079614636078264,-0.3197520645395163,0.05393587391766076,,,
2011-09-23,-0.34318255631657063,0.3200096549076292,1.2337870686412271,0.42130250271497977,-0.77721617854585,0.12331971668326892,-0.4346211534038046,-0.1949565898817739,-0.34576167637203353,-0.5633947181817928,-0.297709319953177,-1.6277295429303595,1.4289533004357946,-0.26059136115947606,0.7120119319393879,-0.11499966682361965,,,
2011-09-24,1.2941644081906862,-0.06784713372898678,0.8405008125393253,0.46137445960000645,-0.794322362260414,0.24204540722340145,-0.06566288078905029,0.8541904405983517,-0.8105381536780228,-0.3938594763999904,-1.5747114816049266,-0.42278791757778006,1.6279221775545232,0.23755729969310777,-0.19407061114318608,-0.27766328257497475,,,
2011-09-25,-2.1079375490702112,-0.41889735068343126,-0.15366725596892986,0.39052107771080924,-0.7975404855562479,-0.5219407453001246,-0.78449634407113,-1.231015071166435,-0.945667622534319,-0.5878386146105727,-0.6111907970985622,1.0914196894279258,1.8928022756621856,-1.189126343936387,0.2372916675202524,-0.2756002595878597,,,
2011-09-26,0.5343561740564616,-0.772786761032306,-1.1056548605147165,0.36745253103965453,-0.7916547575658569,-0.9978176566568024,-0.9086324318990833,1.0262541416359283,-0.6262519905245095,0.16342125200428878,1.122586459958767,1.618566059775858,0.6847842471716705,-1.6383512634286808,1.4186098327057177,0.19282194138891584,,,
2011-09-27,0.37297381880783315,-1.1042886255306348,-1.477483752341429,0.3341196339365976,-0.7585892707129909,0.6301924949332859,1.6624204047512043,-0.2799016031319852,0.25474166950984933,0.6967494904161939,1.6842049767268905,0.31949917543036255,-0.5010157569577512,1.2753663863219866,0.7981453128246708,0.6988318277815658,,,
2011-09-28,0.24909280751161825,-1.2518161942634936,-0.4633598329595131,0.3178739065500987,-0.45547572625789007,1.4850056817129396,1.5126242694726668,-0.6242811367839087,1.059123284932679,-0.5733205169726866,0.45279510431928033,-0.8965993849047629,-0.7015597312050971,1.893812000724442,-1.3216241273931217,0.4841573203051012,,,
2011-09-29,-0.8445470483975384,-1.0561379056662183,1.4586806660646843,0.27072156414465953,-0.33344910354186647,0.18450868229746775,-2.112988861819704,1.157406914661535,0.9178953606797129,-0.5568395994698446,-0.7530951896853781,-1.4050167118562105,0.5050761371086988,1.0391340095178996,-1.1016079267358088,0.14463115041759733,,,
2011-09-30,-0.31238812782043135,-0.5484060751142958,1.4960040934163872,0.218448941677271,-0.17956898947919875,-1.6179743544016278,-0.4661451058487106,-1.1733665129683222,0.7050421995191575,-0.18341252074097011,-1.1703619046525409,-0.36970027245478326,0.6716805419450598,-1.125471494057873,-0.2702358284390649,0.06435420654356426,,,
2011-10-01,-0.16087303355004268,0.15869913510439285,0.15822828422784943,0.16117715236170568,0.011000895433568175,-1.1991019509262864,1.4328632083643182,0.8623566394087112,0.7372803826464518,-0.40841914010184066,-0.15223096527593444,0.9600951637623689,1.3035054775626336,0.6131516891209585,-0.7201331659765314,-0.07131231639877507,,,
2011-10-02,1.4460648608786828,0.6556349965532733,-1.3363269306242482,0.09580971042089582,0.17485665108631476,1.238153062161513,-1.7394777368306988,-0.5591993132751645,0.3712200152169814,0.2775625759095039,0.42002275392612953,0.4477989062610134,1.0328383339246605,1.047267892222193,0.3098733642638782,-0.16034724934340186,,,
2011-10-03,-1.7657226176531782,0.9427277373757439,-0.7101368507716372,0.01477320186460564,0.34801062259679044,1.5653773715736938,-0.32106702773564244,0.7430649393421699,-0.1985112951483119,-0.17855326104286912,1.2384117014372111,0.1619668789509303,-1.331072328734128,0.8160677375212696,0.05865940093672323,-0.04202019890213152,,,
2011-10-04,-0.9796011366674108,0.9656606410496797,-0.6752111202167406,-0.09973384121215285,0.44236201677858994,0.16780392393550914,1.3224251595548941,-1.0852221746320716,-0.7047802876284205,-0.451647459122492,1.3462790826040478,1.3294343479565505,-1.583331080971832,-1.1985850974985757,-0.256736204281331,-0.11162272358215676,,,
2011-10-05,2.1294313865473886,0.6979213440150184,-0.9115562835388266,-0.21457118006931494,0.5224561731635223,-1.645436900897042,0.12300106997148938,1.1402864254791523,-0.4947460386736563,-0.38384611155561965,1.0487277032935138,1.5204686553432554,-1.1053683365663067,-1.5098593056744878,1.8418266395409342,0.25960632451336735,,,
2011-10-06,-1.7455493648706868,0.09896421794767409,0.11819386744496997,-0.269268980413705,0.5697981919997059,-0.6608475502007537,1.0741932252753448,-0.9916298318320484,-0.09284661486559172,-0.17218483225831693,-0.10233937288064875,0.007222584720707068,0.7237004100852323,0.3059359819391081,1.099424503614393,0.3490823338316455,,,
2011-10-07,1.186550286407515,-0.6615241906949361,0.7150113192270207,-0.39829326714563684,0.6169624544236759,0.75893193494136,-0.1586905849693106,0.6268793006401098,0.11307915329356785,0.16532723888409978,-0.5042256932249499,-0.642492507753518,0.961586759261182,1.456931374151125,0.16961558870405022,0.3798857382437684,,,
2011-10-08,-1.6677682269779524,-1.1267666840053194,1.2659357620149982,-0.6834256621060617,0.6503320630574625,0.7672911112231598,-2.236366253605555,0.0648137615510311,-0.0012700098448222036,0.9974018697465874,0.14828491753031828,-0.022132364998508063,0.555232753201847,-0.7487438719801878,0.6405828453622049,0.46121027780827684,,,
2011-10-09,1.0378703847345248,-1.1420185759992822,1.4606091191299728,-0.7584539797817457,0.6794228991805288,-0.5182232165226159,-0.3083145621982562,-0.7110752037877941,-0.09623022162334705,1.952820833850161,0.5431412248554481,1.8636388045177923,-1.3121411625338706,1.276082922172956,0.37118720034776803,0.31700408038779243,,,
2011-10-10,0.3671881363328583,-0.9157662830158658,-0.23437631505341822,-0.7548993979778367,0.7093220242890067,-0.900816025125928,1.479408258991513,0.7435651750663758,0.3018147965286064,2.1002022686217585,1.3041204616074253,2.732003355444486,-1.7291060304704426,-0.341006405428997,0.6384426058720152,0.3729010386071347,,,
2011-10-11,-1.0155403442676727,-0.5565579659113498,-1.0545439075946068,-0.7199878108544401,0.7290449789764717,0.15401962286219065,1.0858473373748707,-0.5521772143859823,0.6293083623003823,1.250286679248947,1.1340354611515289,1.8616405786214427,-1.6948001283976313,-0.3025065031535888,0.6508506946096696,0.6933953561675366,,,
2011-10-12,1.0525780420781576,-0.12317973333689558,-0.16897420913730196,0.3191562973381226,1.7689837310516991,0.9811020062968755,-0.2579562586460691,0.4590794730580165,0.8078050839400338,0.7677268837309762,1.2989301313724297,1.3235306669698763,-0.8674852271639971,-0.7223945747654447,0.3254040191329758,0.9737493823429307,,,
2011-10-13,-0.5876023933804178,0.3869161741459806,0.19995589717468393,0.3808400969061559,1.8458177921547116,1.516728565282902,-0.986305926968675,-1.0664377959449034,0.7611196832747456,1.3791328694778664,0.5905691975183338,-0.9366034511233599,0.004758983885522876,-1.5312715805399206,0.9821840847371968,1.17980176837353,,,
2011-10-14,1.734591333107253,0.5945958076898838,-0.2605382663411577,0.4233426299768275,1.905864627801533,0.6526029289727292,0.14619257890627607,1.3089507657385537,0.8600947327246506,1.660736245599197,1.970194224733676,-1.117488225030059,0.2404129625071821,-0.47785915157787623,-0.5980817611970044,1.1217511054583524,,,
2011-10-15,-2.647802956996964,0.6512328630472587,-0.07775982439952524,0.4528847154349916,1.8921462451010402,-0.911314713437339,0.7493245794886615,-0.8561852553849642,0.4465280788124386,1.5312280354920453,1.9747686912293407,1.0464713680421267,0.08662165143042126,-0.9627676360811946,-1.1436521790401892,0.8779956481902766,,,
2011-10-16,2.408121174715385,0.5209152853627808,1.2075480991005834,0.5474658458678946,1.9049727943255288,-1.4745538112805112,-0.7476618531736599,0.4048544797002901,0.11335763650214659,0.21531082892454545,2.3567725752857265,1.1163796105692758,-0.23459983881030133,-1.3114306916796803,0.08495905758681986,0.913023308553006,,,
2011-10-17,0.15699687194536763,0.3427773953828335,0.8604400987885509,0.5451678643729189,1.7650688791287603,-0.7055574819838005,0.08872899070106532,0.013311540239182327,-0.13148826933766697,-0.008556555543098797,1.4617481156253362,0.4524213693563248,-1.3703886804993042,-1.5996768985869332,1.1794854285349425,1.1446839593231335,,,
2011-10-18,-1.7501361217840399,0.14746066848181355,-1.1623428325470733,0.5422489662703077,1.5574723436125792,1.1875307123175336,0.46852532577887274,-0.33275501965355353,0.32423507369577614,0.37846871876914784,0.4759546229281934,0.2867392250238137,-0.5101530557212381,-1.4012264211775516,0.29440760034099606,0.8499935987153276,,,
2011-10-19,2.207407336805147,0.05777743211051986,-2.1731779538025586,0.5142388798426841,1.25723554189133,2.057304507826358,-1.0167193861383117,0.47898431790010193,0.9577866607025991,0.9687299478990263,0.6555683717452716,0.8027964995664507,-0.052297400079999494,-1.2652398310166653,-0.3725585267842712,0.6373792684362146,,,
2011-10-20,-1.5492028713845392,0.06083224253427,-2.0562191505534737,0.4739013790353229,0.8882872295165088,-0.07603429403743349,0.3067609864430384,-0.4775760849671592,1.4825665543807953,0.04610453526750438,-0.5915619761074749,-0.282325841364677,-0.4096242802078999,-0.8194397678189294,2.5337045798319866,0.945552179531063,,,
2011-10-21,1.1769622679947207,0.0906950463918105,-0.38845141090710705,0.40909801746557095,0.464270122402345,-2.0725967856524075,1.1059051123482275,0.630640752822718,1.3432987524707103,-0.39863346722077725,-0.8458072765332247,-1.4557707963595252,1.6183076065529265,0.5919790227594451,0.9141267473092121,0.9752892480008591,,,
2011-10-22,-0.34044868904233827,0.06240128454681067,0.4526131096158614,0.519785727816525,0.0040647865379567555,-0.8777828111000617,-0.1498001393114676,-0.9063689611202101,1.389754744289081,0.31355753752074594,-1.8784678934633496,-0.4928028865738978,2.1552947392693924,-0.6856483015072009,0.13448999323582012,0.9594757426307898,,,
2011-10-23,-1.0506935597037574,-0.10182351209763556,1.1985219657425061,0.39550732051599063,-0.46219576999377593,1.4697455329977083,-0.1779093836918213,0.9868103951271625,1.9037338618393789,1.084822857336947,-0.8235142709797452,0.803668172002882,2.2710497451682494,-0.8670315192831737,-1.5328723839025253,0.5646455166376007,,,
2011-10-24,0.7251272471327233,-0.5012182412180429,1.568416855311849,0.21257505684935576,-0.7843569885950884,1.5120915524768388,-1.0448710376803545,-0.884737755890736,1.5302102553242771,0.370578988245514,-0.19582180276544414,-0.21605661892635294,2.0996900923406385,-1.21995736301915,-0.5022022104289352,0.34650044627176496,,,
2011-10-25,1.1667205570464922,-1.0960603010418306,0.7183647592744359,0.03961390748111609,-1.0242735890498322,-1.1178554111343426,-1.3086628015988329,0.618805867644927,0.9680420872603914,-0.7100583488752159,-0.7535879023212032,-0.9468384480538014,2.033963249837054,-2.478386682540068,0.8568153410059413,0.5627330951279278,,,
2011-10-26,-1.3109188631690083,-1.6469744350483897,0.8796237117802165,-0.22674183963616157,-1.2592785738512058,-1.778044451611172,1.04171222313405,-0.02933353155108026,0.22379399452071863,-1.3261351614816717,-1.3910775503231483,-1.5025520531076628,0.6301639631660845,-1.8601101393741906,0.8180976083925612,0.5200717808217225,,,
2011-10-27,0.7541678168486607,-1.7806513390833458,0.7465796462744323,-0.4916170894449258,-1.39333788380497,1.2551268691394395,2.044994220593721,-0.5687202788146164,-0.14498083743736656,0.9182186650404038,-0.013489303252764111,-1.1899551641852715,1.7194182688351447,0.15937858278096664,-0.08308743457871326,0.6729336951202931,,,
2011-10-28,-0.5652708563814004,-1.5852562495114804,0.12048847628507094,-0.6754019122472203,-1.5908207648294037,1.993027201800743,-0.26299971945298867,0.6171297325277647,-0.7680003724895814,1.1386006392299532,-0.06963919956403734,0.3153772019860333,2.3209172682851995,0.6051392738921277,-0.9828013361231447,0.7253443025876709,,,
2011-10-29,1.0564384942979774,-1.1810011935083857,-0.692880195000633,-0.8083136873267615,-1.7706295826446168,-0.8825370629805538,-1.7466198712113787,-0.3034700947754563,-0.9217455164943251,1.1755279683181303,0.4498470503766828,0.5947831334638016,-0.000973676377623206,1.0369341990893293,1.2079063454837315,0.9138346145498942,,,
2011-10-30,-1.0353866890262318,-0.5478205735873478,-0.4991779140358077,-0.8935381765990208,-1.9707663917597857,-2.415729023212943,-2.0422587128111407,-0.07465084335509996,-0.8102373846475643,0.783134425210861,1.1223553204590238,1.53924883721545,-0.6826645983319098,1.8286531544719482,0.6002903408803143,0.7664227176402351,,,
2011-10-31,0.5301714036172941,0.32440901753327356,-1.1304478490591876,-0.9475210126123076,-2.136929955005786,0.05070653557233304,0.26973458795680383,0.3330718661290648,-0.73997998919275,0.6361877623063713,0.8861816607245989,1.7305149966785567,-0.06312018149652655,1.6400887086297076,1.241956909534559,0.9336560586578981,,,
2011-11-01,-0.4413997168771758,1.3434872473946133,-1.5941460116547492,-0.976500407882211,-2.264261466142833,2.0749353468856118,2.1994641800099948,-0.45520588188803857,-0.18285460965277905,-0.17149775184287944,0.975940249134191,0.5252872377122705,-0.6866176942024418,0.35569739063256817,-1.5537968890434128,0.7312160346177875,,,
2011-11-02,0.2575688614448284,1.9839573857760662,0.24441626041004064,-0.9050451770336676,-2.296877036761579,0.6761496973770116,0.10724011800377892,0.5258612666725707,-0.09392746988327177,-0.8389594127411935,-0.7555886904814599,-0.6424582036621759,-0.20536469102628396,-1.1298174677993271,-1.3319205171887523,0.14936969986443868,,,
2011-11-03,0.7352578645333676,2.129187933525869,1.9477694555043892,-0.8810416260061467,-2.2181443052475545,-1.5057776732692834,-0.809285325826756,-0.7198598571025406,-0.02114242805687622,-0.9367640129549967,-1.7017379627566136,-1.4318246251007198,0.604520132932147,-1.003952155320849,-1.1244450987170058,-0.2655757758145746,,,
2011-11-04,-1.7873681773672947,2.016099933169815,0.7361121590234146,-0.9122640204345164,-2.031536149209146,-0.961025000972864,-0.1812336373562946,1.2211285528939768,0.05690461419391009,-0.2554075525265053,-1.2588676926037516,-1.4017657927057758,1.29006033774656,0.9347449096215235,-0.1882124058044687,-0.3272626523190765,,,
2011-11-05,2.0532855993608874,1.5532206925428256,-0.36620702484593154,-0.8300509881935898,-1.6172757275929057,0.6522582593519469,-0.4626141225355036,-1.833454627334732,0.6464329609345256,-0.733284904263354,0.2658218686058773,-0.3509650436053361,1.3573545114065702,1.493915589139741,-0.14244166604469585,-0.07654664680785067,,,
2011-11-06,-0.5414745859435274,0.7169840931404194,-0.7365945434309165,-0.7346879791451647,-1.197381593798129,0.729404487183188,-0.2087012375650047,2.1320239423578977,0.7113871165695079,-0.6976923146770309,0.655240379726805,-0.04703112804615667,1.1758058218708336,1.5379781100148493,-0.6066115452795876,-0.13166005975370923,,,
2011-11-07,-0.2086982310961149,-0.28429685555333106,-0.4309452989861319,-0.6526568077140857,-0.7237270926113867,0.016806921409668146,0.6769137352030615,-1.9592810306581054,0.4841592085375298,-0.7812561988890203,0.12404967278888299,0.5024523397718332,1.0812148339249437,1.36613489011788,-0.16633932321549771,-0.5443585693187507,,,
2011-11-08,0.49590308794619964,-1.1544693791094376,0.17411331235860392,-0.5049922375514287,-0.34700716671011844,-0.053349621426263406,0.3158247632394243,1.4775477028642763,0.28167108787595196,-0.8183758195306937,-0.5604511057396817,0.6859457830101752,-0.012453926797104924,0.22428205236814425,-0.14746794554267134,-0.7556148552598314,,,
2011-11-09,-0.8419506177296929,-1.6116241374126914,-0.6338745975479498,-0.41894300186570543,-0.1027554892966593,-0.24874262815269021,-0.6368357282185281,-0.7431847592238591,0.2820858881288274,-0.6131818550831111,0.006682617854069554,0.30613837710249686,-0.7650597559432606,-0.21468506644537091,-0.010480690241053832,-0.632058762128986,,,
2011-11-10,1.0958943033589497,-1.4964444811090625,0.1517644650837718,-0.26436650822810853,0.08006498137141839,-0.9176007620273634,-0.23011791858357938,-0.300131411845234,0.8587000155766037,-0.45130999201232463,1.159505036348181,1.3707009615072814,0.04756597032165247,-0.8972750280886066,0.9100075777477412,-0.20472534458023606,,,
2011-11-11,-0.7202973881654876,-1.0295829242059353,1.619746251086811,-0.040879752306225633,0.2806231499770181,-0.043431641683588824,1.0907284126220058,0.996056352411423,1.4165957631700414,-0.7219664908827912,1.1818865870912354,2.181396713745752,-0.08117513044207912,0.2502409509472743,1.2577859209696973,-0.12608719502767612,,,
2011-11-12,0.17323557135617382,-0.35447233288239277,0.270196549264918,0.19516845818353223,0.45407397075123745,1.1935810288552875,0.6884245055869487,-1.3209454736100676,1.100251948837312,-0.744863455105106,1.1460393888471534,1.6135570358681284,0.6441747083917616,0.3532977903653128,1.7386037441120326,0.11458261613229759,,,
2011-11-13,0.01620665372548497,0.24764329331862903,-0.9769231085043305,0.7161947978537809,0.41389372463443586,0.707789242916991,-1.8821994663292012,1.6769619908187858,-0.14275038758916456,-0.3107037242011374,0.47165981340715923,0.5743302065404648,-0.161477951602008,-0.15348429382994128,3.1216500014419353,0.785445374555994,,,
2011-11-14,-1.3086498787677805,0.6511697076232577,0.2045121193709033,0.8630662531366798,0.3561041725307172,-1.1480664702037622,-0.48560195586331933,-2.2342101471243283,-0.7193427975171921,-0.17595870331554944,-0.027614748406146576,0.8384249457272824,-0.048742721996552836,-0.3631790123631543,0.24671196360088765,1.0769769206732274,,,
2011-11-15,1.3023007484510931,0.8163505339338788,2.2607604773116736,0.9840356281103587,0.3150862243535292,-0.6774498131816431,2.192252554234807,2.336595472684772,-0.811083497466804,-0.0505194960970225,0.41520389651538936,0.7418765285383228,0.1870758582169244,1.346189646304079,1.133177560556796,1.4605468163809903,,,
2011-11-16,0.6554508286388331,0.849017751050427,1.0919938591014722,1.0645051759853377,0.23272688643902903,0.6089606532609767,-0.15244446997917158,-1.4985202386649459,-0.8352685442244496,-0.4645335111211197,0.3638105620425292,0.24823661024334312,1.5979307945766112,0.9330996784810087,0.058057595771193155,1.710440847901566,,,
2011-11-17,-1.9700421369120928,0.5113057411427248,-1.2941663692050005,1.126916673437009,0.188943892109783,0.2554082075979472,-1.6874605842287222,0.6758473154119347,-0.5058634199516532,-0.34327449237156765,0.9350818721259887,-0.054503024831661785,-0.4494089436693205,-1.4726578638267538,1.3186790337000422,1.926165715367395,,,
2011-11-18,1.1472113447460202,-0.042049440635418545,-1.1032353166176707,1.1328451071562329,0.012492724834381084,-0.2522329460060739,0.7395097629862983,-0.14223023064094298,0.0879310106265273,0.05058971710701018,2.0943497846427035,0.7306234806681814,-0.5021917856179486,0.06331939176156912,1.1673582257781154,1.968882834089161,,,
2011-11-19,0.5846883858834085,-0.45725452293996094,-0.1274296580879628,1.06693144825315,-0.1497645824079989,0.4771872639800573,-0.3633224247246823,-0.2265474858041668,0.22051551659124158,0.15581036553494038,1.3253914139295206,1.657960308196764,0.1525031015723192,1.4495100023968706,1.0698393017703565,2.2206334675423416,,,
2011-11-20,-0.8880121622667345,-0.6306852729349334,0.22764864809127555,0.9691139520161266,-0.3517047830163161,0.949936567443509,-0.16970123074229237,0.5188838939668955,-0.42067879627045235,-0.5577416419924406,0.4863828707794198,1.4606758397126443,1.7600112032099289,1.9635898690190305,1.0480372851811277,2.2523303487922837,,,
2011-11-21,-0.16711030119707515,-0.613046048369171,0.8165651637391154,0.8456591431712965,-0.5594646688280444,-0.5057653537004246,0.9803534568754251,-0.6567303306728854,-0.5235304029215597,-1.4977564100142886,0.5309220134036738,0.3428990759610296,1.4555135989929733,0.609385210367349,2.697231941199265,2.4350499040269384,,,
2011-11-22,0.05443389164763947,-0.5481362851643067,0.8072640833671817,0.7035178653924175,-0.7567987332386223,-1.912165231876974,-0.13346331251218255,0.7010171302393426,0.1722049225685869,-0.7419207133600385,0.24299044412181176,0.33134760024924065,-0.16192656320505833,0.2363974782053098,2.6549454232380163,2.703465863751774,,,
2011-11-23,0.6038724985192325,-0.33100905246301554,0.9196364389695351,0.48214806151586653,-0.9218303263727502,-0.5172380662701581,-0.2030780533092577,-0.7369374049114894,-0.026081160086560036,0.10631733906073466,0.1977115152023072,0.3615798391677605,0.08069865822891041,0.34240565370308546,1.2882019195497276,2.59230972581809,,,
2011-11-24,-0.8076209014239767,-0.057691641654100095,-0.903313750148897,0.33337297108865566,-0.9073774051739566,1.7005893702860484,-0.4656639332285303,0.681446347803835,-0.0643300100122922,-0.14662870697504637,-0.019912125342494143,0.44925150377085077,0.8094732552652261,-0.6784766887790961,0.7550363041516694,2.492967378139557,,,
2011-11-25,0.6640710800884734,0.30277177494616936,-1.5326983606352917,0.14548596561392863,-0.9522006958964238,1.4780451570012185,-0.9404750766721285,-0.5234953299776626,0.32214451142145145,-0.447517720060749,-0.5192283163429013,0.09730503970279976,-0.7356550995467953,-0.5920286412135315,-0.0773015749116992,2.2607270189919575,,,
2011-11-26,-0.686645828135276,0.5367407522635325,0.8132639282739774,-0.010539756336636012,-0.953589013980287,-1.0495529654234617,0.754134797383073,0.2756668367821137,0.4289863981266863,-0.669489888038868,-0.24086928348563472,0.2600176265414131,-0.5036565173199683,-0.1028249871428771,0.4479531480702597,1.8252353315032368,,,
2011-11-27,0.8056527629773574,0.5626571616067219,1.557731740547866,-0.1774373058003091,-0.937032581250381,-1.1215447573688535,1.6873000341355893,-0.020281526285386597,0.42712255860596776,-1.1407575603996019,-0.01802169999989809,0.647925354021302,0.6126662047469204,1.0902231938359905,0.2810314644988781,1.701460630439762,,,
2011-11-28,-2.0426576807710517,0.49185857094912155,-0.1399625079598326,-0.33945296236011924,-0.9921054316987101,0.7025199947662242,-0.8593024276251585,-0.0369713089834246,0.5359480823317289,-1.5424862686602845,0.5172678012103891,1.1620893664585945,1.532374531348705,1.0152339935811463,1.5745185824022148,1.7218583158942675,,,
2011-11-29,1.8465905263410678,0.41800859009828273,-2.133361047434803,-0.46875160741012584,-0.9359351526013097,0.4425404305038291,-2.0826765560703215,-0.3795273426527602,1.0365256998098067,-1.6344220646112475,1.0462843635724328,1.5676569682457338,0.5373125264545312,-0.11576332294700024,1.5992870419616652,1.9097631538432829,,,
2011-11-30,-0.9680828799332525,0.39405759598989,-1.298253666366047,-0.5802848795185601,-0.8612360326771027,-1.0347424681970268,0.5837478195409681,1.145707725492684,2.379669670486102,-1.5149397779333653,1.0448558231204679,1.0172685289275307,-0.03615368472614006,0.8290639039603471,0.9320428956149813,1.7936392890145183,,,
2011-12-01,-0.7513315908162871,0.36456861795296985,1.4970496887983116,-0.6654865592080578,-0.827189953919712,-0.37785533358798234,0.6159577101700202,-1.8486555751585405,1.967433439343433,-0.9932932727143614,0.3944872841221258,0.4736796401017241,1.3437490392096085,1.5259978167871413,-0.02118988831363108,1.711752970085846,,,
2011-12-02,2.175855862337357,0.32311402833961655,2.0318755307043,-0.7459750504424553,-0.7268352221639356,1.104153645911716,0.6815404012079856,2.18913487103732,1.2836610723634225,-1.1665099028983863,0.30450073142498724,-0.21761963468741868,2.6954738241957066,2.0338034884922878,1.1540007895911797,1.7057800457015526,,,
2011-12-03,-1.153245872497459,0.14236433993452746,-1.447716549496959,-0.8069120318654874,-0.605247985918069,1.1710693589225643,0.46532854719241656,-1.9966842515656744,0.6065150757284589,-0.9142496986466176,-0.32533231047910016,-0.4671392714407906,2.4830302130311903,0.2446958330894461,0.30575537313316303,1.6185278898492368,,,
2011-12-04,-0.09491927305469637,-0.08333689315169578,-0.08265732524189563,-0.8405043969262265,-0.4372934336609925,-0.9179625155618836,-1.2213012224237367,1.035947097357516,0.17352000299229264,-1.1863838123437995,0.33568107031918476,-0.2622891858855214,0.6859585239718382,-0.5311557144634174,0.5338963426940202,1.3868349117719063,,,
2011-12-05,0.23288069618317955,-0.2651510565109314,1.3234650555815881,-0.8684351599581969,-0.25569027677903194,-1.1138201423674547,-0.40672752771467624,0.47125084382079335,0.4347859841173951,-0.894141704773525,0.1275237736386714,0.02572957623950846,-0.046329949749841885,0.028129005421234587,0.7838843478598047,1.0327459338194263,,,
2011-12-06,0.037289688324982535,-0.49578905802618317,-0.5712042245060714,-0.8590882614442392,0.020649503235742477,0.7935709403480352,0.6877152965942105,-1.2828332914492624,0.8471402426131999,-1.3874134072706918,0.739773450530459,0.38114606651569166,1.6143208544460956,0.9799695790418387,2.1274125652892946,1.0810308123711654,,,
2011-12-07,-0.17269235125718116,-0.7687944926157386,-1.6302489272738194,-0.845765782107223,0.2063050003394404,0.6176770876481192,-0.1945567628532496,1.3706001051193877,0.9272024557574695,-0.761285634073268,0.9764651326386125,0.5428250501073123,1.0995720217962273,1.0786992179043988,2.115213254411367,1.2018248662550108,,,
2011-12-08,0.22375288844294489,-1.1465558032303138,-0.48716719802520503,-0.7771631724540172,0.42311555617472085,-1.1322182868491066,-0.3784587495058838,-1.122973060099011,1.0670727072661448,0.4076841442651483,1.0563725458403799,0.5554600847436882,-0.8123313144078493,1.194597673506967,3.2080869472233764,1.6773244498245943,,,
2011-12-09,-0.19095417663088554,-1.3021980383049596,0.7859855194981126,-0.6657907854737625,0.6075705507483348,-0.35151957000856116,0.5350466179931476,0.6902608947220941,1.504989963289532,-0.3702229080638662,0.33963266719143614,0.1949823505871884,-0.9988556237872886,0.8459140544284949,1.1322590035403453,1.7809786706624864,,,
2011-12-10,-0.5752693017204857,-1.0093086845196089,2.2508728940817195,-0.5228254243844918,0.7634766843619554,1.3906562754735725,0.6141520856845999,0.04107928836397231,1.2351749020265888,-0.8531483764152965,-0.48704057280905544,-0.8364443678584071,0.7854057546662054,1.4622592145782611,-0.465148076216952,1.7876066721449737,,,
2011-12-11,1.002658775324413,-0.586305945871818,0.5187547503415071,-0.34247030522125566,0.8708707876550877,0.5596364154173364,-0.6917196345163001,-0.5097307414371408,1.0868045985803374,-1.3058121190787713,-0.9570549182627588,-0.918638833577452,1.3059505460778789,0.580799508953803,-0.020876029954679225,1.6415411009445462,,,
2011-12-12,-0.7378277399940005,-0.12064533149705325,-0.3954571369520636,-0.17808103163592695,1.0071721143022312,-1.2051453109279575,-0.5661767618146848,0.22076735154232774,1.542890394469114,-1.4928826172140264,1.6557910221283503,1.2035815381971793,0.474648694918677,-0.6392178303327606,0.8985132478660606,1.6233447873217677,,,
2011-12-13,0.3167114721414917,0.39831356771060594,-0.11970361077228765,-0.002155961751637688,1.1209190416027863,-1.0117161891105204,0.035077667339040844,0.41126136318491213,1.0692765774604052,-1.2644556574895909,1.6798740873686386,1.87695835296634,1.0056169053436366,1.2072986487087665,1.4301014977201272,1.7461660426786048,,,
2011-12-14,-0.45710047880909405,0.8736930224283527,0.15989058619252286,0.15526261384389617,1.2188476054545045,0.28498372911093617,0.27379199679957816,-0.9450335841147905,0.8686348566460472,-1.0865455281929142,1.5647991381006678,1.5728873648629478,0.6740871112189856,1.317013758383724,2.3947855743797297,2.1200047900733945,,,
2011-12-15,1.1843339902062324,1.0306662326660125,0.14863491452358887,0.41028811618887473,0.9201042107589691,1.4300196608848847,0.776028491656457,0.927335920298057,0.42869308332352296,-1.1306101634055037,0.27311611602763664,1.341805242220051,-0.579575883673126,0.7448396131387386,1.1083677908524285,2.1985962874781024,,,
2011-12-16,-0.8689788741749342,0.9595071990839628,-0.5053143359036767,0.544615162179832,1.0608616978331444,0.43914748195014897,-0.24654437706223817,-0.7256063720093463,0.0224990864556326,-0.752849311453299,0.9615332262029452,1.5110404861736904,-1.0272806706493516,0.2543280165533165,0.28670710235766234,2.292643558844549,,,
2011-12-17,-0.6867065821051042,0.25106754627965944,-0.7439958479942691,0.6215959426638112,1.2212857628859577,-0.1999306372914414,-0.5350635633346994,0.280716727179157,-0.30946772332463934,-0.9542457230314078,1.9054073299555803,2.1889164726384656,0.7161992604599597,0.590850266739002,1.773434899894054,2.5356424974833813,,,
2011-12-18,1.5524024101962506,0.09093164674009588,-0.48626871901789787,0.7423804886307624,1.3078931308973523,-1.9352811331068573,0.5610351749939946,0.23990403857937867,0.3690715857959705,-1.3045899188376338,1.9574762614093313,1.8868477635476528,1.1578867901667849,0.42528412098390284,2.332983694301294,2.7922318436693314,,,
2011-12-19,-1.2418956838607988,-0.2669493566385579,0.09512253617232859,0.9330010790395389,1.286160217146961,-0.9307174707692143,0.42588874445006364,-0.425841449275018,0.7840580053392273,-1.3015037015932616,1.1216823225170394,1.6203293338999436,1.220579141007671,-0.0783166307238172,-0.11676600746592115,2.6523048852346753,,,
2011-12-20,0.40569801895045127,-0.4006586048436215,0.6612650207804286,0.9582385907966372,1.3675658231731076,1.0167485755494996,-0.7032449946053653,0.29829142341209186,-0.17147551890975554,-0.12265343344038683,1.0312189949990653,1.1218529649064297,-0.14147813202523904,-0.1833141728068514,1.258431112531577,2.592166687929252,,,
2011-12-21,-0.1008507753514987,-0.439048206240254,0.10846611768139178,1.0255273931787832,1.302048747590197,2.30837769679888,-0.08223518041976229,-0.017493839065661192,-1.032565934818557,0.006524553176166024,1.2863455118851326,0.7733642185806635,-0.6584758276175886,0.07704382186296355,-0.9618831621746252,1.943735549090431,,,
2011-12-22,0.23510969814924956,-0.39276196103702876,-0.09077999497646906,1.0934412463909648,1.1980541321153175,0.1163001797903316,0.3803822355990279,-0.26948132537810865,-1.5023935142669704,0.05940099997751059,0.6424303831509257,0.26521876849756126,-0.9508873955444187,0.17186137740951116,-1.146279483017687,1.7777291115439031,,,
2011-12-23,-0.18760662118450058,-0.32968931393977474,0.2511715303948677,1.1412927679498093,1.0381466690993932,-2.10443919407653,-0.5447932661953381,0.6251405706437577,-1.568102188387611,-0.1952572316100767,-0.09733893532835172,0.6830222559890087,-1.9239161486145357,-0.25777677286063794,-1.2225015814462232,1.8492040394958837,,,
2011-12-24,-1.0653600932706975,-0.25321299957643645,-0.5529197550052599,1.176647682096465,0.8648772448966199,-1.0507831535111856,0.8991005324483725,-1.1923284675874726,-1.050901772014566,-0.6393338590077019,0.5036144299705858,0.7521089178925406,-2.115839575227689,0.26947781250907876,1.0282033980729672,1.8545139196974818,,,
2011-12-25,1.6858141761186687,-0.1043551233674611,-0.42574852615848335,1.2866607446246436,0.6799556012546176,0.5791689405812304,-0.03780220730747361,1.2636413379149964,-0.6453706011711442,-0.5969839444077137,1.684226116346532,0.957803605940309,0.06943794346991085,-0.4373200374756756,-0.6146920503105425,1.3436267312985464,,,
2011-12-26,-0.5665798961861227,0.02329063385702763,-0.09261927072930638,1.3095871775565415,0.5317522557289819,1.3961120366246738,-1.17369182089334,-0.9660716018039276,-0.6153455909405748,-0.5956572610821469,1.338742593570915,0.3208767168387269,-0.9495539440295578,-0.9727171883963839,-0.9287779036448569,0.9494704032776751,,,
2011-12-27,-1.5820184451584698,0.11085040973548296,0.6419009064753729,1.2848667419866227,0.35936243023988984,0.6016201929138002,0.421766002171393,0.7723228411758407,-0.5860502142805647,0.3553349598047424,0.12840928948636818,0.2089256914827212,-1.7754200926196237,-0.10843914096699857,-0.7204701080361895,0.47106342302262677,,,
2011-12-28,1.0111281783176331,0.09862555228752735,1.4446685552701841,1.2727895360664043,0.19652016492363067,-0.6367437969703763,0.6828637661831545,-0.5358513079650121,-0.28883597559671326,0.17545753303933587,0.23587266400925294,-0.2398634370112781,-0.9116379888360988,-0.8192582615588302,-0.3678462117124591,0.2788494210948215,,,
2011-12-29,0.3525947162044585,0.025610157021067472,0.36008001756813,1.085837694693367,0.04672771412099291,-0.9253063575602888,0.3663743381580076,0.026361862521510696,0.24510604046627646,0.6148592524118528,-0.13052804327380219,-0.39880793763100975,-0.21895142806978451,-0.24900839779877518,1.4189993275379895,0.3501835292324228,,,
2011-12-30,0.00988490688961225,-0.08274251522532017,0.01844876503766668,0.8611272019220343,-0.08265223620623656,-0.5964013100419979,-0.9595771109934476,0.7215075346205126,0.06804125761579369,0.6402017873132129,0.033503654568187276,-0.6857713934118042,-0.06170380684537056,1.665779814523317,0.8275014208297801,0.15638884938415526,,,
2011-12-31,-1.715813571538733,-0.13180697198182553,0.14167353043187225,0.5606519222221604,-0.2259270970259596,0.8598472747713162,-0.8629948673809787,-1.1406122627279833,0.035230061600986795,0.18131099264941708,0.3229023105820953,-0.9217544930573978,0.27026421805726314,1.5704038287685165,1.025030426085416,-0.27590032388104563,,,
2012-01-01,1.92378185000998,-0.09085096338537844,-0.09806681415364968,0.25664110841572707,-0.4214020461136526,1.0610864414238408,0.30779975822021094,0.9079709276044154,-0.226438850478754,-0.15687452905905297,0.10674817254749917,-0.648463243023582,0.3725035007714693,0.39397245594419156,-0.3805193499424851,-0.23510389326699357,,,
2012-01-02,-0.2586073777722955,0.039145298520603555,-0.406469965306836,0.0473015028502966,-0.5637935270023653,-0.31733041222462577,0.6327769086614841,-0.17735565730902142,-0.6296946955077212,-0.2267056597940897,0.06379136053122857,-0.6529678125937362,-0.4533332361810433,-0.5969676964512757,-0.38777215721684577,-0.49649937001543837,,,
2012-01-03,-0.02580017046756478,0.17400534196178516,-1.8922027116317544,-0.17526045737345614,-0.6891938343334771,-0.9402576629642948,1.2019904669193426,-1.3579722137632662,0.32574487599121715,-0.9270108022332695,0.21980009225566086,0.1777059768865846,-0.5287037035882984,0.6195314797747054,-0.10924320910556734,-0.4111694563864441,,,
2012-01-04,-1.2468656838732965,0.6106513809251265,-1.4836191101338811,-0.36628332461164914,-0.8080536379043682,-0.33979277458471036,-0.9604621392185378,1.9483618868684456,1.356301001838912,-1.4075246445711995,1.4037958689521202,-0.06776877159017468,-0.8345957482953115,0.19184403415528786,1.6893231413421994,-0.033705325747914176,,,
2012-01-05,1.6047194303951349,0.9874045939525311,0.6284778677650487,-0.4645303041647875,-0.9043124765511757,0.3784919818443158,-1.242734085364679,-1.583202476895883,0.8838658049842841,-1.4037103708098824,0.5634891154722682,-1.2633249191727742,-0.26955616262973603,-0.8435494995498071,0.4203436385040692,0.2519421933841682,,,
2012-01-06,-0.39023953927619076,1.2380861012843936,0.2636029989827408,-0.6390808542863615,-0.9940951112550371,0.5242163280459482,0.6214760536302415,0.9912747561687346,0.4440459621873658,-1.839958124798349,-1.0753997826172745,-0.7134865599401765,-0.352917345979278,-1.4227935018333768,0.3388373924084268,0.13045390845128535,,,
2012-01-07,-0.44132604933594344,1.2795133358955002,0.31889852932020174,-0.8015814937576595,-1.058935302995827,0.010103463803227965,0.5551910993317152,-0.2166902343250544,0.3352061891887675,-0.1917103706698156,0.43199857739073244,0.9766528314096454,0.03852406131385843,-0.048987389653460216,0.8426373901533266,0.38184295393317985,,,
2012-01-08,0.12976247704329466,1.0637810576548854,0.5608903718276607,-0.9044026613010694,-1.0462275592978312,-0.4254141324778754,0.43072125663472255,-0.5158138194806259,-0.09146513022348113,-0.1420779355539747,0.8353958846382227,0.9371785494775058,0.6564570383285202,0.807924753633967,-0.20189522935223167,0.42095082886056734,,,
2012-01-09,-0.09009534925071293,0.6512183790957891,-0.3096112454516768,-1.0208830574721477,-1.0387926665801852,-0.41648518147102126,-0.4125817394260231,0.8282512317055847,0.2257291175669241,0.08069995521130845,0.6030582116798172,0.37591358943735714,1.237431302031631,-0.33989615978997617,-0.7109199228779153,0.3693355983637296,,,
2012-01-10,0.5653902348518178,0.10704356472533288,-0.014852253726905655,-1.0905322366820034,-0.9639194195997965,0.20675223451544575,-1.2086406571243917,-1.0111144102818843,0.4322168221031238,0.906768972005216,0.30532400507312785,0.45076790619521734,-0.9701871788736792,-0.4752888452448139,-0.7524161625516738,0.2568278928202348,,,
2012-01-11,-0.7510600480988717,-0.5132668173558057,1.685500827149652,-1.1762017634088253,-0.8874686731415454,0.6898506652676363,1.2668728676739862,1.2713503757373288,0.4730005271066667,1.1964035332265837,-0.6212094608975259,0.0966275997103479,-0.6096038249168343,-0.7784651702583228,-0.6330334143837724,0.10891383796938298,,,
2012-01-12,-0.3613723592499181,-1.1240458747273079,1.278847839738546,-1.253201489635303,-0.8442020104069115,0.16626481250798825,0.1698332541759082,-1.680737831453309,0.4668397032668759,1.5105154143975672,0.36201487251151543,0.2978110513329884,1.1613448862733873,0.6051234465198493,0.0785773505788587,0.05035547479532813,,,
2012-01-13,1.0079351700487378,-1.6678278171712506,-0.22035684343880071,-1.3111648923886685,-0.7210797183352988,-0.7298835434643487,-0.17523336394051758,2.2506413458187167,-0.0847826871963381,0.7798716221589687,0.5120500511106081,-0.0017185958674839354,0.09966455848540945,0.10913996663562694,-0.6139158836529486,-0.07556340747828576,,,
2012-01-14,-0.49417720941484744,-1.9366911959606723,-0.9306896338450975,-1.3410155586604402,-0.5950611584648019,-0.8610185890890759,1.8746613868180588,-2.668924802435063,-0.5692712360624239,0.08637107745733824,0.7983848418911939,0.03886311808352643,-1.6521237292447184,-0.14619410334397864,-0.473998410765114,-0.036160216378665296,,,
2012-01-15,-0.9123771487727735,-1.8460477659513088,-1.1791244699143588,-1.3282620601511577,-0.4677259326393911,0.27494740378278726,-1.6827585063328891,2.5116473072772814,-1.061936588647466,-1.020519009433073,1.1611309118799764,0.14823151822938052,-2.147482915364105,-0.49462157413239005,1.2048246061039898,0.09385488301479643,,,
2012-01-16,1.0563013103322585,-1.4283139933742157,-1.2150769997913242,-0.5958812872031866,-0.44594510146404936,1.3937931740137428,-0.7603675789361785,-1.5518269067331527,-0.747864495387324,-1.3511544906510782,1.3039986811604476,0.3662362167226593,-2.426145270826204,-1.3828701708395807,-0.4357832756150577,0.05018047236810394,,,
2012-01-17,0.04629619950388173,-0.8008091836548349,0.7127786788708053,-0.5628989616474968,-0.3666034724709801,1.069317999513004,2.020064750208283,0.40478023084421016,-0.8142080778479557,-0.7742695974721251,1.1926440162479073,0.16254051006832676,-2.469844252056255,-1.5425404220251,-0.5510484640191852,-0.18917941728783794,,,
2012-01-18,-0.01964566110865299,-0.0929545073372908,1.1698380587815245,-0.3869335475400181,-0.3122268674594101,-1.2527558099585296,0.007511085428387193,0.19972617471629273,-0.9746945157043098,-0.02875056517115719,0.48879585728631,-0.38625422415837907,-0.011111063237936307,0.18526823371904555,0.8347328714688765,-0.16177054355727302,,,
2012-01-19,-1.17501732084444,0.5037913685414966,0.8526516166746556,-0.339924914172272,-0.20239398715977902,-1.2991596642345482,0.4969953279636791,-0.35657822528954813,-0.33581683958012404,0.02299819016820693,-0.44558041479831856,0.15039897426997711,0.09287765099844902,0.2800814742580725,1.6633315628336007,-0.11391589210715956,,,
2012-01-20,1.6060756268769147,0.9220060847444893,0.44680218715410197,-0.44204074735692306,-0.020745804400533942,-0.6401895665490717,-0.617580022896276,0.09109086707783036,0.2682838413589353,-0.1230739624657427,0.27783880547877887,-0.24516825225582173,1.3877249343633231,0.2713066981922331,0.7191861438499866,-0.1182986039355838,,,
2012-01-21,-0.7979926245516037,1.165643077499813,-0.44633093154540393,-0.4565474650631366,0.2385817933121213,0.37779947160922234,-1.62305434450734,0.38427756761647874,-0.025460231512766933,-0.08878489353414404,0.03971630041069672,-0.8138578852408179,0.8924543053853254,-0.8437429341449425,0.8057841428059593,0.034270101898880356,,,
2012-01-22,-0.04365251142963558,1.314052913615702,0.16122973667888635,-0.43725390610901493,0.38418063257509055,0.6756963660128192,0.47130769417399565,-0.7536582039032695,-0.29168692217712544,-0.03629728758087008,-0.6993561927375527,-0.2052320882932065,0.01636757115870006,-0.4407067271815845,0.028580230029980534,0.18133547301421268,,,
2012-01-23,0.8073485642800359,1.3729108084347887,0.42617112626828,-0.4731919758211707,0.5528742850779143,0.3695647180256355,1.6868424585424662,0.8252605336987626,-0.30481400986862217,-0.14348424501516646,-0.2591370870727743,-0.19677661872402857,-0.44150294943910495,-0.541631509107606,-0.14704186150623225,0.3108547638491449,,,
2012-01-24,-1.0952315193562299,1.3769304612153423,-0.2599688234251541,-0.4494132923855033,0.6801022052190391,0.040761479335422464,-0.47891695754849173,-0.6207646778101434,-0.37638358885478285,-0.2417755720325373,-0.08373638886845987,0.29915936597185655,0.5846233521638723,-0.24478465045163192,-0.21834927460848316,0.35180722081129395,,,
2012-01-25,0.5868627686421951,1.0126684607626777,-0.7936911482744285,-0.4276567912295204,0.7847026842328926,-0.4208376993567144,-1.096807156847524,0.4953351119153107,-0.3757175121770102,-0.10383972955600043,0.5042166899657838,0.8254636392081163,0.8232540637396868,-0.5099480648086172,1.4971037945564383,0.5136552229353637,,,
2012-01-26,1.410116455554947,0.5857113170081218,-0.7597500253564071,-0.3936633642491967,0.8729773466840368,-0.2317632034000492,1.5042509617969488,-0.6199351254798343,-0.2025266371097054,0.2870778292176931,1.0385695852879477,1.4172351088075912,-0.32352658828628295,-0.35935136534450834,0.9079584827849968,0.9250862828257576,,,
2012-01-27,-1.665059263989025,0.09602163294835149,-0.7746086080013517,-0.49402501171542734,0.9336687223713348,0.13086045996025433,-1.0756335871682356,1.0058725643343642,-0.1820431192771182,0.5269198533505416,0.018711714014713318,1.2241543986692667,-0.2302154477207774,-0.9558423786008055,0.37591118378275057,1.019376447974824,,,
2012-01-28,0.4337095599049107,-0.22276994499735117,-0.4267493967850277,-0.46388254930302836,0.9868471033839605,0.001012677160874276,-0.5285305758683616,-1.4472368041331884,-0.3446087065071234,0.316026210193449,0.7954344119829054,1.0316560620153021,-0.5636587581691173,-0.5071727070135932,0.8915218997913882,1.055329149193261,,,
2012-01-29,2.217153254092625,-0.3289916202477562,0.229262654297792,-0.43080201879591784,1.0622445581699158,-0.49825368333354236,0.8953140464566125,1.3359677515370671,-0.42297598955064863,0.033018098061140165,1.1476304512337838,0.2614451970995332,-1.060373994853819,-0.3839702617184482,0.9938193134411826,1.3188262815003624,,,
2012-01-30,-1.4940910369434683,-0.31514231842593454,0.3116266167103383,-0.38124428582371345,1.0385978213164848,-0.05853276654725894,-0.5696043110153062,-0.6017024611884637,-0.2580528230774187,-1.0598593027078675,0.19901292134501986,-0.18658562174489382,0.7728253090569397,-0.09662856393961619,0.8068852267464998,1.648836577271297,,,
2012-01-31,0.9094199699887884,-0.2119697155023239,-0.2011643973146784,-0.2784288051794745,1.0621162002747038,1.1878554918785527,1.4806016620242257,-0.25599260727271456,-0.2709478709580656,-1.0884735901439297,0.8969701684042931,0.13115455801033218,-0.5499888131928334,-1.3210776244901647,0.8062600600131927,1.696110007806081,,,
2012-02-01,-1.2989640509020632,-0.16385737883902673,0.928142382504348,-0.20813106426850192,0.9905960513851121,0.5873134757741393,0.4677914487746072,0.808961836253451,-0.48721652941070176,-0.5071583927214507,0.4049717249047716,-0.02298973117431116,-1.6452855435970484,-0.3168701978564167,0.6180103622173356,1.5236127823622938,,,
2012-02-02,1.0436471798934805,-0.1139876616366636,2.080818432846032,0.011427136885440753,0.9479892947495527,-0.886115077186285,-2.1064884436944338,-0.9240913933773364,-1.0013973978644417,-0.2584218698861236,-0.29813353844889334,-0.5020723641228894,-0.672995988520644,-0.6851561406868507,0.81580884922612,1.35152574421199,,,
2012-02-03,0.29800188543945394,-0.22682677145286312,-0.537735207700445,0.12079124680163061,0.8864971411469985,-0.8781055766347298,-0.5916172232958576,0.4905395386242979,-0.8523344949218402,0.04336951728258111,0.5171695213448658,0.1540513708523119,-1.226882136732675,-0.9715604494048844,-0.1376538816378328,1.0769323571818368,,,
2012-02-04,-0.4164891704007673,-0.5649870668023006,0.22582632120943433,0.2145367887684671,0.816904307346367,0.47005772073062324,1.137509666616275,0.21229975502720694,-1.0264688113142493,0.3918766779913072,1.376189133992252,0.4477196236405882,-2.50357900111281,-0.9179527770084043,-0.2759047857396546,0.9266703163880212,,,
2012-02-05,-0.8018962937239301,-0.9815791029535081,1.3108501958811907,0.3073622356314275,0.7433326131885208,-0.34583493171231733,0.996253586661357,-0.5492369470349653,-1.1660941861920355,1.203432932412382,0.5670230210954803,0.6296970344463827,-2.1264577514138328,-1.6076683904605786,-0.22481533889890506,0.7642436409290494,,,
2012-02-06,0.31335884060185065,-1.121605847675812,0.6456239332713931,0.32850665486990915,0.6516245538434052,-0.8900293397461789,-0.3616603837209889,0.24123538194441485,-0.8753751597438812,0.7053574179874601,0.4263576145127231,0.947919422922005,-1.0333893161515315,-1.4548130993253297,1.4147271186611894,0.9562308089229014,,,
2012-02-07,1.5372154878964996,-1.2027121767780624,0.3922195087881725,0.4193801098968091,0.5739252080365992,0.7418587717824114,-0.2195684922255233,0.7023763066027899,-0.6795800143966244,0.28101249655422766,1.3123872003602348,0.7666354960093338,-1.4424507730207246,-0.4768368972262457,3.072102955689473,1.3747842793956233,,,
2012-02-08,-1.3928325726125041,-1.3143572855928085,-0.9667732756306836,0.4959692924429158,0.4555901285629698,1.3983068514297337,-0.3931958043930658,-1.6598567724015052,-0.5976352230800367,-0.5783112449979091,0.9548858314451225,0.7944819030891328,-1.7261803930683857,1.1536646645531037,0.37796221065822366,1.2472627073474782,,,
2012-02-09,-0.17921479627765108,-1.3704953593696907,-1.1748567928892586,0.603312640608501,0.3034455509966111,-0.15422470159183088,-1.523319767497054,2.0124800397701414,0.12273645367261651,-0.572220760641364,0.7884686684103588,0.6376036610083727,-1.057369943630818,1.7272695413318078,0.9117379290009884,1.2942592846613608,,,
2012-02-10,1.3521175650787949,-1.3382030372775418,-0.10728075369638167,0.6861978428314364,0.1531539808530983,-1.448457471948612,1.5135612768683067,-1.7824190946208847,0.3629800117623821,0.4054563179730132,1.899713220271149,0.3554036620115799,-1.1603250031134658,0.4543815842728471,-0.6148628472104102,1.166994121254378,,,
2012-02-11,-0.9727329207421304,-0.8299135827057309,0.13354383900421168,0.7254988496646269,-0.05391671127717882,-0.738682760763262,2.077155127473524,0.8141249303908482,-0.0017785866566714947,1.4111089240813433,-0.13030267849425523,0.6200288855792723,-0.7933120166365286,0.8660133775654489,-0.24037811307416493,1.0537731743522796,,,
2012-02-12,0.13554571158930004,0.191758520247571,0.25501601763220927,0.789632990262669,-0.24794136064836464,0.869575768862938,-2.1757230939432124,0.6401431354073639,0.3465653832395774,-0.7164059241642873,-0.3957927494934011,0.8248086700845794,0.721942492643651,0.34826362540192496,-0.5449226743461638,0.8852330242341578,,,
2012-02-13,-0.09873334988510607,0.9554492254792272,0.4078065108211168,0.8458375760314837,-0.33040512109541487,1.0136513869566937,-0.809997482031863,-1.473451382848114,1.230947791449087,-0.8636678108949928,0.555894376957112,0.6480474598835294,1.2856838010782308,-0.5722754907656978,0.43855335675081264,0.8656528611209415,,,
2012-02-14,0.5608790890810551,1.3753632050601885,-0.34374445736824355,0.9076928285077963,-0.49870990988494807,-0.38141851128247684,0.8542737862270493,1.5185468741708903,1.0647998167066666,-0.04523286319345783,0.11229161803671843,-0.051991048394285415,1.1429291389647338,-0.6948889901359536,0.6162377027930942,0.8659040097878622,,,
2012-02-15,-0.5605338033290783,1.614673611794593,-0.47174390814943323,0.9639426480752812,-0.6366860366588358,-0.35958440717602136,0.09668040300284607,-0.6746005143510502,0.5966264401058907,-0.00469621052217744,-0.8673341847118221,0.009243989427441453,1.5102240443817363,-0.055045945204582725,-0.6079200388573734,0.7154761526506225,,,
2012-02-16,0.004718398474956636,1.6589323149052113,-1.0062422489867087,1.0085072756743996,-0.7381134472505586,0.34207832185538467,-0.6202183675872436,-0.3779978805509788,0.45493195456505736,-0.8009036118941172,-0.4296516793584541,0.292853024999441,1.354878054899461,-0.47782253239442607,0.3762361515773678,0.8117922193672741,,,
2012-02-17,1.5948940229428104,1.5077699950582706,-0.4711288092803174,2.108192166051056,-0.07163225568179192,0.14139777151472463,0.6810970057234738,0.6537364071812238,0.4916038786737674,0.2843428508553029,-0.7399780551651441,0.5187132780983658,1.367046968265023,-0.5906360364793722,-0.4976243731208596,0.7597302747035284,,,
2012-02-18,-1.974129544752114,1.1129952262186888,0.9318715232334835,2.219065613764889,-0.16055141231099163,-0.12618566017988264,0.5291394223161254,-0.8801477151659203,0.32333864782065075,1.1802821391204563,-0.5729828980767973,0.260425812332601,0.7642632996774269,-0.603808368478023,-0.31613515302107104,0.7214894114890261,,,
2012-02-19,0.6655162931815538,0.20187634904270876,1.2266851354098443,2.107315228796899,-0.2573245808903571,-0.2877222356451227,-0.9938704037583097,0.8875731119375565,0.3641646247696073,1.429464105661454,-0.21317479460497946,0.8759570633981615,-0.7829374777663886,-0.188842332048047,-0.05532984973437676,0.5040695806983059,,,
2012-02-20,0.5504557918168499,-0.49998093785051223,0.4803066710604994,2.0695157989783564,-0.32601748065556163,0.03757267197052737,-1.2754283969207088,-0.7342899406403585,0.4734403420170666,0.6323616573609144,0.042431568482665834,1.0481794908742912,0.060372012719355196,0.04522084132273473,-0.8115111502043949,-0.1467490649219318,,,
2012-02-21,-0.07990618605524744,-1.071913679269835,0.2757011139897272,2.1847901500076987,-0.42447179058415085,-0.26181105251786435,1.0965428012883975,0.5455504272808793,1.3804576383441263,-0.5832314551478437,0.4120786384093489,0.9967482164832295,-1.048570384245123,0.01731133645040668,-0.5086845262893341,-0.24041553692677453,,,
2012-02-22,-0.6547183974802496,-1.2179829210868651,0.7592828739796499,2.009134987907495,-0.5402384366645594,-0.75918962905258,0.7441708987019224,-0.42192143038232277,1.5665665980016314,-0.5254996394281091,0.3248995459968446,-0.09844489420085116,-1.0051442330288587,0.11554817388339217,-0.9304341087913273,-0.5171959112154549,,,
2012-02-23,0.5745941803856597,-1.1020956609510002,0.8164427297790062,1.7957620762206878,-0.6176342682316017,0.2511986248200143,-0.7095861444075315,0.47067202679162967,0.7901089493966909,-0.20233336459710305,-0.5309876596426535,-0.8601559214379394,0.3738126385364549,0.5232093604327538,-0.7261198679244447,-0.5642616692889544,,,
2012-02-24,0.39446041446299385,-0.8261688748976672,-0.3271603763584109,1.5506149769520037,-0.6922339579589107,1.6482739732530636,0.3576084110717881,-0.6425860944016141,-0.2879456868252246,0.005266981928048553,-0.18795624558059146,-0.23362773494843941,1.0120271311336884,-0.3869385700683757,-1.1057857107012348,-0.7538736102528775,,,
2012-02-25,-1.3367982384157029,-0.32582532671246367,-0.7269112961613297,1.2588248035953986,-0.7651210481736881,0.594626945556353,0.8546585367916643,0.9051640373759723,-0.9224297180108826,-0.19543036638578778,-0.45216928495423847,-0.3439894102655065,-1.0120148845983419,-1.0503441793499522,-0.7425240753117063,-0.8107404743578764,,,
2012-02-26,0.9152087977855323,0.3395788709330143,0.10993735628066631,0.9281214874075827,-0.830367159116077,-1.7490830255723402,-0.6760042077221093,-1.0162588784671565,-0.6590772639459291,-0.5685254584667987,-0.08456930096426693,0.3040094275203596,-0.6594551937636749,-1.021040052913478,-0.48771814942541486,-0.8857400319578576,,,
2012-02-27,0.2983910006963049,1.0025488140762742,-0.029231316099296606,0.46763602546267,-0.8341877903868995,-1.1088891226549378,-0.5914024271775782,0.9554789915962444,-1.005404570366992,-0.6654922173659759,0.8163338831483946,0.020338288536575686,-0.2714499113600602,-0.9558414871363091,-1.0529488987944673,-1.0501447247261078,,,
2012-02-28,-1.1103662891109967,1.4664994460073557,-0.39435605854353023,0.1969005023785619,-0.7968874281258423,0.07156042751914478,-0.6775274449502844,-0.7401518640292771,-1.4733197569537337,-0.49051924422508025,-0.003113023722728507,-0.8242895735072093,0.29185593855029796,0.037427902927448756,-0.6491059014255571,-1.1133742824261599,,,
2012-02-29,1.017609954296933,1.4329513794064277,-1.0647999456006778,-0.28926683895598604,-0.7807793033485267,0.9567343453675767,-0.9762805139180484,0.8321937370015671,-1.239963945183719,-0.236564608650829,-0.6188622701672687,-0.48101354728532,-0.8559426968007863,-2.3311735780423355,-0.6372829186724299,-1.197287490874308,,,
2012-03-01,0.6233810130910212,1.1926737848849334,-1.2520590288350764,-0.8251866125142651,-0.7446104553046836,1.1457258811781061,2.5810067774021377,-0.3559912247215944,-0.6816828284646224,-0.41294962204921093,0.21232158173663326,-0.15248362897360304,-0.48986017733295323,-1.531872701238357,0.4588209237314867,-1.0101994763412354,,,
2012-03-02,-0.3769813218799982,0.5818262364554219,0.8115981421753719,-1.1541254298893326,-0.5642805649876875,1.091703809691,1.8463044673574136,0.5968143156354644,-0.6255101399890671,0.07424065906499216,-0.6641830729333065,-0.9133667963975468,-0.6195571957403617,-0.9268075142837962,-0.1278811638465951,-0.9322920695987961,,,
2012-03-03,-0.5327897498679254,-0.08973282104038552,0.7084577786020501,-1.6232485387733524,-0.4562837738097984,-0.30501427838991085,-1.8191584804221712,-0.681773022228062,-1.1769270853362517,1.4100903119149661,-1.1719262462935178,-0.9519599639415767,-0.10754130257550311,-0.7698366017860121,-0.7064344590878268,-0.9446925774553991,,,
2012-03-04,0.2862755260253629,-0.5539311684381851,0.4666573117357645,-2.1503946665854072,-0.3392533953455926,-2.023190160211053,-1.6399940963377266,0.6406316647173531,-1.655448735217943,1.418608408823872,-0.9775641887412754,0.3722024625325191,-0.7612011421556121,0.39225509032134065,0.9975094085827194,-0.7132701943644708,,,
2012-03-05,1.0283820446033192,-0.6758914714182516,1.0012881185153002,-2.36963457829948,-0.23012618883975913,-1.8031961286367781,-0.8186614596978226,-0.48193869691665253,-1.4734894760386423,0.23302877520761392,-0.023364703162815765,0.2942236574739403,-1.5123187316567281,1.533160716190838,0.08283230823784611,-0.6448957736659806,,,
2012-03-06,-1.3940449972435405,-0.5275872112659831,-1.010290767701977,-2.4820174066814737,-0.09605127399779612,1.1007033774412693,1.01234046236597,0.18234306662240135,-0.9843862281269933,0.11087316864398564,0.879426494830127,0.5329810212666408,-1.2694386709483167,0.4177601397975552,0.4672241650737854,-0.48440930816989314,,,
2012-03-07,0.8125487586481919,-0.2446598740510016,-1.0364358187100513,-2.4149489084872937,-0.045250089321671176,1.7932303733712496,1.4313407049233802,0.15556626620374925,-0.9078878300165066,0.08378052472226268,0.5455902789310467,0.2998085508706459,-0.451102660440932,-0.18231360955508125,0.6309621633672876,-0.3219030005416671,,,
2012-03-08,-0.17466323191893984,0.1711009340402863,-0.3940912298261689,-2.386976651245361,0.035849888120218984,0.4684380340736068,1.2682424999844468,-0.3900057938596864,-1.4511369539587449,0.068063668624964,0.6421513382678884,-0.3981027541952132,-0.680182174186336,-0.572399765202344,-0.9832090387408156,-0.3426982271910443,,,
2012-03-09,0.8365823263553515,0.591967216308012,-1.3024547747374746,-2.358521933711464,0.202248470052579,-0.692006902032299,-0.4128947307409026,0.567375033727296,-1.7064366125733073,0.10890778335061434,-0.8946293901990785,-0.852830009101989,-1.0721704002057304,-0.797088074507136,-0.3408185159737469,-0.3027397344705772,,,
2012-03-10,-0.8097591486795386,0.7654390346959301,0.7913621266572616,-2.3020647315519778,0.2920385612319365,-0.9427541197252929,-2.434633810035554,-0.7350964879688996,-1.2311209049644223,-0.6714014079590302,-0.7164121529742462,-0.9228623893033487,-0.6939004579948306,-0.6910336414379088,0.6909819140038749,-0.1271269238356598,,,
2012-03-11,-0.2204590102690972,0.6310551797512528,1.2430629595223088,-2.2333270182171607,0.38541767969885116,-0.8304605151030191,-1.0469538614408525,0.8281138048239823,-0.17699185698765374,-0.7797110840738382,-0.8624115222894065,-1.4155920211655222,0.6141145514813711,-0.4283037593038548,2.2948288124638703,0.2726360888374997,,,
2012-03-12,0.5539382009518492,0.3230822802794643,0.45932796295199513,-2.1376770509987058,0.385366964369891,0.5612897056696969,1.6858454486023164,-0.8590271442528863,-0.42941401800382256,-0.8544469043386694,-1.045696943819615,-1.2849708503690038,0.7998002943273327,0.5316712159592503,1.5345864732370924,0.5089232812278969,,,
2012-03-13,0.5754725689264447,-0.14343085022587723,1.4449700023037533,-1.9789987085759073,0.3709808145585417,1.0135509165945025,1.1034968495872974,0.9109137414763097,-0.7885410129051327,-0.7600316821432928,-1.51754125875635,-1.6242326985443163,0.3325908615457552,1.1095008731121974,0.6766907168746495,0.7602959531670117,,,
2012-03-14,-1.1651909122889068,-0.6294994419511545,0.024753422671419344,-1.887090793086136,0.490850658708983,-0.2232881533598788,-1.037584827602223,-0.8454772151546726,-0.9888366773316449,-0.7104517372175735,-1.179271873995082,-1.0797706074885742,0.8132936401989411,1.0808158614092984,0.3599943833074179,0.8016697726690527,,,
2012-03-15,0.8793255396376348,-0.9369511434093882,0.4834011456297026,-1.7328455465482433,0.6959649996674847,-1.0264325568700057,1.0402627276466099,0.6263990204954587,-0.6754600143493535,-0.6068247302894002,-0.3481485048886486,-2.013935636355818,-0.18402621335539285,0.8433383490812086,0.3637724985970736,0.9569122534391588,,,
2012-03-16,-0.20194836465502394,-0.7959184610003018,0.7277252415582198,-1.5585250852743207,0.7969709764365058,0.005598592286985952,0.06640579572959111,-0.4248490675337376,-0.8871694272291961,-0.636118855246348,-1.0060247528778965,-1.772786998829755,0.49816301832917764,0.15093212632202874,0.28063046894342303,1.133428419120857,,,
2012-03-17,-0.5513569255058929,-0.45820084681993434,-0.34745220202142374,-1.3148553576817696,0.4942411531911076,0.9155953361437428,-2.362443497364155,0.3859090034939939,-0.9889377611037402,-0.7586324735422736,-0.9535688563512877,-1.581535495859163,-1.1105710268074802,-0.4946098430023157,0.43423099338332266,1.0394138608977468,,,
2012-03-18,1.367877447250445,-0.15164711726792726,-0.09168808062548452,-0.9684944807532402,0.5025931306744136,0.640715485463742,0.9810458776246389,-0.486000832220658,-0.28063033486055733,-0.8300788167302348,-0.4779399694735144,-0.46110318179113147,-1.2747208155785372,0.10297561166200682,0.6410501732794572,1.0650578922943184,,,
2012-03-19,-1.3760753306884026,0.1653700692116486,-0.8461763007601999,-0.4965901542111729,0.4759877675188724,-0.16366110376775167,1.677754859830726,0.6880648445420208,0.13524886099614344,-0.8020705510030635,-0.8619189204844668,-0.3900753597983151,0.0794145165024063,0.5762237681712059,0.5023013932427598,0.9838850497254394,,,
2012-03-20,-0.073686734984208,0.4850199245999647,-1.8590069678367245,-0.06991900559425654,-1.1426224304567147,-0.8755394382176117,-0.9670247737807005,-0.8544103141030147,0.36986804551483016,0.12602851325817283,-0.25503828707203297,-0.3278014211841552,1.1538688130863322,-0.327535743007213,0.513628526118598,0.959439024901812,,,
2012-03-21,1.5946734083203453,0.8182300673071725,-0.5348943403762013,0.13069154012771433,-1.3141804048516075,-1.4109221032933692,0.04683080431661354,0.9512693253926955,0.38038314382622873,0.21997558854833044,0.33332240404766234,0.1225126135871463,0.7105609982314044,-0.859042867805607,0.7401857391092059,1.1611546938087218,,,
2012-03-22,-1.3313255820420173,1.7603770545501571,-0.4732166563194559,0.2804915800891668,-1.4337848007254197,-0.1754519923134299,-0.3723112721183447,-0.816491482951186,-0.31161964770484585,-0.2695251151316761,-1.0173326012260089,0.6055262264851049,0.9836076330178357,0.949665165828537,1.0432804301889231,1.3180513920883588,,,
2012-03-23,0.9666663550820309,0.9958520690323637,-0.42822796744798297,0.32431470284437697,-1.4104559809817703,1.531545969369684,-0.4679245119419926,0.4016283162207667,-0.26139207409681103,-0.5994100160108283,-0.8612618746377575,0.01947283153279969,-0.9107250850220916,1.0821589431054515,0.7431792013389757,1.275291608591457,,,
2012-03-24,-1.4469074532983852,0.272482205150222,0.17904954267248713,0.4064587202981715,-1.4791252460404563,1.062821415332331,0.8731967976356906,0.21275121868127891,0.5043800281527745,-0.4468327903315017,-0.1034789536440559,-0.24680590386935675,-0.5210966458157371,0.5511645559637952,0.25743501535176466,0.9632413761280745,,,
2012-03-25,1.2256103153661493,-0.227279422212404,-0.40043162690709105,0.4793004050018609,-1.5527136150082363,-0.99872435596803,0.44245796282171623,-0.43572342919491797,0.7961069616318466,0.3450886893597093,-0.1667056041391404,0.3420482679372646,0.24832524624731175,-0.555199445333381,0.3753413300751484,0.8662637677028167,,,
2012-03-26,-0.11699972074132868,-0.5565331084050479,-0.7611245883972644,0.5202668976218916,-1.59597502843498,-1.6913491005237153,-0.35730183045241526,0.09695643460662734,0.5781400729449089,0.48116282609769884,-0.2735072798788378,0.42685630770170374,0.5670477487025655,0.3018228560735483,0.6467645146848655,0.8636582474182919,,,
2012-03-27,-0.5041770972742362,-0.8091442451507453,-0.6061330826670166,0.5507902230298571,-1.625551995312566,0.13711541824591428,-0.181162574337716,0.8543998570284278,0.894042465449154,-0.6641810071569831,-1.1129721174866887,0.16419751641015357,0.013198017114442635,1.7876520356212626,1.7253384635422289,0.9812083926804215,,,
2012-03-28,-0.2540459776660737,-1.1422829227304412,0.014671821522262722,0.5549122031809407,-1.6340407260016732,1.5363853390281776,0.5817918233655677,-2.2996831642856197,1.1635081060655605,-0.991659592287451,-0.5136988084641696,-0.012943224574523626,-1.0293431425934785,0.8385831067173641,1.7444993189915783,1.0377543070809823,,,
2012-03-29,0.5894689366417823,-1.5978977473585894,1.2661990279764743,0.5743817010123663,-1.6334647521991514,0.7819849545569143,-1.788390637917446,2.4956691256877117,0.29790897476753003,-0.31523774887217765,-0.7456845071465417,-0.5027698956057369,0.39160704538109375,0.4135392977200066,1.054921342933492,1.0864877121560876,,,
2012-03-30,-1.0792636443471098,-1.650769788771653,0.9698469050825852,0.7127305406966473,-1.6624774577758423,-0.8043382251029073,0.3782683113930092,-2.2709235990779417,-0.6964001003167121,0.7608620802312122,-1.0155132414066212,-0.3909352724388738,0.45599281427945393,0.5243718043086923,-0.5705634959247005,1.030405705979847,,,
2012-03-31,1.311215084143462,-1.260311126786602,1.8735745982647842,0.7250704489138443,-1.5635040149900223,-0.8817947550144873,3.024585239502204,2.137620309310244,-1.4681125327628206,1.2050357659250144,-0.8932099261674313,-0.5199967903973176,-0.5707121724983528,1.736283347154046,0.025007767444570485,1.0267606454946672,,,
2012-04-01,-0.7531746313021441,-1.0131829961583394,1.7496434501814604,0.7413539456037266,-1.4001798186855703,0.16994121769804635,-1.17740166955856,-1.986919997968012,-1.4667577694528777,1.137941184384646,-0.963167673289721,-0.5440442311879764,0.25381946022668017,1.5402524563001387,-0.15839194617430344,0.995308745400803,,,
2012-04-02,-1.6329499423678806,-0.8664969873679591,0.018000080994473536,0.7441191936891501,-1.1869916058004608,0.5402685403024614,-2.1460997116959235,0.7146607269543591,-1.3154397557851476,1.1298822066229839,0.18472944618597834,0.7946044842207477,-0.2838971600580793,0.9271586855623076,-0.20171260444773045,0.94549222284969,,,
2012-04-03,2.138531855864053,-0.6807405653645351,-1.1089953751488246,0.7373289206309811,-0.9267106762598473,-0.09016639309953692,1.0433968231448032,0.38602954873679524,-0.4745671898808661,0.6225695645399856,1.6850185993473386,0.9550040378063225,0.2327749731193681,1.5400119169145785,0.1352044337916811,0.9035546689339227,,,
2012-04-04,-0.08532618492476265,-0.36395389811545115,0.48818001716440856,0.6780088860249256,-0.623936036338573,-0.6480844262024028,1.173895573217385,-0.6968087326388892,-0.04745638723815861,1.0622743682453157,1.2186716559791575,1.416047853450204,1.297355323072509,0.2646875606863587,0.11481811919996054,0.7516847024912401,,,
2012-04-05,-1.363814031155407,0.19061798732245047,0.062020868697291516,0.5862878399536369,-0.21162090410011755,0.3334291719549415,-0.9834662247714873,0.7470450088780569,-0.058945565584281934,1.2888131707302668,1.9604680175271072,1.827192240806602,1.3550846368127007,-0.08923736541425466,0.9557118275318351,0.8011533735884698,,,
2012-04-06,-0.5653618463460227,0.9118987652513915,-2.350679667983756,0.4545369420010177,0.15069771434465382,1.231099119691887,0.4189352270150353,-0.5868960253372361,0.2934425192501392,1.2744032371387066,2.130469876349429,1.8083865096199894,0.4820375629123515,0.741095626721695,-0.11331481355418431,0.7658316724356594,,,
2012-04-07,1.843344496718264,1.5687872783356427,-2.2687793337979008,0.2846244700996208,0.5029149330200333,-0.1734266205226868,1.752821671566159,0.5739159019621551,0.45244145920917145,0.7799588295237279,2.0794779105099264,1.9398257833494599,0.8650352608335298,0.09014454375012994,1.1935663495406907,0.8737963354272088,,,
2012-04-08,-1.0326809356551847,1.8814553229451751,-0.715701257728734,0.15741400746642392,0.8403137993732449,-1.9442659483811855,-0.9615625099471693,-0.8012303067334602,1.0005214279098085,-0.8572383273525636,1.1161576011578993,1.5776781258565518,1.455163434998596,0.5607580519799826,2.094769752548426,1.0505419659734418,,,
2012-04-09,-0.8384469263551086,1.9234294991377232,0.7871904365495392,0.04051752834276874,1.2080616943098286,-0.7811016197783488,-0.9336412269464163,1.2569909854105417,1.8348603526756764,-1.0137287153568943,0.43221400490995715,0.9719711586248109,0.9646812429602365,0.5655864866268365,1.00682775158399,0.9349430668455331,,,
2012-04-10,-0.5632592281479996,1.9301033593739298,1.3000785427480182,-0.057358602495472345,1.5038495339493818,2.1316895512358234,0.2686433262360767,-1.7107673132927719,2.3563794986803073,-0.14534128611973587,0.20015993503003965,0.2674442715329016,1.0875837020756465,1.8811295484442245,0.9211045292194254,0.9167089406895814,,,
2012-04-11,2.345118372608906,1.6888959261802463,1.0527695468550342,-0.11757107153012308,1.794911817479559,1.5831839823291407,-0.1353638443387836,1.974322990088196,1.9416522036021935,0.5904844747117178,-1.118452427809887,-0.5484067447775851,0.43760501837960186,0.015243905777578195,-0.6104134868403747,0.7042266282321946,,,
2012-04-12,-1.874639636990961,1.1139634066457103,-0.8966618571594905,-0.1585446391245783,2.022515832732177,-1.2881312940747125,1.4319409945223627,-2.0027293699565187,1.4294037389945462,0.5585133794165765,-1.3943270070881761,0.15192623359406862,0.5190033642830415,-0.22656543808508997,0.34975353315724417,0.8080826215330498,,,
2012-04-13,0.14115012637068472,0.06047419543824659,-1.1291966345429103,-0.2304347602678139,2.2876939636733806,-1.7069483657702744,0.5344595627519195,1.895909368200631,1.3623364581977164,-0.7884555523420896,-1.0200202965656742,-0.09398405477387808,-1.1058302381231488,1.0749811239679168,1.585106504189166,1.001387740298727,,,
2012-04-14,0.4953619333912743,-0.5334497003682267,-0.5643069427745052,-0.3073671847149143,2.4155702359666744,0.688168702725795,-1.3967574603695352,-1.7418084793887862,1.0864773680340158,-1.1709221808791106,-1.4110178662477177,0.2651337232973328,-0.7851931910131066,0.5608584550893362,0.06758672382738112,0.9997306392388927,,,
2012-04-15,-0.5107097594215496,-0.5797849032640747,1.336920425619513,-0.306873558218829,2.3962243820963183,1.1264154313324257,0.44713262862577347,1.47195582635114,0.316755552423564,-1.1345065126504847,-1.3258389572473035,-1.0768514878839601,0.36478689489047716,1.3526314957888312,0.6468067229361705,1.09531826843692,,,
2012-04-16,0.5913742199138904,-0.4925048843170889,1.4941722293051691,-0.28779461762339026,2.310554806375358,-0.6686850228043633,0.8764980939944822,-0.8765795330998325,-0.8763774911361154,-0.926377093822399,-1.1828431886751951,-1.0658176855958692,1.9908630713061797,0.8914424584310675,-0.014666564391298466,1.0568251055950766,,,
2012-04-17,0.17729269425046715,-0.3584442718369339,0.8359965510193501,-0.26959986030246036,2.1812467006063105,-0.6340581346872485,-2.0753642991654964,0.04076121875821008,-1.7250604857640277,-0.6165223542719945,-1.2041703466557687,0.36505055616702375,0.6382609337300643,-1.4763571738828523,1.5730980758692241,1.2557657834333311,,,
2012-04-18,-0.8453154684511713,-0.24664573479499743,0.20846540776827524,-0.23430466107628173,2.26847121337837,0.7495984373655351,0.2704779617201931,0.6488289201301831,-1.150088088289676,0.013528387570922718,0.4490142193093589,1.4366532368204659,-0.1256260281313511,-1.5103079857886146,-0.40187278528543874,1.0531136887732528,,,
2012-04-19,0.017439848797941672,-0.2749949358753047,-1.1295210829427458,-0.20762184560236813,1.9939126596833496,0.5268557030780018,1.5104668130883891,-0.7969724509633738,-0.416799944065079,0.28706741671660096,2.2564349255220195,0.7908495121384004,-0.559368904554453,-0.10719245009571161,1.2193491220542325,1.2165818101766157,,,
2012-04-20,2.026604736937758,-0.49963501253968895,-0.7764760511670535,-0.17507662467320056,1.6850750923751494,-0.3697386681296589,-0.2908609306773557,0.7005405333058176,-0.099412414714663,0.8194103860484976,0.9123383244849742,0.8534577054311667,0.034356794124441516,-0.1196429487988489,0.09136840731805447,1.0840795498021976,,,
2012-04-21,-1.6740235077227734,-0.6014818250957198,0.35014840523001084,0.48126674898166555,1.44266071645803,-0.33264039279059715,0.40451061446746406,-0.32178255566686276,-0.03656189560982115,1.6950052691208872,0.24840743312363925,1.1138142080732656,0.1305560147014636,1.2814223062886012,0.03780464609877601,0.8216463730978627,,,
2012-04-22,0.017101531179121558,-0.6682186378545022,0.6192633698250779,0.525325724284681,1.216232130407292,-0.4850085984433554,0.04085863268002775,-0.4085568426082465,-0.08435621931393407,2.3950139250949265,0.19692557326407506,1.5244373158629505,0.09742728049306577,1.3872365915584564,0.368815464337451,0.7568845710767699,,,
2012-04-23,1.3345770076900572,-0.6319765387147585,-0.2208020956997154,0.5637624049770904,0.9872325012877584,0.10017045925159015,-1.13182604245818,0.9478065042521541,0.8904468523768003,0.8504707013840354,1.014797542339933,1.7962344478822603,0.5579921771363425,0.18568603896437264,0.6139128023135648,0.7528982189856229,,,
2012-04-24,-1.173623451134807,-0.6336507456703485,-0.045135609479818574,0.6124704879104648,0.6847469084635315,0.47114529017701917,-0.31775276981599426,-1.1088561121446097,1.724683933427939,-1.0485952543969068,1.1030117652794897,0.3332289529554502,0.17512167681121865,1.0022197644698307,-0.3557654201285327,0.919064120519652,,,
2012-04-25,0.484001225819551,-0.5779516713922832,0.38110956612106495,0.6347534515554317,0.45521577532116786,1.0301000216086065,0.49773735162987964,1.1219371018502462,1.39079428166436,-0.9166644429892431,-0.1100584859753511,-1.6730286311735105,-0.6987164374687234,0.20299267715781358,-0.38910798530328095,0.8665765014371398,,,
2012-04-26,-0.2117081258603991,-0.38919725765766594,1.2544238008682838,0.5944895640598094,0.18252059098151138,0.18059424967791443,1.2392010660266497,-0.9864842995206536,0.6046241441170829,0.02356182231932301,-0.5814560689018764,-1.736092716379437,0.04116259996472169,-0.9097109501529269,-0.8678797390198494,0.4028640039772422,,,
2012-04-27,0.7862004212494819,-0.05242981591889012,1.0016151662478445,0.516687660170492,-0.07238815217068255,-0.3592147774335441,-0.07321105695318161,0.5154796977341745,-1.8400292405716305,0.13898581288462797,-1.3577046203594185,-1.276254072670027,0.4938795158194708,-0.0038142137012241468,-0.5103266229157134,0.3124612789489421,,,
2012-04-28,-0.809520917994624,0.30314039478466764,-0.8627664655290921,0.4853677944848875,-0.3506302826010268,-0.8926442731327955,-0.3788851271874698,0.4440802635813287,-1.5337419868569013,0.744024009984562,-0.35660547763113876,0.046331464505242316,0.38102615482160035,0.2798468791311662,-0.14089589496999333,0.1548480093301478,,,
2012-04-29,0.08511595101090615,0.48475715278593284,-1.8494826903707784,0.419010414951865,-0.6805345276665807,-0.32596186655881987,0.30893823474600207,-1.051715941695182,-0.6037423015009427,1.1551452032035543,0.6277007092095853,0.6411784417260651,0.06911089965831728,-0.5258536295191446,0.052346838514615406,0.16058807431006314,,,
2012-04-30,0.9211983594814588,0.5153181418438401,-0.12562716607245328,0.35102434030626245,-0.9033392916958203,0.04208191116407273,0.023533661269167633,1.3400595872740464,0.05475498297788906,0.6315482800172865,1.164226148590518,0.22670077260624594,-0.10479906647921525,-0.9200855118957375,-0.22875587544475087,-0.10264564041089949,,,
2012-05-01,-1.4089382322300954,0.46503247040076434,0.8209675312681154,0.3147853752077349,-1.0230667729971847,0.46789490562789404,-0.9798608981410886,-1.2608287838957148,0.2516261312714726,0.24465859138621332,-0.4462766627605793,-0.6501074198379974,-0.3605446125430712,-0.8302115846626856,0.08306436542009835,-0.01796912665213255,,,
2012-05-02,0.6868430432500588,0.31635458053287346,-0.5269314503857836,0.243924379716812,-1.1687963277372475,0.5779558333082944,-1.463809340799682,0.6635667053509727,-0.06909619266824175,-0.06294001802485416,-0.12483074215996522,0.9069420860015349,-0.5380757419114343,0.015912618850989806,0.5850938468166923,-0.14997998099891013,,,
2012-05-03,0.4277900879028694,0.11818110228194141,-1.713152394955132,0.16053068721835942,-1.2363267849758943,0.3214945998374657,1.216193540810478,-0.08605206794656987,0.019408288312080232,-0.2792935886531133,0.8582944775028515,-0.08762092160673783,-0.3270893654964915,0.519898485305673,0.8952391343839835,-0.009823820817232402,,,
2012-05-04,-0.7665272286817603,0.008337706669691539,0.4695586711350935,0.08032775987083324,-1.2682140880678217,-0.2953792781410404,2.3056571493098073,-0.06110919922562121,0.1823546008100385,-0.926790452484107,-0.7528587312576703,-0.6547497344190284,-1.8256127406691638,1.2470814373845813,-0.16458342094626952,-0.068378970045721,,,
2012-05-05,-0.058487416221728636,-0.020654499939426592,1.0197747829291512,-0.02946910343752749,-1.3003871445483515,-0.6442296738642447,-0.17976516569801515,-0.3658394600526932,0.09360215416477911,-0.4273913088976196,-2.2364156389630954,0.016430100888998544,-0.3520280123086756,1.0393808873866035,-0.3812996369602124,-0.19655669357177594,,,
2012-05-06,0.6674392130993221,0.014869145773425033,0.5761047321427485,-0.10061279981870039,-1.27753473351462,-0.33102194116870415,-1.5429901428889339,1.1828380971857007,0.41544157705154966,-0.287987566110805,-0.09101783786754626,1.6706185274526122,0.7890371697219656,0.5424511907739074,0.495711424518783,-0.19522029822701772,,,
2012-05-07,-0.9014229547028694,0.06693427893698459,-1.2751295326316925,-0.18184145326620677,-1.248595068687117,-0.11996835241735854,-1.5863491599069626,-1.6736447352701087,0.6270332078409246,0.19990535834015347,1.4220746472211228,1.4851644010466325,0.20229244004002309,0.4713128576279221,0.3663169275535595,-0.09159629146540624,,,
2012-05-08,0.789443465698807,0.1238952397647263,-0.8312584649889986,-0.2435824537754451,-1.1977607833352366,0.003434266457713673,-0.9262914321536054,1.8206612045465405,0.9180486663270199,0.6566845874249836,1.5450586531549106,0.9064158298080788,0.06903936157991,1.2028141746654015,1.984053973523489,0.2645909239698966,,,
2012-05-09,-0.8589195327248929,0.14871774535001953,1.0487066859278351,-0.37241183035121306,-1.1396183784091867,0.6797480176351806,1.0057880406887605,-1.7395384353327557,1.1497152890306221,-0.07310685848326444,1.3122485308100114,1.1386631240026142,0.8793141063622221,2.191624464429926,-0.5647576225006818,0.3682423153233926,,,
2012-05-10,0.40311726061520153,0.10862634476718255,1.860054580589671,-0.4277800514347359,-1.0484203848397482,1.0931519442332995,1.3294203538717577,1.270553298174755,1.0093645434152227,-0.05568358465457843,-0.15573839206334042,-0.08552661006711705,0.3757208312552812,2.1358812551680217,-0.09905820879610484,0.39355782195733613,,,
2012-05-11,0.021247573653517555,0.059828533050776234,1.7755385373473265,-0.4835389279496427,-0.9473402980319794,0.44426835059444936,0.8089806832634409,-0.38574327142544745,0.7587122186533046,0.432343017862883,0.6016957493467859,0.31596609552585586,0.40867291640593817,1.376010513566281,0.04030460521018166,0.4291463315024177,,,
2012-05-12,-0.5163527317077938,0.06709793059145365,0.255876735846903,-0.533314058638089,-0.8551554304020605,-1.1039979507694087,-0.5768818643600426,0.04309092005854296,0.038767739715044276,0.1286209251174636,-0.1644939195226383,0.43069495921200374,0.2006469042307411,0.3417335603873997,0.9164187785341447,0.5389838367220142,,,
2012-05-13,0.6479749362584879,0.13312480126752146,-1.5651080307032081,-0.5943640444175529,-0.7007097511040443,-1.5998193063864732,-2.3901527637096067,-0.25282438991916706,-0.5893214360958551,1.1528892584769515,0.5798327470149155,0.2689731043764631,0.40708895901068937,-0.3741603198903023,0.65970411390578,0.6467384421206314,,,
2012-05-14,-0.6529166531547894,0.20336217605566234,-1.3742971792706329,-0.65935501590619,-0.5128761543391254,-0.18543004964380153,-0.8407914820467928,0.6863966981513911,-0.9189262752071752,1.9360668491694077,0.8684281402570001,1.5572407416246326,-0.22269232469122846,-0.515587737218037,1.0583247452405327,0.7521506453992354,,,
2012-05-15,0.2851365217082359,0.41728022985405205,-0.6074833282415523,-0.630199648965467,-0.24569365547309066,0.833606939768548,2.791364081706121,-1.140276775400227,-0.6554200667590159,0.7108765919873159,1.7599612485209444,1.4802289044243617,-1.4343216055174557,-0.4467718379504991,0.127886241288374,0.6720907492650233,,,
2012-05-16,-0.600483828331554,0.6515428757997562,-0.014745352189539294,-0.6864125735379045,-0.06049880943467415,1.7686403213413555,1.9195695696001036,1.258681676273233,-0.31883411557053243,-0.05611818749693213,0.9357485661270378,0.4262981953542276,-0.7981793111833688,-1.5562554803934767,-1.7528845122823753,0.4367670046345151,,,
2012-05-17,1.1150739677107127,0.7361607986965466,1.140908756363801,-0.7295803587829035,0.14013326894802494,0.7883326145256017,-1.377290490145721,-0.395045039171481,-0.12016264889859277,0.09580230575583738,-0.6386436420878473,-0.9483092381921501,-0.7263924585361933,-1.5593478006412196,-0.7178217486068246,0.4254969093795353,,,
2012-05-18,-0.3654890661902105,0.5256114634451592,1.0552064886930954,-0.7083376249310586,0.35498319661257116,-0.3812905499115746,-1.5032986225687555,-0.41725807018360084,-0.31399708103420193,0.10817442352097252,-0.3631925482038198,-0.6893566152154976,-0.9304702052206266,-0.22415342644477715,-1.3838051192968643,0.316738028340159,,,
2012-05-19,-0.38441651214556977,0.23887835864750154,0.24705305869726849,-0.69556857857512,0.47469591187839694,-1.4681760540243918,-0.2720309153750752,0.6205084346769927,-0.4828136186104878,0.7045693254434051,-0.03177500324245722,0.9515209724110558,-1.0156384004115047,0.5945364521970081,-0.16585830256055972,0.19986178928460593,,,
2012-05-20,0.9963140460160844,-0.07153181964798593,-0.6029092742336265,-0.5930008460425201,0.5410659251895721,-1.3156459142335868,-0.23603788418424232,-0.4295012021628975,-0.4250598355304419,1.3874309993307545,0.6704344670826223,1.5607549493392507,-0.20608092076291645,-0.3762531527799155,-0.23038438036557338,0.07692777538587497,,,
2012-05-21,-1.0216035537075792,-0.379360197816011,-1.2658533707192363,-0.5078425304360242,0.5999120621996882,0.5203188330765789,1.7126292238061354,0.01741708784236013,-0.3900637245264453,1.5648447256205447,1.0582147019502104,1.6902756969628137,-0.3980199394708521,-0.4838980272958948,-0.40332269771945617,-0.5049180174919652,,,
2012-05-22,0.7926773769633317,-0.6804017107445135,-0.8589194558627575,-0.3987840437802385,0.6350429249009564,1.8538319148015303,0.4430677799064075,0.32500315762151716,-0.40851271261078864,1.348689331682466,0.9368254616437516,-0.5457707813491263,-1.3747516040866476,0.3518838821803531,-0.40854410150886133,-0.48266111750369756,,,
2012-05-23,-1.0687512046091903,-0.9320612401509515,-0.6536815063653142,-0.6113527601570272,0.5394420699257624,0.5835405499179737,-1.757394292334882,-0.2645877227506849,-0.6642374269914386,2.071540231033588,-0.07511560048993897,-1.380749940471255,-0.5909989369536763,-1.0310118442300467,-0.41140858930887275,-0.4904301472426069,,,
2012-05-24,0.9734947837417156,-1.0336155068030932,0.23877837282344352,-0.6047557607301478,0.5125726002565549,-0.29670187088828553,0.3621422394694061,0.26146153377395104,-0.5811197912699564,1.5809946560003951,-0.5864438196681108,-0.6033792368129479,-1.1149203530962346,-0.912314660379927,-0.08781301538535083,-0.469215738007108,,,
2012-05-25,-0.3436179463519537,-0.624746083634497,0.4209171624015951,-0.5862932138115186,0.4779329168339336,-0.6625839846955599,0.907399144959524,0.016345165836490937,-0.7565435766672449,1.004253850930173,-1.3949023029901801,-0.24732737752235381,-0.6228583318345989,0.24670807797762087,-0.16748872569879375,-0.6155739944793442,,,
2012-05-26,-0.08047460007189061,-0.6588010242121278,-0.8077550091765361,-0.5899067914335004,0.49921582039918033,-0.12085872542150829,0.10311086228491359,-0.6636449290488211,-1.128965943554871,-0.5914392429245022,-0.9778664813215979,0.35388413911447014,0.4234073736783067,0.2338408687335147,-0.4318821987086821,-0.8425292824726848,,,
2012-05-27,1.5570475558551589,-0.6690089622002806,-0.44059887068679254,-0.5655220999800424,0.44085509742702117,0.3299650227510532,0.375085974652809,1.4754692735222674,-1.0517605923815345,-0.33338167951294173,-0.34856211388602787,-0.8844565224347878,-0.30300653671739525,0.06511364254420901,-0.47734000799484544,-1.0960879978748597,,,
2012-05-28,-2.1513754205524145,-0.59603932968667,0.9526090452699102,-0.5340735049115071,0.3231057711007304,0.1744651737467392,-0.40727716908492656,-1.9489127054992552,-0.7699148739386299,-0.018198741869882084,-0.9423132167889653,-1.2387462152219957,-0.07558394342669,-0.018666309211725733,-1.4589969862755274,-1.295300083051835,,,
2012-05-29,1.4061804245024188,-0.30166361627596855,0.21938534257753406,-0.4788320384788758,0.2518533668351313,-0.18317518687272358,-1.3378463195925612,1.754361394925793,-0.7697301288959075,-0.2590747531118202,-0.8597829546632024,-0.8596122790106578,-0.18125180472462848,-0.461322690723944,-0.6331803833506643,-1.1587719612220828,,,
2012-05-30,0.022948090114876973,0.007688252098362247,-0.05707125266899945,-0.4410862552862383,0.15606894424663395,-0.9665981618199984,-0.282141925034243,-1.1247510171131847,-0.7896259168803446,0.029294209462016968,-0.5228276997800416,-0.7608822522026868,-0.785542123671414,-0.8015173453977772,-1.049964066972381,-1.2347365940838988,,,
2012-05-31,-0.3949822605978933,0.25021548318506825,-0.1800703159469867,-0.3373051403082546,0.02023152885398039,-0.20523629810407396,2.218454501477416,0.5810224809121661,-0.7527556088145513,0.8952389634461303,0.1950853695902317,0.11807751956026419,-0.8003768573544796,0.1600027496255577,-1.5480890442872308,-1.1060247585809095,,,
2012-06-01,-0.29329786581624107,0.4180766023323119,-0.012772166226486224,-0.28906378434774094,-0.09180793795583049,1.482409315931657,0.9935789612342883,-0.4977013290083121,-0.6317762384229723,1.5181196308227434,0.6418526681019512,-0.18255375450951106,-1.2132990505015462,1.3691818462623049,-0.8815372772556747,-1.1875038866746495,,,
2012-06-02,0.8209681403207175,0.5275322127374098,0.37649092098830156,-0.180025441794569,-0.12208113154370638,1.249040572479047,-1.001997610441055,0.9277912100583476,-0.7161806528523116,1.5163874348235487,-0.6042567639903031,-0.4331369127338382,-0.825839994228677,1.778311061093151,-0.9234120864336672,-1.2488151447500222,,,
2012-06-03,-0.2374086996399879,0.4875805775928502,-0.6590708199890267,-0.1643724184812755,-0.2684078079060389,-0.8610951378388265,-1.9952195020331398,-1.5887114256924129,-0.8458699751393085,-0.16688314003916155,-0.439472426471848,-0.3313249397231135,-0.31723189970152177,0.15436173305237968,-0.8814840137860455,-1.2702855512710252,,,
2012-06-04,0.041938651001086645,0.3385829828149586,-1.0045809811208477,-0.10254719037465292,-0.375636997800824,-1.7948290660909545,-0.43154433715850926,1.742378814097171,-0.46472907878075237,-1.1732766628187528,0.3889008668622734,-0.3302172677774733,-0.9387659197713726,-0.5102715716280243,0.2791686309505246,-1.1948546789428909,,,
2012-06-05,-0.5507820312600653,-0.10905294442611375,1.6109145451864026,-0.032402820179396156,-0.47137555674707793,-0.6787836646138693,0.8351159904466391,-1.2952685996103481,-0.07646448879099609,-0.46101945240497405,-0.7717688785422747,-0.9334271875840477,-1.9001877372384692,-0.4683502438875733,-1.3372813228336609,-1.303771674124421,,,
2012-06-06,0.4034239030265251,-0.5329382661793943,1.2405360030175487,0.04503131988553005,-0.5111466777240387,0.8263325522491413,0.35033694389752973,0.5063350170870858,-0.14102753034532267,0.07684592869096706,-0.99590655457514,-0.8513712742809916,-0.7044001562937251,-1.2331704914362498,-1.1572144262574928,-1.502667924299325,,,
2012-06-07,1.3007978574753851,-0.733397644180009,-0.4421596329608481,0.12036357483635216,-0.57177584630196,1.2840674583847806,1.550638713539264,0.6175526318160254,-0.8972015129917216,0.5672257128859837,-0.7891399983238683,-0.21038449603745238,-0.44772313693199084,-0.8982604491384363,-1.5946991338359553,-1.7064205197899938,,,
2012-06-08,-1.7423742449459756,-0.7524486518639532,-0.5129957775194705,0.21626019651007983,-0.5800601418730007,1.0838982177421062,-1.5651356648245396,-1.2746328976837273,-1.4595312660985293,0.30325167814029813,-0.4991784719487819,-1.3363272561739856,-1.1217958648733892,-0.37822235767200163,-1.3480339528955607,-2.1713595906241614,,,
2012-06-09,1.234302292589425,-0.5393005453236168,0.6221979837733937,0.3050821184503697,-0.5816205887008794,-0.3718270045631238,-1.783474951380447,0.7873598363170392,-1.6618359909344613,0.05741384594965783,-0.7572092337838839,-0.7538763604492342,-1.4425624192885949,-0.9470485563100797,-0.6030943190684935,-2.4456289061050622,,,
2012-06-10,-0.4800844323392577,-0.172190241526058,0.33547363849033235,0.4507414442927605,-0.5834135413850813,-1.2956766033123173,1.662431144899109,0.2375939369517092,-1.2980523531009882,-1.316173064694094,-0.385762155489482,0.7450933915133636,-1.3176544841774604,-0.2156316732170523,-0.5467297428863545,-2.361953942747582,,,
2012-06-11,0.41878868726769247,0.3811213995947387,0.7894334549662537,0.5628300427548277,-0.4587080598680727,-0.961776728761357,-0.5203569443256885,-1.260144476195742,-0.7255513730260553,-1.8121835947571918,-1.574885759401134,0.021966693768530887,0.8225917524182509,2.123810366347127,0.9214436363579172,-2.3195475555056673,,,
2012-06-12,-0.46160177865195157,0.9358522571378814,0.7038230688687607,0.6413860978558075,-0.4039563239204372,0.09168886056610236,-0.3874383102450618,1.8204674812908586,-0.5255925351729905,-0.6541874454445633,-0.747691153168373,0.21184800557901365,0.6323182951929547,0.7554136071213448,1.0137213011873665,-1.9855856591287375,,,
2012-06-13,0.37481973403073515,1.2747110257739869,-1.1726342499889566,0.7235702520745858,-0.3682505968450049,0.29318152799123237,0.9716918375268829,-1.7538284707682834,-0.4838012408343099,0.7953259882862019,1.3378030980779334,1.0570553055518233,-0.24054836992167664,-0.24643814080022078,1.3685469963184147,-1.607565584666543,,,
2012-06-14,-0.9239815795264511,1.4770688446737443,-0.9708527874246311,0.7723608616385714,-0.28504019411344145,1.446965037884929,1.5221297669841525,1.0132052800339948,0.14862913305220715,0.9195291232775371,0.7585854343997862,1.4602406099785161,0.07822878295998467,0.817136387034072,0.39120102422659253,-1.224384319393726,,,
2012-06-15,1.5575224798305372,1.4198723755755618,0.3309215537885147,0.8023401612183584,-0.1915497925651016,1.4988199232950994,-1.9451421243864504,0.22063119147378263,0.16695770716599664,-0.09729496588836074,-0.5322046843407363,-1.2926288976636413,-0.28262694505272756,1.053157078037219,-0.04123271310484887,-1.0169799920912255,,,
2012-06-16,-1.1895375112435334,1.0339700644328094,-1.334249679944423,0.7141649835479754,-0.18210383130031416,-0.8081307646467705,-2.4683914940139884,-1.3351446248912051,-0.32153222400753245,0.22669431982490224,-0.7824982604247145,-1.6013830772294766,0.5095968647313205,-0.04926991423606395,-0.4800491130718168,-0.8234975135741982,,,
2012-06-17,0.7569857310380412,0.29882202225708904,-1.8738095319132033,0.7140351129808266,-0.06611974921906469,-2.2696486460086285,1.6595396622022154,1.8027917094045884,0.54989302650673,1.7861639426933802,0.6995048724046974,0.6032755991122035,0.4393554321508629,-1.3081513566998553,2.0681745631399497,-0.44928819041469953,,,
2012-06-18,-0.41396039576109345,-0.34153256181006403,0.10992751072142476,0.7083505715874677,0.01777986481251986,-1.0363788840066583,1.8301745614183484,-1.7188677514879316,2.0519820988845163,2.8487830244870485,0.46840810201778227,1.6626776773905643,0.27930265040602975,-0.7294411584713902,-0.6983342325643797,-0.33603355489161624,,,
2012-06-19,-0.011786339852527817,-0.7909482202307437,1.8721911961312518,0.6431489933187574,0.023790054842511694,2.335233706632391,-0.10651163697941347,1.2932758149285173,2.3529549134304415,2.099422061137678,-0.4536593862041143,-0.698749107477826,0.19045297446090897,0.5909875055099517,-0.009605749501213118,-0.02605445595758997,,,
2012-06-20,1.046878199200794,-0.9480804817928938,1.8272215266377032,0.6016867523037955,0.10602889134883235,1.7100059895693351,-1.0981388431895078,-0.4024127872955507,0.9804687158939578,1.4806863255008496,0.5676564027889327,-0.683670534116606,-0.2653833076753604,0.3870009282524216,-1.3221762833040829,0.20774594175895317,,,
2012-06-21,-1.3947385092069655,-0.9729166961239869,0.577449501815971,0.5604251933242196,0.22626697189644224,-0.9709896406950815,-1.3849774068546643,-0.23608847350102352,0.5662068923249977,1.649656500616684,-0.12954888345484722,0.3244638049153396,-0.545603499778317,-1.9550949013981926,-0.9717623649268449,0.16566677123564738,,,
2012-06-22,0.9963973066791721,-0.8720864238505331,-0.1577159245327336,0.4768066691604294,0.2766239329975175,-1.7553860686388294,0.5459385765686197,0.2457601806708948,0.841843822213205,2.685998539586767,1.570204379067579,0.821427918221494,-1.7090514133003312,-1.45186724719015,-0.9800576535106228,0.1494191281522728,,,
2012-06-23,-0.024765283744404978,-0.5695275851407986,0.39988338250994504,0.3770031138390518,0.31186268939730943,-0.26492418931519696,2.3341883238916825,0.07683819107963852,0.9933597124972592,2.0544000613881455,0.7357264932499595,1.6416952758665908,-1.1731868703566632,-0.5185830025387419,-1.5839740428430389,-0.173870383238418,,,
2012-06-24,-0.6840556102439486,-0.16640943390549728,0.038350243874512344,1.5675730934618772,0.6050815340240357,1.1603834272122484,-0.6797969713426151,-0.843619838446612,0.5902549105356045,-0.22469852932039863,-0.18153961170085567,-0.11799481096050847,-0.9146405156915818,-0.6091726340846784,-1.5185750092499435,-0.6086780897327014,,,
2012-06-25,0.6293060265698288,0.2506314434227505,-0.6952703983369124,1.5231415072319798,0.6409588733592768,0.4122350186508212,-1.6994553319658403,1.8549191077705662,0.5119126263996329,1.1191089840210713,-0.25861023553017476,-1.1900873455684113,-0.3518587605193348,-0.9902431246576858,-1.2176552884498986,-1.0151496110481117,,,
2012-06-26,-0.42474332461096775,0.24274601002907525,-0.9160376178635338,1.4444436060639105,0.6649273247024069,-0.41583834244999074,0.8101049043286179,-2.50036972331682,0.7011862496639627,2.1080306513505698,0.7598542621348814,0.3527027880432783,-0.8221038223497384,-0.14629681856785,-0.5534803873676172,-1.2852309972618872,,,
2012-06-27,-0.4371841325197464,0.2643805021593177,-0.9178485180030767,1.347538740400458,0.6693314559771041,-0.5650139389394965,0.9689391375656455,2.5149258262567296,2.0635150844489876,1.8106919690275443,0.7415057306128378,1.6023618470156749,-0.5142175474551638,-0.1251531614488519,-0.18121045818051165,-1.348550100251954,,,
2012-06-28,0.6305521892439284,0.21635776068563523,-0.2166391049083104,1.1987049564467953,0.6639290880337697,-0.01202649153032294,-0.8854378546320996,-2.1838651706906034,1.243467488981659,0.024337964592651723,0.32986798558024805,-0.8824219614817059,-0.015407569856214349,-0.7122066931364169,-0.2679599173865899,-1.2720707818042305,,,
2012-06-29,0.20534287925508463,0.14888102973891063,0.7880713627798375,1.0804943516576127,0.6591541633540681,0.641773953618437,0.01505220786765018,1.6299205323627357,0.6094788122065081,-1.1415311868395648,-0.9994009187905225,-1.306743686620382,0.5962807601945228,0.3034955314088837,-0.5187358378506882,-1.2239327050142368,,,
2012-06-30,-1.3039306058854174,0.11069664637661736,0.38416919096075686,0.9447563289300857,0.6600450874018066,0.25965382338473164,0.6053828093891083,-0.6716516780099142,1.051242263490735,-0.5123983932635342,-0.8850380589143901,0.11697151336373078,0.6207091666071002,-0.33126878085979694,-0.5184355083787566,-1.568835356329828,,,
2012-07-01,0.39204938412771134,0.0896949773696982,-0.9348014436164238,0.7284000932912845,0.6025385420776338,-0.4371011970437761,-0.3325539977498447,-0.7947014553150591,1.2706463893422713,-1.2042745121537546,-0.5791959870574783,0.550141888829283,0.9339307100574911,-1.3617353565081058,-0.7060053075190948,-1.5326641572563382,,,
2012-07-02,1.5674363952187196,0.050231664383199336,0.8388584137519891,0.44009215791039236,0.5058192485072803,-0.3127785542263868,0.3555508563361635,1.643500352784852,0.6627060959120618,-1.2175269101273678,-0.9347820484239994,-1.000517880341507,0.8163826224306232,-0.6197953534249272,0.6357407146958136,-1.4787430322673447,,,
2012-07-03,-1.933222645845719,0.0008266523834380891,1.775864817303624,0.1534093209127047,0.3984487728815458,0.43526627931012146,-0.15973021363693315,-1.6987145959889411,0.19303288586942793,-1.31846294854694,-1.65155927886596,-1.2414089162292081,-0.5659770971076005,0.327131010397509,0.08346387557343095,-1.2962067547162144,,,
2012-07-04,0.6599869604363349,-0.056322944657315056,-0.5225489772756221,-0.25679630042059465,0.11650851347239122,0.07890992556904021,-1.1284699581541857,1.4398963834557448,-0.3029713808157052,-0.9355079784151554,-1.788996537946319,-0.8765156900153024,-0.2897854347590565,-0.21848293054521334,0.10276754254557605,-1.0314748429609395,,,
2012-07-05,0.5173329014326834,-0.274136058717926,-0.7595795537295781,-0.6194500512982217,-0.09516050524618369,-0.7718643803308497,0.6464104805780737,-1.249061419129679,-0.1841868818885935,-1.2901168643772574,0.009275016159668836,0.867807278594778,0.6469149306513918,0.079241775979552,-0.04497897585892609,-0.9108161772743447,,,
2012-07-06,-0.28160597173989327,-0.6331596480044427,0.6738936905254305,-0.929716621544428,-0.25064671003167677,-0.1662245246518558,1.3087159733931284,1.1426469202222365,0.5128532042546418,0.5121520830460236,-0.0286752226197751,1.238384842942109,0.33529269981643406,0.8382619560639663,-0.1630390166971895,-0.7127845651652687,,,
2012-07-07,-0.7074215388170977,-0.8483902007122788,-1.318666359274034,-1.2244784680385665,-0.3971135810785148,0.8844969591576936,-0.1197041110959472,-1.1966450338335488,-0.5748756157996378,0.028483615916181523,1.1771337506811796,-0.21336093721443394,-0.6825138969376473,0.7796412073031456,-0.09101760671856908,-0.5212113534203829,,,
2012-07-08,1.2125682446158137,-0.8566879297484213,-0.8499075738914518,-1.5683363372393575,-0.5415207869726344,0.747401466658434,-0.9263345339809008,1.3509439859694998,-0.6763518642740806,-0.7605484993898003,-0.07023899875805348,0.10718382118281991,-0.5672406514461958,-1.2993118254032954,-1.2964273512457953,-0.5105614630671186,,,
2012-07-09,-1.3175459347885734,-0.627334967807746,0.5652426963947855,-1.7811688439439999,-0.6539422791968493,-0.08681680809351906,-0.6506073396731441,-1.3799973296278956,-0.30050701342286057,-0.8388749817880691,-1.331520398021265,0.2345916088353704,-0.6423705811052509,-0.4942706143511965,-1.2789371189961722,-0.6267222514300299,,,
2012-07-10,0.3714668431558953,-0.16417945795838612,0.3822562887352345,-1.8967981784975,-0.7547583619490508,-1.3303334054142366,1.0189918654562944,1.2083781179100939,0.32937419476613905,0.6764123461113167,-0.5710838048606475,0.21023672619172745,-0.30884131756037636,0.5433483323187274,-1.30306597447854,-0.7641884363581936,,,
2012-07-11,0.39903256486199756,0.434539165900938,0.9361264095809372,-2.036963953144382,-0.8294691916291844,-0.9055653072077616,0.3463842988171159,-0.9148043390157783,0.46268140522707296,-0.9020305743785829,0.5338253019513922,0.8298364784123685,-0.2666238265241353,0.7085485987877028,-0.6170613273991273,-0.8088605494106279,,,
2012-07-12,-0.7197118249226369,1.0623590834624541,-0.9406514899442505,-2.1210013544338033,-0.8830339751105307,0.8182180856077065,0.47995815400556296,0.49457532629181006,-0.05085684356980407,-1.4007650089618646,-1.1173377179485022,-0.2070582768231142,0.866185413547431,-0.29242742959992113,0.33737912761924177,-0.6391175042220865,,,
2012-07-13,0.5561683555281915,1.4713061717339442,-1.1570424215406572,-2.2920780938513943,-1.087000755431955,1.6765486268180143,0.08766656898278194,0.07367957839832952,0.6545800738200028,-0.9335772870906215,-0.07986149738088157,0.2276415282626554,1.3902865275574712,-0.3786634014355687,2.2950374968506626,-0.19634827842063587,,,
2012-07-14,-0.3279027325742418,1.6709626871626375,-0.06688193990551404,-2.296807412404909,-1.104766590352982,0.3648445996196611,-1.8703603582757113,-0.5518529991584984,1.6306531005577345,0.5215032023153475,-0.6710907467255756,-0.8478672783395186,1.8233047434118363,0.3857284887167413,1.6817861465885091,0.13919792749358734,,,
2012-07-15,-0.429890633727299,1.4999090812908396,0.20921741469732352,-2.3661724784496423,-1.230546881989367,-1.528564331940733,0.20657789420322592,0.8283798630767615,0.6823822761923154,0.02402979962029776,-1.1067382835131883,-0.6067966475090568,2.4095441782941314,0.04742972212135409,0.7817501271965175,0.14267635049381683,,,
2012-07-16,0.779155939307843,1.1110118182300905,-0.048554529574836636,-2.250130751488424,-1.1545578741682747,-0.8090248908686573,1.0442687784098943,-0.7970150768993786,-0.48463797983580004,-0.6853335489222224,-1.4523316040157617,-0.35118784180938584,0.014014787016521596,0.34103673512298216,-0.43485451786026647,0.03781407106815587,,,
2012-07-17,-0.07597373097394623,0.4794414682953564,0.4789043997360559,-2.054602741563196,-1.0558817231293927,0.08874570995755904,0.3258959115408616,0.49345277960526684,-0.6448340202937358,0.10226344958683235,-1.5582502234953886,-1.0877794344420393,0.34437592113034593,-0.984652752088291,-1.71241006564821,-0.2270988635295941,,,
2012-07-18,-1.5122700552029327,-0.27469988547267143,0.7684857606244532,-1.803585560546996,-0.9172326496200431,0.7127166609711872,-0.38620199170866326,-0.052577598451883464,-0.9705250636768986,-0.6760285575005891,-0.7727784934168064,-0.29522857690862,0.6424505490284141,0.044095955785960476,-0.5723019624619798,-0.31073773683668926,,,
2012-07-19,2.420584150667573,-0.8009720856826751,0.791556846410989,-1.8880270104017445,-0.9140347056668238,0.8092605629992322,-0.31935437838292946,-0.3461995917608839,-1.3968501417796575,-0.8830002768290713,-0.17518420960864686,-0.3279150987138701,0.6258556016129521,0.5886771350606972,-0.49971504998321054,-0.3510493197657335,,,
2012-07-20,-2.147564506732858,-1.0326984876832037,0.12789949481323964,-1.3860545174634935,-0.7470687503449152,0.43123550535646143,-0.8325575362018691,0.55702447641173,-1.2538284331960272,-1.2887047797654994,-0.8111882620669948,-0.06555430883895001,0.5139745001332832,-0.07171079209309673,0.7125035074493704,-0.22212026143015848,,,
2012-07-21,-0.12124099782691453,-1.039688117131223,-1.1532941700393333,-0.7507492896859317,-0.5708489239156875,-0.8958113710534938,0.12294584980792937,-0.572868648799771,-0.7871823220740839,0.04220989412476545,-0.19775034689860949,1.3553838397189846,-0.7222170355227364,1.573693551395632,0.24889655913965822,-0.03759439689943124,,,
2012-07-22,1.4678217372435387,-0.856779262912828,0.6107942584461605,-0.25107555887886546,-0.36546296668013584,-1.2289553539992808,1.7194372350048015,0.5070834341944223,-0.3641165942641551,1.068800579872851,1.0726036379764288,0.6047564483706844,0.4746711341442436,1.9802878615194903,0.15482060417354787,0.1838190310683994,,,
2012-07-23,-1.4188256069012406,-0.48074708119034265,1.3371497443734497,0.18903378346895552,-0.15699596595858054,0.28386463486138563,0.2545175126173612,-0.4330270530312903,-1.0048159108563943,-0.7110486101921761,-0.3281146035913046,-0.16116519048122377,1.6179322360067467,2.3869340575844986,-0.5863322290175775,0.27709285464279265,,,
2012-07-24,0.4166157464719648,0.03807769607329294,-0.6558574088288219,0.5704285598535815,0.05711635695035403,0.9578021894972337,-1.0579160791571816,0.3658979621393602,-1.651427897762139,-1.6034456816390474,-0.8265718554785342,-1.1975818964224394,0.0023789421872472266,0.37269783454769323,-0.6273386583680018,0.28235003045858004,,,
2012-07-25,0.03805755228486744,0.24643147355215728,-2.0608840300315316,0.9066459952234163,0.2746728518888626,0.5101083241954212,-1.2867014220245394,-0.2810100450177225,-0.1463833091625492,0.7534624925967471,0.8294928646377203,-0.17365509676506843,-0.5867899704226553,-0.7109757517957063,2.2311669987102474,0.4531000352394344,,,
2012-07-26,0.6780251998915128,0.12553665598137462,0.009309191147773968,0.35017400355842826,0.4740130793982127,-0.16941266697233195,1.188958849676963,0.3978331613369886,0.020900342187566062,0.3377508908945243,0.007819887987508014,-0.9028320919406086,-0.22485964403872874,0.2377173076070055,-1.2150503536871606,-0.07798963075861809,,,
2012-07-27,-0.660609945022149,-0.27457348695441225,1.025757288641016,0.5877891372668865,0.6734475700086612,-0.223950702574382,1.280329580651639,-0.35986256729404775,-0.7559614232956652,-1.279385465531053,-1.2877788398099304,-0.6804672215762628,-0.6278848605728027,0.9485451370579848,-0.8036296520767151,-0.43672043501483293,,,
2012-07-28,-0.196404766456948,-1.4823189653422837,0.7888716831293141,0.8215617135495126,0.8694254668937453,-0.8661912475059692,-1.5148774972474428,0.40549770485275693,-0.40200427252154186,-1.1529399700398881,-1.5171781894708043,0.04364630987090876,0.4644416656699758,-0.502632081328297,-0.11646426828741396,-0.5426192139241196,,,
2012-07-29,1.0625788474467146,-1.7030890204214015,-0.0012921432666678809,1.0435431042967334,0.9958931348575288,-0.26217929480432134,-0.7131204329226244,-0.5101903855663732,-0.28785604749209137,-1.1143228507820446,-0.2870750685316646,1.304960409343262,0.15181956082841633,-0.797762336733627,1.3761149097747796,-0.18631434498865918,,,
2012-07-30,-1.5835403279805675,-1.6030571419340744,-0.585112991213232,1.2506670838587666,1.1516624380720148,0.7404713504693173,0.8381274057916432,0.608732195144384,-0.14868844253413024,-1.100816025086871,0.14609288561390113,0.8505489959721583,-1.5113915359569172,0.4486110726065697,-0.3129980406329364,0.03526906658463872,,,
2012-07-31,0.5047723700608774,-1.4240511356483103,-1.7212051015651633,1.449589652272572,1.3000013509826573,0.26851845693262544,0.2398577828963465,-0.6491515474763507,-0.06402501085490336,-1.6095690163982819,-0.4352904226603596,-0.6302423202931433,-1.4817169144448827,0.627965257791155,0.5350185367702242,0.2448388508110579,,,
2012-08-01,0.3182880721994741,-0.9558933648953506,-1.7901788896258193,1.5947968436239484,1.1707813425084046,-0.36780842410009235,-0.3402244587808303,0.5527235313182104,1.5411563835415063,-0.12360354011300753,0.2108631809604636,0.09365581615742931,-0.5812160427399878,-0.8950303097692635,0.9147225710546266,0.5210468272833529,,,
2012-08-02,-0.404032355876164,-0.10066364756127458,-0.0706702464706025,1.6287070842316853,1.2039782154969187,0.05557328851156105,-0.39067400648521505,-0.18890879547541936,1.351716125651643,0.6591471856584282,-2.223514235302673,-0.20590379283534746,0.12900847739894658,0.44083573477691773,0.80843567951122,0.4834321244888654,,,
2012-08-03,0.24226729420182436,0.5608547381021461,0.2979129095262299,1.5506637388677993,1.2732101675263203,0.12258541946320717,0.6197987769737292,-0.10202482879334614,0.4610723038795874,-0.034236856070620075,-0.4766878405461772,0.21631442466771647,-0.3443468669531332,2.0692219283490423,1.0363959464072776,0.5884921421718077,,,
2012-08-04,-0.17789312553975165,0.86152152051665,0.9470587845490434,1.505326666182903,1.203240823107827,-0.46635802096507156,0.5583215067703565,0.20548044594099543,0.48225284974792726,-2.7194724376115134,0.7083954958698713,-0.25503112701169145,0.9353433396599826,0.959084474564431,1.2107055785502427,0.6991662732998893,,,
2012-08-05,0.15844024047038163,0.8153110742543173,1.7282393301260592,1.4462937022856042,1.1051477327631976,-0.25210946049196054,-0.7403977046992999,-0.03542633925006365,1.0691636521334478,1.0021840135343483,-1.0391741395028624,0.2263192068909782,2.4804693001524116,0.6320680310309912,0.6081585432478793,0.8191280022889571,,,
2012-08-06,-0.31206986849500473,0.6695859072674148,0.6998623802976478,1.414376626893808,1.0017708211148575,0.2928764705951537,-0.1971745640342729,-0.2777159822669648,0.6166615080913408,2.9383584860501033,-0.5873288083490816,0.3836431270445732,2.2716783535747127,0.64772430283007,0.5835624030463816,0.9549385631425417,,,
2012-08-07,0.7933710128369627,0.529052438211086,-0.5495076422666649,1.2982757556456628,0.9060877646686402,0.38881799431865177,-0.1348585570018983,0.3172134261218378,-0.16343321866539462,1.431928079212321,-0.2988771520162658,1.2222951561448203,0.4294945164652508,1.1197641643091358,1.6662087445963865,1.01932254694325,,,
2012-08-08,-0.24720150270130428,0.3808328874837773,0.2994939168169155,1.146883085708758,0.7850661533581966,0.2853759052588886,0.11802882627187314,-0.1379187859053908,0.36452396633421363,-0.16924005890502083,0.3184597089810216,0.13762044804814233,-0.4628489502133851,1.8449701799421365,0.8600291751768004,1.2640519025350163,,,
2012-08-09,-2.5350616395620675,0.4428553620640468,0.5870417540278347,0.9991442036110382,0.8014636890132375,0.08259185472667215,0.013073796623856429,-0.17059689329719444,0.23155312582946488,2.312533266416167,-0.07241409907595946,0.6183566740492203,1.9439882254874652,2.0581148715731286,-0.5803148408891498,1.3610604671997517,,,
2012-08-10,2.4544518070532613,0.589146751479478,0.010610992925680983,0.7736704192524887,0.6041508749689811,-0.6787738713448479,0.18529801182838285,0.3904202685542536,-0.4176483575274542,2.4572458503422494,0.41547647509411123,1.1084598636932501,2.3618989405866535,1.0092664518228067,-0.5383473041855072,1.2485676399383332,,,
2012-08-11,-1.8299845337273877,0.601574775189638,0.4955201864857215,0.7027537347222753,0.46137655310443865,-0.8330394192658338,0.5203348942637096,-0.5098089968299538,0.266896122649953,0.9345607210486372,0.3950834495326843,1.1404109833310685,1.7956088684799874,0.3539771135039783,-0.5496799942814126,0.9608262569597668,,,
2012-08-12,-0.9881001671625603,0.5368962558587765,0.13650767734019723,0.42377732675407015,0.1796858252749904,0.5019654857186526,0.04178446804638252,0.5803229619009537,-0.7923290779342242,-1.3767734091442119,0.22924977074463876,-0.5581242820255058,0.10116144942416613,0.6860567986581487,0.5437024373800803,1.113166723886757,,,
2012-08-13,1.5001941896297906,0.29385400884242135,-0.7228097933448663,0.15999085363094498,-0.04373127142663061,1.1812121630750492,-0.5152445538255193,-0.5687446263144488,0.18733597273480204,-1.070855760090318,0.12334264843014103,-0.5572273115449456,0.08012662978150258,-0.24525300818406626,0.39952148239764507,1.0327826801495097,,,
2012-08-14,0.10456242484281146,-0.0025274634406384365,-0.5788482234591926,-0.16133473002140122,-0.2184735600105089,0.08745866138596593,-0.9022303064071173,0.49485434112234805,0.144465581825777,1.7708848186210142,-0.01927628655666576,2.060934690220968,0.7967204360441625,-1.8552816314595197,1.0686126290857265,1.0316839252573378,,,
2012-08-15,-1.2861320559962015,-0.39461414530798405,-0.3220202762835886,-0.4363906119924018,-0.43223868612631083,-0.8835101842507115,0.4927543722265737,-0.6867746049596314,-0.44416322151850635,0.7256773847130609,0.757561036959415,1.7714812868696397,0.02451305524219594,-1.050630659709798,2.1854470607652625,1.2794271078693393,,,
2012-08-16,0.6698113525772874,-0.8764463573998972,-0.258375522852216,-0.6837719827454461,-0.5967710051405498,-0.6137321256496303,0.9204522100356137,1.026528723501617,0.2490290409336982,-0.3830064185834052,0.6692065655748677,0.6556972277921204,-2.5900657311830497,0.7299664184874373,0.10246647470043543,1.197914321737355,,,
2012-08-17,1.2818407286748736,-1.0734505532346035,-1.768691038270849,-0.862989408574022,-0.7516449717962088,0.2425193289669749,0.16727469949909074,-1.349333679147368,0.2916332743246183,-0.4676065468499738,0.008757069518743417,-0.8942588338199258,-1.8312468046633863,1.7301200925714668,-0.617052680318274,0.967073619638526,,,
2012-08-18,-2.3438380345852776,-0.7998670752410638,-2.5047303912695575,-0.9957070415402769,-0.8785415023278391,0.6668178164654307,-0.4746183894751416,1.370139611261834,0.23709332013350795,-0.12656590525543615,-0.12463904498432571,-0.35842263929216317,-1.6100462615321718,-1.6396542845164597,0.33048747435787185,0.9355197577130211,,,
2012-08-19,1.3880182385716244,-0.329006427267969,0.5932706218845307,-1.1109803080289338,-1.017946473952964,0.13530892971066452,-0.2253932008739693,-0.9131100248810621,0.45605323026663364,0.12066076377235217,-1.0493102937951746,-0.3772118351053536,-1.719936816599387,-1.6818856691567716,1.9620494939454032,1.081542113725483,,,
2012-08-20,-1.0351579848238028,0.08428074122762338,1.5598558322371086,-1.1749103792161237,-1.1231099428690707,-0.22763026747437756,-0.2486278255022788,0.13066398190005268,0.05729918883358612,-0.01782232899670073,-1.4956349650250733,-0.565375809118288,-1.1689294729916815,0.9101906383795699,-0.13195869499783391,0.813142324887684,,,
2012-08-21,0.4044249569113379,0.3925966724879222,-0.219215557922095,-1.2156527059384858,-1.1858348159689054,-0.04520913985490103,-0.6567624984204243,0.6675522206506936,-0.22008607872909078,-0.4555430800129531,-0.8259650027572966,-0.34843939979086846,0.10777261737068843,0.758590528363186,0.8431570737766495,0.7883854619834124,,,
2012-08-22,-0.04251056580534017,0.6053867281902673,1.301500226056216,-1.2442368846540317,-1.1375718285901053,0.15416010884150738,0.7282853701720313,-1.283527728127754,0.02567222577154485,-0.7421497649997462,-0.48413806859832575,0.657416680203195,0.10907162991009021,-0.16498077504603312,0.12252729576443709,0.8689825186088003,,,
2012-08-23,-0.2740687738513132,0.6910913239780256,1.73432292486186,-1.2432836259718896,-1.1489361420330229,-0.4741037372226885,1.170074945116565,1.1101527784615577,0.04336639953187704,-1.9597178902233912,-1.14957453137569,0.8307815960629208,0.9710439802055838,-0.48986709745509677,0.1618372715462548,1.0228787639644072,,,
2012-08-24,0.45073661217487854,0.5903234880506308,0.737694501445407,-1.3427047663575997,-1.1766777343795911,-0.7687558872160603,-0.5712797663583267,-0.5331369947961494,0.6679717899803415,-1.907445052988046,-0.15351439646822254,0.6595742120307689,0.6818036120967679,0.7900642720660906,1.044808365828136,1.1352157644136978,,,
2012-08-25,-0.341630450258168,0.1743800950012108,0.29370416321432946,-1.2724747883622187,-1.151941281354956,0.598605290388776,-0.7638892864568151,0.0307020241730265,1.8496483379025472,2.715961407029043,-0.02050307892608987,0.1715140684798199,0.07832021091411798,1.3396713744214452,-0.04480216580174445,1.0367461351590814,,,
2012-08-26,0.27786261034178344,-0.2963044389912716,-0.192351865154052,-1.174327633630231,-1.0961337503926802,1.3408586316778117,0.35137130450521514,0.3947573405958998,2.3630868422521334,2.571607190954197,1.113725987675583,0.9822073649334266,-0.5443867502164849,1.8408750698570395,1.0025858835325712,1.1227925019969367,,,
2012-08-27,-0.6230271345444613,-0.610163926610973,-0.0815427528731728,-0.5295603176016053,-0.29943676889831317,-0.19901828354669757,0.16820119653222396,-0.2435999076035925,1.0223683627050089,1.5760841427401497,0.007964784582169517,0.7388121807104631,-1.5336505059706986,1.313723862259848,-0.7262337940436847,0.9581514906146675,,,
2012-08-28,0.48573427138424435,-0.6926543218238932,0.5198049064889263,-0.46902710403567605,-0.3266598297063964,-0.928212408277626,-0.2778170399905761,0.526236073515035,-0.930615671737023,0.921745848335742,-0.37466898081336364,-0.41020838307960533,-2.615281071950831,1.0885884592657573,-0.6472035113936401,0.4485256683599495,,,
2012-08-29,0.12183658589880753,-1.0690141546739995,0.2906906465566335,-0.39211197956163646,-0.34277054151742126,-0.28603140496454293,-0.16575159579986198,-0.2778846461104124,-1.3725092566975978,0.40407084404001575,0.4613776268892724,-0.18658707131104352,-2.1894862671679456,1.0947267556676015,-1.35116915531279,0.2704633482429009,,,
2012-08-30,-0.1586315811946507,-0.5988795720520239,0.8728282951877867,-0.3468972372208052,-0.34440060236784503,0.5059614794712658,-0.5507887154144586,-0.2692983536597374,-1.4207943395185514,-0.12071619302818563,0.3160575041352483,0.7188624015716008,-1.345376346210665,1.5996136811373112,-0.9535518519756073,0.23711882134654844,,,
2012-08-31,-0.4602847176671583,0.03506619232364234,0.1528091441560146,-0.23792460543650748,-0.3360693259497411,0.10065769514975088,0.21046496307014817,0.7979147692962091,-1.2753882811792367,-0.5255483991392871,0.2482979519527029,0.8051913554668503,-0.7659371518173006,0.5506328855557597,-0.4435252346123969,0.12750645977858252,,,
2012-09-01,0.8350148811349173,0.6137649981782077,-1.3821626399646447,-0.12781137820765232,-0.2832870879815316,-0.24834846644168743,0.3116954781215088,-1.3735206164229885,-0.5531038261101432,-1.3202354739715458,0.39512671484138573,-0.8623545949886209,-0.8601686335063898,0.41309293321953044,1.5123385547744546,0.01558176843911551,,,
2012-09-02,-0.4859261342395667,0.9862184124656468,-0.5512474428993956,-0.01500798319979473,-0.2310935405904033,0.2081053399467933,0.26172182558831053,1.9390096514418718,-0.005316872310723886,-1.046442868210906,-0.22668366321252553,-0.8466663610161119,-0.29131184228768847,0.8309610544504444,0.08212821756209703,0.04603736271470419,,,
2012-09-03,-0.09051431975246889,1.0322193911771698,0.3036961916728852,0.13238288184028063,-0.19038985929783414,0.12577267201293393,0.40572405484132057,-2.0520054918967854,0.12185532127547541,-0.6721533176125013,-0.7916101084239078,-0.08203675370418309,0.40401515099559737,0.4460982114250931,0.3861520293154779,-0.03160436083916505,,,
2012-09-04,0.8187319021881445,0.815555523998336,-0.3980432473537653,0.25372757893759174,-0.21714954255602678,-0.5141489685473691,-1.3553093132750778,1.1678790031009998,-0.02899079011505827,-0.48419716861893525,-0.26963954554837505,0.9265104482808867,1.17449885241352,-0.7568135469279637,-0.965252350994838,-0.18386179743205205,,,
2012-09-05,-1.1369723781462018,0.3594426728431951,-0.6827745696958364,0.4307479864644572,-0.16956599413694362,-0.11039938499983964,-0.039300222359664495,0.15321746929702845,-0.05812825233685638,-0.08695234794325332,-0.10360729239222316,0.3263998487206686,-0.6836621150780325,0.03866311696117515,0.39104680643757994,-0.16612227230205392,,,
2012-09-06,1.074802212714771,-0.19423525998079533,-1.2565462343910487,0.5897359485750929,-0.1591424532361884,0.7786893542456068,1.0217538626017177,-1.196752260829437,0.060092729709043884,-0.18988870374973868,0.647781444038905,0.04897056046799294,-1.5687957676158844,0.7261525923282366,0.006750890852422628,-0.357665073303636,,,
2012-09-07,0.5071641011515671,-0.6584768784143256,0.17054786219508045,0.577931702799159,-0.17138360201123012,0.05223702043658059,-0.47833858893596004,1.8061303560247493,0.13198980543025554,-0.921847549073218,-0.18096409566014093,-0.5158093196219374,0.30140413182819736,0.07109263974449422,0.35349526939764503,-0.3075156394284835,,,
2012-09-08,-1.097447305314842,-0.8424861380167997,1.5232071652870023,0.6555203232907559,-0.14397450354289,-1.0507468002727185,0.4599326609029025,-1.993879472159452,0.04712821216178463,-0.2493632681312187,-1.2546615213219672,-0.2618413925695185,2.453155104800952,0.04025580375405798,-0.8943307320413719,-0.5995012607168277,,,
2012-09-09,1.329788217041443,-0.88916417116493,0.3754814381496937,0.6921175129849854,-0.10953168015902791,-0.30234240374462173,0.050710169617083356,1.8997488000409235,-0.3054280934045563,0.11314026547261043,-0.3331925782472301,1.3301705528070606,0.8347846946735356,-0.0031150277665247645,-0.42584404096154005,-0.5566475191312341,,,
2012-09-10,-1.358767213226759,-0.7883101514530645,-0.06122502175324251,0.7197470510036945,-0.083028126842882,1.1770055582226964,-1.2864618800390162,-1.7709550738134707,-0.4739694872272472,-1.3914994302505894,-0.043788323134054626,-0.3707322746905862,0.028046403844281146,-0.49852776089150275,-1.233422914440846,-0.6552458456149557,,,
2012-09-11,1.098430371049873,-0.550880158823426,0.2040934483359327,0.6999216412688448,-0.04333981306578659,1.1152743897426278,0.5759222993396512,1.687389453547591,-0.1628648275049358,-1.428633933785449,-0.27568055610122116,-1.2767134683386052,-0.8285940782795841,0.32336574815515345,-0.5310152373931217,-0.47002342561716604,,,
2012-09-12,-0.04295670508715001,-0.173094159401743,1.1050330003064448,0.6697439844537002,-0.0731145981248993,-0.6606007472598514,0.38426008317236665,-1.6043715200838218,0.1862198302261879,-1.349227083461899,-0.40725817427188504,-0.44334386911279144,-0.6279062047102899,1.1136928523090068,-0.3652380503509622,-0.4181206900065872,,,
2012-09-13,-1.3683846264131092,0.20020976025523232,0.8583763252156513,0.632686405375927,-0.03569918730103371,-2.2383285943645483,-0.7785558663718097,1.3939714877503664,-0.1065744593898233,-1.1791782403670636,-1.386293391481937,-0.6767041626503026,0.17661114145774673,0.5742648933385407,-0.012399493388385918,-0.34007950245605717,,,
2012-09-14,1.4875423947372477,0.42197794337602695,-1.7372773016156524,0.5113786328411076,-0.0713108657967862,-0.6192128610599326,0.3787170609151806,-0.9479615630580931,-0.23355388155845735,-0.4324543394486311,-0.2527245587647098,0.5721750984742998,0.16931326726237095,-0.0015662494960977684,-0.09277223621153873,-0.5591337914196006,,,
2012-09-15,-1.1001937802823132,0.5230029716466335,-0.8107214254599053,0.46185015495230086,0.016855793698943702,2.2393975819032863,0.23151306957113477,0.33225782866884584,-0.09438423084601805,-0.14093527418360108,-0.037123764854402615,-0.487391795009743,-0.8537633901970014,-0.03620716494416132,-1.093185718335809,-0.7497922855117953,,,
2012-09-16,0.6598409650204357,0.5808602055629247,1.1535920482724213,0.42141293353460685,0.05447845494906919,1.8760389958972552,-0.37381648678144686,0.06774144265634521,-0.1581609430751822,-1.0760882074436762,-1.3395025481578091,-0.7652089080208699,-1.4700258845996363,0.8879431949574157,-1.040022020045453,-0.930411700096645,,,
2012-09-17,-0.07250993038355986,0.6616181903441731,0.2006905316744801,0.3914240968023132,0.08221572443054624,-0.9723175343856774,-0.37599169743454686,-0.00978122298379569,-0.03569665092052099,-0.9196046473076861,-1.327042450562752,-0.4716072059193392,-0.022682897845219756,-0.5029263010063676,-0.4125956125321854,-0.868132608167219,,,
2012-09-18,-1.2511483463982693,0.7998827054867128,-1.8509027287571747,0.335014906914359,0.10639406545085676,-2.3751149061708365,0.35212104187871673,-0.18548491728636704,-0.01885009256690249,-0.434009413372813,-0.5586664387913333,0.6896139577788153,0.48672022235870904,-0.35834085544352057,-0.4158904736746712,-1.0174351322466335,,,
2012-09-19,1.4983865952619626,0.9762083844862608,-0.8909568769024812,0.2629203147669282,0.1253923956910838,-0.12024633480244126,0.6118449154821486,0.2005463054560364,0.01956834255745675,-1.0625284948008595,-0.4961267831579921,-0.37694003493573475,0.49486999107585,-0.5988826424721204,1.060340699913147,-0.9486198900946731,,,
2012-09-20,-0.12661503350532724,1.0846783071967179,1.9356611867134217,0.03350688741254317,0.12148930057410878,1.681185706173395,-0.8268710903132371,0.11222109671326358,-0.10578590762029574,-1.043406538415618,-0.7390862013959458,-1.328831583870718,-1.3289926976163735,-0.6667487368667515,-1.429532277590347,-1.2671290863151399,,,
2012-09-21,-1.3244907784553805,1.0328755641368912,1.868130509115864,0.034604772962419796,0.11127892020610872,0.5300868023250294,-0.17089856960337413,-0.7383658751780895,-0.7537826041551595,-0.4308387966624838,-1.4189257502620738,-0.48690166344375047,-0.16326088458777419,-1.0886469912994126,-0.3776221594343661,-1.1680226267371996,,,
2012-09-22,1.2395298543150364,0.7900250536098257,-0.42866537546468186,-0.04598009529279065,0.12768655124948744,-0.6625708860419984,0.5502422048699541,1.3419816384535384,-1.0997003000842238,0.3795322843777999,-0.30284611887512297,1.581635633116308,-0.5078083708693789,-1.8181824862349312,0.7851293862120254,-1.0748060367480974,,,
2012-09-23,-0.010763198693482497,0.4252910029423838,-1.328165862151539,-0.0747668787222082,0.17419143613156174,-0.040038848885284105,0.48818412607901485,-1.5193647785799607,-1.1994143882899246,-0.24498098447138297,0.18357197744519482,0.317586985109898,-1.8060640693984025,-0.6876079964843252,1.964700112277809,-0.5439650056213113,,,
2012-09-24,-0.5656189476844756,-0.06479693640006909,-1.4199422725825874,-0.12998144146936647,0.18836995147846727,0.4499823181208456,-0.8729113085664088,1.2019154484572503,-0.9974182560439233,-0.8235104101653118,-0.1395612508105643,-0.5974305543979838,-1.5388579889058234,0.28268639833060216,-0.08409819963512596,-0.4340031995085713,,,
2012-09-25,0.07415744597591609,-0.4899164893160182,-0.30815373966219695,-0.20291406541887333,0.2039523135928792,-0.2233340181078543,-1.1190165058005728,-0.6593815235743679,-0.9078392997278234,-0.3090048818025706,-0.5065936714270219,-0.6123019517092103,-1.5669033733834696,-0.15166699395816569,0.9700048205625961,-0.18777252657623744,,,
2012-09-26,1.1962834151338395,-0.9036916430166009,0.6062036575511243,-0.22559770128841702,0.21259136687928498,-0.5732993824092151,1.6961938643479462,0.10404511827856626,-0.9854895285664229,-0.564607515321125,-1.1919201144090867,0.20666708043861093,-0.483196938721794,-0.2379757010061088,1.0052718693734175,0.02160658251802003,,,
2012-09-27,-1.061577835643344,-1.3046245601081976,0.1018128090241473,-0.23627856787662765,0.21701598399585528,0.1332352830037814,0.7015609161335482,0.2787343989686808,-1.076988464371063,-1.3555741828593775,-1.2579355068423859,-0.5276978895505696,1.4946034480311299,1.0722399140095629,-0.23134898565821188,-0.00926979901352066,,,
2012-09-28,0.6822288629490982,-1.5499953550288557,-0.09229302473030843,-0.650081827439276,-1.8691482366022842,0.29984350565229834,-1.5416677241160242,-0.2612768480942703,-0.3619675638195041,-0.3757390112316586,-1.9901995934296481,-1.0677917478572854,-0.23683817017494677,0.2571313503497072,0.16412974613920717,0.3832658213568994,,,
2012-09-29,0.5100454919177912,-1.4926510049457549,-0.041238107823263946,-0.6035170210526694,-1.910752291308715,0.12656297130538766,0.36048929449678124,0.5968638182694287,0.19624667417969036,0.4830101546423643,-1.3824490162157934,-0.18963419284711322,-0.5549561318742376,-0.795862630621101,1.6796234282038334,0.9189185320662255,,,
2012-09-30,-1.2667897509590484,0.03575000053150659,-0.13611017225577918,-0.5583722034298085,-1.8422401095486396,0.01526261669771861,0.8107917778743006,-0.8980008403480689,0.14531960203101577,1.0444872852337355,-0.29757959037231735,0.018531710474083984,0.5932940534047912,2.4659507330797013,-0.21652563315165935,0.837993182187767,,,
2012-10-01,1.4392859465569492,0.6532305970575717,-0.4994945287895704,-0.5126888417203737,-1.632749965006068,-0.13594461301705824,-0.2561810909128849,1.1223329511649496,-0.06879459583205969,1.617291586575862,-0.6750276820505783,-0.24478289573929035,1.2919940923732331,1.2331999108809795,-0.6384652138728193,0.757873426119321,,,
2012-10-02,-1.2988275966782485,0.9584482311585338,0.5043221080019712,-0.46460750395676,-1.3586826235866556,-0.4027066036867998,0.1556526988245007,-1.0548459853636523,-0.5665047966862066,0.5509345533608767,-0.8584874312313322,-0.8254582942994999,-0.5815621857972453,-0.14899195280962013,-1.2327680988030403,0.3273402759554965,,,
2012-10-03,1.0016456059930159,1.0096243966794631,1.006272831084541,-0.41560394713786897,-1.019204860268186,0.09783497765069672,-0.2784205158597668,0.5339019251550995,-0.9381936172783344,-0.44582447568293626,-0.8158506904782223,-0.8370925642213888,-0.5867495269146009,0.1130241959037517,-0.3655702799533751,0.507790655618599,,,
2012-10-04,0.02490667062392361,0.7749764809894789,0.14078030550885054,-0.37611701907076334,-0.705706225679187,0.8688354342441922,0.08916873816310228,0.24136272532593095,-0.9696059035583866,-1.0505238893729911,-0.9642789731786906,-0.7802599167506172,0.6443565280867941,-2.0505559935104514,0.03544653690869751,0.6040717695497451,,,
2012-10-05,-0.26784560505001004,0.27853110621374866,0.07241204386479508,-0.30892945743962436,-0.3998969667427289,0.45755365944883536,0.012121410224042924,-0.5329843035209868,-0.8352341136032934,-1.0100468963193792,-1.485767205795793,-0.06427497917671247,-0.07960762817438262,-1.7568100897411505,0.3159539592738794,0.5696854956342041,,,
2012-10-06,0.09542568074699659,-0.3871534564724998,0.2606664654692851,-0.14772150157706546,-0.13861017687802696,-1.1496292047610326,-0.7403370335513553,0.4641351795994904,-0.06856121912021715,-0.949624268427957,-0.74247149787201,1.7537461969707033,-1.0007459759326207,-1.3163060268425635,1.5457412200476512,0.5450071822034339,,,
2012-10-07,0.4234925757819664,-0.9068520680075789,-0.9925651281446968,-0.030287324005683777,0.1236535623807444,-1.1213291972357222,0.8857343338590711,-0.027516418227157634,0.5791031200298705,-0.1629392533568953,0.3862969665705466,1.187034002699521,-0.2914741359904281,-0.19513039953315173,1.2437172091492261,0.7309729856815282,,,
2012-10-08,-1.168026380133615,-0.8647107860402321,-0.7185872114804406,0.021436849583532883,0.3495748960982065,1.02568669794501,1.4226237901280472,-0.9076167815031586,0.6785127148932125,0.3211733421155125,-0.3001657656608517,0.9345804215395953,0.8177593844072669,0.509791568367729,1.165389861631763,0.8129184355084037,,,
2012-10-09,0.8970040648525807,-0.38508512987045534,0.20155195202248524,0.11878814009001254,0.5782739081851449,1.6201877046202284,-0.9972163006637746,1.8192417775571417,0.0027563855694367682,0.7220778399901716,-1.2921096198999322,-0.013894622591831217,-0.9086524489002636,0.7856868712179654,0.0596540512401539,0.6717773403985272,,,
2012-10-10,0.2800992605051656,0.24203390186075932,1.0007173839947854,0.24514235124303538,0.8549237272726977,-0.2330476051858653,-1.669801967381744,-1.9918335522391881,-0.586800219020302,-0.6229861876625992,-0.15398634302630404,-0.6436848857289965,-0.7966649482792342,-0.31701253060897705,-0.23423863753244728,0.6318039119609425,,,
2012-10-11,-0.6401638231995959,0.9279197594129946,1.219161076133208,0.3443587756874672,1.1278017271363903,-1.592952082340701,1.1318789868578591,2.0250706072660516,-0.34131598040342553,-1.6694634118754046,-0.5591566062711645,-1.2563846097037628,-0.19607865177161019,-0.5724613961997145,0.29477392737230707,0.6712325157796716,,,
2012-10-12,-0.481261034911742,1.5918871158030579,-1.0161477579951232,0.36009621398722197,1.177496317842251,-0.189477121459647,1.3494776776672532,-2.1681919904891283,-0.04356635070802985,-1.5932114890124065,-0.796406804617541,-2.2398037684351393,0.992630164015012,-1.4897849674388512,-0.8734008999844525,0.2626590292572806,,,
2012-10-13,0.9125714341858187,2.115618372864612,-1.8473269375560861,0.4198150756380731,1.3727759640024315,-0.15216409028869796,-1.3235826883471284,2.3092651288118056,0.11784854844698586,-1.4416471787641205,-0.17154006471051741,-0.43901392945242895,0.9879043805318718,-2.40413884343828,0.4806388697211565,0.38100475617942003,,,
2012-10-14,0.8344678315225285,2.2041552689907555,0.05827232224212812,0.465574952419174,1.5695512956405422,-0.4825774886033184,-0.31608128726240287,-1.6547788574027582,0.5872025712680427,-0.8050250538660625,-1.4338261809816735,0.6277574509685431,-0.1283732845064123,-1.103257044330009,1.1529926550491716,0.6692675374322646,,,
2012-10-15,-0.7191607678966665,1.54542411831134,1.2860299757076525,0.5051873784055606,1.7124805210907732,0.5929427435962987,1.1144781419267331,0.8668259344470236,1.2253717796495855,-0.5969864777946366,-1.2731234891337002,0.9970308693948321,-0.5290753371636353,2.961464871742054,2.691544865015966,1.3213030356609194,,,
2012-10-16,-1.4922630468251963,0.4647784937529493,1.3501182634327769,0.6148878813039523,1.900849794820805,1.1405925370088552,-1.3598957500744897,-0.4422405584113286,1.7837853871542777,-0.5712065046292778,-0.38660564867490593,0.23013050461738385,1.7794906665079255,2.6761407197686062,-0.3565002127806136,1.3195880337613997,,,
2012-10-17,2.4935115530131102,-0.5595859016391705,0.04754268090248582,0.6391483693527761,1.9583597202148562,-0.038644064074894006,-0.460487164432194,0.19069897359850835,2.0251129522007267,-0.017800736775786117,0.33855603673301715,0.0627498202891436,1.8018710161801252,1.182164687604165,0.4769979358176193,1.3925141110490007,,,
2012-10-18,-0.44218852407864756,-1.4346365629694844,-1.5695215280239074,0.6732427182281308,1.966522441684959,-1.3310909532800401,1.433643325240965,0.09070158098104114,1.6648444914438367,0.025850610824002685,1.6766881019943494,0.6835982902488021,1.3847034835825083,-0.7752008573001367,0.2663020657029662,1.3209654599721268,,,
2012-10-19,-1.756113234467835,-1.9431089713514904,-1.5100308686103605,0.7018616747110409,1.8824030800205764,-0.9564137588918279,-0.43168520139835276,-0.26839964392098054,0.884788852399499,-0.41197090378316936,0.4448959831169582,-0.07010819166172824,0.3927897900240149,-0.8774210691885598,1.405113396351985,1.365484454961012,,,
2012-10-20,1.4072240965098144,-2.1656313893199926,-0.6494834088496854,0.7285989883581719,1.724178965755483,0.8084198551456536,-0.7040372375536766,0.2312548286499605,0.6601256734649389,-0.3336122178315089,0.13124464948986955,-0.6177554099920423,-0.773992531907998,-1.0514732263106938,1.2059211297032941,1.2981257106563937,,,
2012-10-21,-0.6737198558880398,-2.0919058763457907,0.5071670760279194,0.7488457975446412,1.4827241676569003,1.301963026745723,0.9042507601637819,0.015995271327763256,0.4896813254169203,-0.028694070979471166,-1.3524553868619724,-1.0931913799762127,0.6624942135364403,-0.25559836873541986,1.7146158238081604,1.3782620409015138,,,
2012-10-22,0.7905565944738148,-1.744549505376941,1.6311699924332348,1.015053464577563,1.1393580001055803,0.12373764575783781,-0.5319162327787306,-0.3919547937013978,0.23671999357109264,0.4209990900537565,-1.0441240081533918,-1.096215195414888,1.1778037838034743,1.1684396985734222,-0.35131194883676,1.3681852331796909,,,
2012-10-23,-0.5573291048302933,-1.2301161833214402,1.434421986038425,1.053732466318923,0.6184117864395424,-0.7395266016101721,-0.1607961195550366,0.6552818989061518,-0.4146664700478486,2.096162467347494,-0.2618839777974473,0.39543021569910514,-0.4289924509798033,0.9931946287573346,0.8976053448202406,1.9370783567584706,,,
2012-10-24,-0.5934346085524255,-0.7206276842010162,0.27520816624579914,1.067491451461571,0.33345537295120836,-0.8503705961129935,0.9756753353308949,-0.8187322640379338,-0.38412339518506095,3.101561744772803,1.2758239729267435,2.1557155350386465,-0.765397743232406,1.000761053474299,0.5699044244290734,2.1448940270644967,,,
2012-10-25,1.0227099709813987,-0.16438719442853264,-1.3608114154069986,1.0375492202347958,-0.0004547279588654885,-0.10375196961616516,-0.048973461622045196,1.0675172791692031,1.5355368571745047,3.2429383218785754,2.080329830932748,2.4412663978565745,-1.0646400413814465,1.2050913014036975,0.39311900241741643,2.295210681427081,,,
2012-10-26,-0.39039771810006724,0.18928301423260296,-2.5665872963024854,0.8970404947664342,-0.23117587963744127,0.6638773803639807,-0.45952697136471804,-1.3532908165402247,2.809661374007064,2.581935971862424,1.4612647863632209,1.7000907084204702,-1.385081605677737,-0.1795977677366452,0.267676340274633,2.0832660153369864,,,
2012-10-27,0.4316277364932113,0.35736226285876616,-0.8162278576638011,0.6295887473309212,-0.4067178492364139,0.8617326340977947,-0.44718075752312497,1.305301667565962,2.9555164765634188,0.26717228458025877,-0.6395036654119273,-0.21925141209787022,-1.2316736640415118,0.3001562644614122,0.14563871170826534,1.9252768243138783,,,
2012-10-28,-0.6246725513268399,0.44070460810167605,2.572665125716153,0.4334908656620051,-0.6155244558793866,0.18852876804487212,0.5917702062127763,-0.9235480923787717,2.798302503417496,-0.9143131071923227,-1.9995494660476314,-1.3632466483679044,0.2853599321014306,0.3675651671739951,-0.9703915512788868,1.1909643570366972,,,
2012-10-29,-0.30575946629137124,0.5764531144582882,2.3508158160357,0.25006478674828647,-0.8190914877136717,-1.0598328992251191,0.6192025409951454,0.4139284490746989,2.187993467824779,-1.1858752230779162,-2.4780681723310773,-2.084783049982289,1.55612263916235,0.8716328778655358,-2.0628745515015314,0.84534573543782,,,
2012-10-30,1.1974485340732006,0.8420161517564155,0.2035726631056893,0.0163168487524665,-0.8144180687733097,-1.0793899913833302,0.28049752709064124,0.1918239141515547,1.7780040034893119,-0.7747722514478954,-2.164057391643239,-1.7258966227826418,0.4963637781683013,0.3792576564314789,-0.6373489694197796,0.4437981339367994,,,
2012-10-31,-0.9085139255339225,1.190450755113002,-1.0623411124702034,-0.15408463911765113,-0.8739055519361882,1.1447858140442155,-1.486037709287185,-0.8105751833888838,1.5625404113328791,-0.6481715428929037,-1.6551593065497054,-1.3865816361507532,0.11037219233321374,1.4370502980482833,0.7467997562876496,0.5324560170074166,,,
2012-11-01,0.4624838959406895,1.025389313627931,-0.3233095048882055,-0.3025031823296418,-0.9159987206557846,1.8294650068903502,-0.24873023396742888,1.4397948235432927,0.702205135898906,-0.5393142838843099,-1.2264860516367921,-1.7745109344818562,-1.2791412488603022,0.8820900770662646,0.43143266400560387,0.41026599814143905,,,
2012-11-02,-0.26137655016219874,0.9327215317492684,1.4712279548017826,-0.35788127712268897,-0.9082652484565362,-0.15416724834555767,1.2451677431136507,-1.9202125726565002,-0.17102125837042517,-0.5285897231757711,-2.773676091217582,-2.372256371834071,-0.7231204938904403,-0.1755587776887803,-0.774032382960457,0.10704140317688737,,,
2012-11-03,-0.44268675501339594,0.6514889594225451,0.9926343364909227,-0.45964018284841796,-0.8503269635460645,-1.5036394598182088,0.18093938124705974,1.865931318992547,-0.6725797699542133,-0.4650768072262241,-2.425085339736765,-1.141948240402674,0.9081108361159076,-0.9398091982468172,-0.18722802273689157,-0.2789175588604332,,,
2012-11-04,1.3545321924158142,0.32979214545982316,-0.43376533734979333,-0.6130681959512567,-0.7598588564906894,-0.5205052269852517,-0.276237330877562,-1.2127495593973203,-0.8576855964711593,-0.848918791359026,-0.9947930022857937,-0.6584132015150923,1.4207455273943754,-0.9165866616394349,-0.7869615647118715,-0.4249009427770535,,,
2012-11-05,-1.693890508203674,-0.08142736390538408,-1.0414907854361135,-0.6690582562193761,-0.5912853673908741,0.38011226932789705,-0.46214764285890536,0.35838021332696685,-0.5018195277699642,-0.41299561877432917,0.1776621239171533,-1.6599823495082666,0.6572731913026852,-0.9539012880711709,-0.01779567203813527,-0.601999962808251,,,
2012-11-06,0.5396906693288205,-0.5319154996085244,-0.1867575901836836,-0.7187084908564554,-0.3648036788637491,0.14213920055374488,-0.6392898838821666,0.1741011013026267,-0.4859952288662854,-0.019261793786187618,-0.303565532176547,-0.948929605205176,-0.03273580612486832,-0.07236969525589215,-0.2938550492662772,-0.8711763688096124,,,
2012-11-07,-0.28595066164153987,-0.7964093646622245,0.1809112537350845,-0.7892728127785392,-0.10695204138136873,0.23898549204010097,0.16784516277679856,-0.24691935970218998,-0.24357245924780843,-0.07509768140422839,-0.6912379724339074,0.2965070699974961,-0.493663481856165,-0.15327391032069057,-0.7672460871619383,-1.4113782505262622,,,
2012-11-08,0.557880389190422,-0.7668864125219164,-1.1704188746566944,-0.8039423729467403,0.09122999256010464,0.8829142799721733,1.2838653748089408,0.1549638004674819,0.24866102015748665,-0.961475803548245,0.5198546324122736,0.028089087483776354,-0.6345725002515445,-0.2371125523578718,-1.154757486815363,-1.7041406303092999,,,
2012-11-09,0.009664935002674194,-0.4647233557221506,-0.4053069118477138,-0.8656914180784653,0.17089844783246802,-0.1632963820365821,-0.13192756007207665,-0.0938904094665755,0.3490041105148651,-1.7622233025349758,-0.039835591998557414,-1.4155498003283615,-0.7520245461099587,-1.2370708392736245,-1.504811642312597,-1.9211030145317687,,,
2012-11-10,-1.2901325996174784,0.07355554806090978,1.3856467881865755,-0.8422769732261338,0.24152696939545043,-0.9572670780979115,-1.1552265421993468,0.12531602190560243,-0.17511233029878956,-1.7556174756352034,-1.7053204091137912,-1.8693442262884377,-1.0535099168179411,-0.9010339910511955,-1.1379743511942393,-2.029465357867741,,,
2012-11-11,1.7669666749590014,0.5901111855232437,0.8046482628205964,-0.7549040005009549,0.3628321901014875,-0.04157831268765601,0.538227090024798,-0.22489342182787292,-0.5965327369811123,-1.5064866845060314,-0.9745509630707548,-1.2054362294604262,-0.10147329510713718,-1.834695868234352,-0.7599797102548616,-1.8576686249783125,,,
2012-11-12,-0.7209144402568082,0.992580820613823,-1.1150883436456225,-0.6352399964731124,0.472540046757153,0.640705262013537,0.2847987681102445,0.23397469404009852,-0.9312811906661368,-1.750640647103426,-1.2774912145998327,-0.04783060124733049,-0.8353934099803251,-1.3133144327174313,-1.076482709082288,-1.9739863110204017,,,
2012-11-13,-0.39625341100033074,1.133560040800406,-1.1950598674042876,-0.5017879360921649,0.5910785869009657,-0.027576283120192873,-0.46053258286365395,-0.09682938987629841,-0.22873313471684711,-1.4407941812100276,-0.5570999935685936,0.4228068574633434,-0.37862016177218116,-1.635110489855333,-0.5275092456467125,-2.1014785213647,,,
2012-11-14,1.4962255047672182,1.0216801597111385,0.13271238808543542,-0.33301697840694394,0.706209323444506,-0.42194383672187996,0.6089456781559284,-0.23626786484943751,0.4035259583788266,-0.9679713841321603,-0.05835107033475205,-0.1016868132342089,-0.7617118309818298,-1.1402866953544424,-0.10841521425175005,-2.0129473729322,,,
2012-11-15,-1.9011323957745727,0.6452021454628925,1.0126153572061514,-0.14561814276046217,0.836997184978062,0.08045727223880798,0.0303842477264256,0.6880492400904356,0.31760209922297783,-0.7940966338190023,-0.7878777571152181,-0.6370906503682797,0.5745303891275905,0.28351977626688496,-0.25096750750030467,-1.8359108758756917,,,
2012-11-16,0.7566669234684865,-0.04817173379753478,0.0265656020745189,0.03113883083711237,0.9446235601765784,0.24658741752711208,-0.6108772760647855,-0.7267364175108941,0.34241413736185505,-0.26426757376286536,-0.7505863545710291,-0.8815695582054041,1.7933538800136288,0.39433170696465214,1.2937256096001744,-1.5062348652659945,,,
2012-11-17,1.018634794537948,-0.8345087191976546,-0.6144399915474895,0.2397265468126644,1.1591159603840626,-0.10229006829128244,-0.33637021021224,0.48369187701983846,0.48729018245407435,-0.15827742776261966,-0.08018403951056392,-0.14670818545038586,1.1295739319274165,-0.7125196189781874,1.6402722967354655,-1.0370746682467484,,,
2012-11-18,-1.571182785087336,-1.3777799268046755,-0.13799369951545457,0.39482718484586904,1.1934263879428733,0.5440811215529386,0.6215821486291169,-0.2307389720529864,0.9266654448139392,-0.20129268124441194,-0.3731314621440064,0.568466086225216,0.7440465533699169,-0.6144522744413091,1.0741351209269505,-0.6903021043562004,,,
2012-11-19,0.5747239754783752,-1.6154073359906234,0.8009909713147014,0.49899478623951465,1.276616137825227,0.6932477665154982,1.0151653544189354,0.05431005006039689,1.0059224517237637,-0.571648986972581,0.06460105228322742,0.1714695051148424,-0.07318946228161609,-0.2742535291514462,1.519263671047093,-0.4024345891837432,,,
2012-11-20,0.264539612031773,-1.404648805309743,2.0445265071831793,0.5574698643503025,1.28024172341072,-0.7140444416615271,-0.9655067234798125,-0.09942129395237476,0.7633665472307821,-0.5881913567004852,-0.7528536680689942,-0.5452388801089258,-0.9127239426147135,0.302514084921385,-1.5279805003117035,-0.45051552825071656,,,
2012-11-21,0.3976723718949626,-1.1233628721850029,1.1382167801210654,0.6135752834983067,1.245668997632347,-1.7034892235012877,-0.6142614352417132,0.5384014482619206,0.916663740248396,-0.9843141617595824,-0.8772032787306521,-0.24179613763435087,-0.9138340787862148,-0.7072853936290888,-1.3001664635990984,-0.42728972739073684,,,
2012-11-22,-0.6384778668002037,-0.9370977493367316,-1.6174940576479975,0.644601692058425,1.1397887521860712,-0.035253671461642294,0.10199187476229239,-1.100644239410148,1.28455911987277,-0.5079724739517492,-0.09169958463274468,0.7711644507220797,-1.1861020687131645,-1.206311639093947,-0.9173147864251933,-0.29990145446870087,,,
2012-11-23,-0.12109185747695887,-0.6802473639070484,-1.9954872508980241,0.5878931796221092,0.9609532608771386,2.0493181336188906,0.14519498568842437,1.3775849477043625,1.7158716857392846,-1.2632166389633597,0.8225833555559084,1.1301788227277414,-0.5551788441351089,-0.23274396558853463,-0.6755896200589245,-0.20614770371908694,,,
2012-11-24,0.7818437016053602,-0.39756154939367255,0.48872360940793935,0.5958182016638243,0.7729262159465315,1.0158000637762759,0.8830939261921336,-1.4095419757261134,1.4999692743157687,-1.4208517434903623,0.01423320039558598,-0.565973095026447,-0.7371728728809107,-0.24158668456641336,-1.138300647650057,-0.2262086134065134,,,
2012-11-25,-8.068618883049617e-06,0.028411666266435903,1.666834496300641,0.5436086020448548,0.5680879797072951,-1.3290285071108858,0.15142610839242623,1.3866950935648643,1.0187468046834864,-1.2322798028036446,-1.3622998964692867,-1.1730229776058094,-0.409231976305876,-0.4259650687091008,-1.2662277057325146,-0.2741332450167552,,,
2012-11-26,-1.3254189934002503,0.5117458695922026,-0.28055586899857576,0.4970647359082976,0.4416000295242609,-1.2677241637934389,-0.6767991269682493,-1.3547693424829301,0.43852470056480486,-0.0046453243297854595,-0.836570715726342,-0.7275350746853033,-1.0062199233827234,-1.2177985792733765,-1.191539149575565,-0.3112770600276538,,,
2012-11-27,1.2928164542912473,0.8780589839021864,-0.7805514477921793,0.4157765296157054,0.23768886518343904,0.12901008816087783,-0.19952393008698419,1.2538327407655114,-1.5498411502929665,-0.0686922004009648,0.0607148250809963,-0.16513050502595497,-1.1249630444635081,0.003150180658883541,-0.3397537524480079,-0.33560402875804207,,,
2012-11-28,-0.3276583340150001,1.1009587389362616,0.16525126048893476,0.3122907319364643,-0.010030554752561236,0.47055014920565735,-0.3014774042628995,-0.9762731709413249,-1.8197861363150232,-0.8653963360622038,0.15512444219258323,-0.4916218601728149,-0.5271375786063642,0.46507064076665683,0.23589651359444377,-0.29225217112271223,,,
2012-11-29,-1.180243161285472,1.2494083371635543,0.31776829979470694,0.22328208240502162,-0.1865383626609564,-0.1072563494503379,0.5076473796708472,0.5654618553767271,-0.3781062922984955,-1.1640043992373956,0.05964330209025414,-0.0046779016589339265,-0.5618972441379757,-0.6340263106236127,-0.27148847016999145,-0.5405470236904253,,,
2012-11-30,0.99346572892627,1.4141268933349267,0.05637980758625643,0.1320098287888064,-0.34758970483288854,0.2354810052122566,1.589741937260728,-0.2816636088895835,0.8815969451520569,-0.3562134181607401,0.4464063338591123,0.713564774033818,0.5877263354562463,-1.0052411513335622,-0.6232983954394574,-0.7407515404731245,,,
2012-12-01,-0.6204717638883374,1.4560047751431904,-0.41519505946640733,-0.0775947313047109,0.30503156549211513,0.7321061519464337,-0.6301742113814508,0.5217255751675096,0.657077774782971,-0.24648019841321953,0.5067561567368799,0.44203396631493314,-0.019055083777812967,-1.6717178494409544,-0.4740678899180505,-1.0105070003244618,,,
2012-12-02,1.129700976733313,1.2263108713141393,-0.8616891824286804,-0.0719429673005342,0.232728522810527,0.179577094432748,-0.9845060304858061,-0.7230701676481434,0.9596028919160815,-0.7792302777684452,0.2888283433980702,-0.004408747835408364,0.27221298227434854,-0.7567434254868106,0.09720208895296867,-1.159730540723711,,,
2012-12-03,-0.6638966743253377,0.4446680718319944,-0.0067492086265344056,-0.058411738569185266,0.14913465080976843,-0.6476426307265643,0.41228186565040215,1.0508441050995154,1.4522916793567922,-0.7810493074844104,0.2793391568439971,-0.34501057893814546,0.6370718492447647,-1.4371633097488297,-0.6580161835845805,-1.0842471609460393,,,
2012-12-04,-1.1749234146471057,0.021588518474527044,1.3786303375681526,-0.09775547912230345,0.06991519661481388,-0.42728421399640404,0.9391529570303104,-1.2362718190518067,1.4308610907960009,-0.7368965619086446,-0.5935837457117799,-0.2649199246477084,0.9017928259758853,-1.1101801030644318,-0.7241895755051713,-1.049084281242996,,,
2012-12-05,1.4363729215951209,-0.17016509588964518,1.2852025779117817,-0.07061900759483339,-0.036098213064663015,-0.029029883921152487,-0.10251398719656245,0.8593758584040064,0.8767068377201719,-0.09531414683338983,-0.7848730569190661,-0.5342175246808201,1.4833475362750501,-1.136106610819111,-0.370617721907896,-0.9425773937324279,,,
2012-12-06,-0.6341078316413454,-0.24395711152625643,-0.6595583246819614,-0.06331936052243502,-0.1047153531166318,0.27263542648539596,-0.24890510494247442,-0.1478385546149194,0.5916298488581835,0.8131738009929895,-0.2632736409054146,0.05922241411872215,0.9750819331051869,-1.177475645045498,1.2996161828852029,-0.7666165522821995,,,
2012-12-07,-1.620587413777236,-0.17014380788643702,0.7454469423331754,-0.03672699699028048,-0.2831385194978777,0.3282086109402028,0.04292477021014895,-0.3358185405740574,0.5484881142888974,1.6612069047511306,0.18884185410311263,-0.27995111092781133,-0.8395010625511828,-0.7128442283850172,-0.5210389301260684,-0.7003240382634841,,,
2012-12-08,1.1650037581461548,-0.009094318951260973,1.5972518093948282,0.01377192778214874,-0.4224234051394482,0.9039821602726914,-1.0819616678484147,0.6315637353807951,0.43765504748303075,1.8975003775664097,-0.6459674165481726,-0.37813554169333663,-1.274439473521616,-0.07401269940138623,-0.8672070553267923,-0.6248524726256847,,,
2012-12-09,0.9197417507517285,0.29973233151620954,-0.19068379765528887,0.060983262941501415,-0.5568850896159521,0.05788680296070828,0.11247966970057818,-0.7716358070252313,-0.16098992503665244,0.9081410226805651,-1.2526907623276642,-0.42715432117953983,-0.3596876028407425,-0.16644616059844183,-1.8146251831033324,-0.6857730311027995,,,
2012-12-10,-0.6543841190473101,0.4848882366437603,-1.197119083009032,0.11633459849830312,-0.6814408115145227,-1.4134984897524838,0.6570109180519119,0.7632114530934953,-1.312685371029642,0.3982149069877111,-0.8046245141692286,-0.6240926335288838,-1.6681684256143803,-0.5479773064893518,-1.313108056628769,-0.7723607542719833,,,
2012-12-11,-0.48686509720869975,0.4862258857460881,-0.5847499696305185,0.19662504070702264,-0.8090167543244308,-0.8047148391235499,-0.3162985196050243,-0.5099023350217436,-1.2779282167900883,-0.049650114923884846,0.02950382208072447,0.06461207604424134,-1.156810242650819,1.0076023967116787,-0.8984968066334019,-0.9139792302822949,,,
2012-12-12,0.3105189510843435,0.40570748505185855,-0.6968430682699915,0.2286946493092765,-0.9052041061124104,1.0481316082854155,0.2806071079367728,0.4535937441711908,-0.6562944518943105,-0.07532456351678639,1.7618745967216185,0.4051464073527279,-0.338730272762316,-0.11419792828645467,-0.5841431480825647,-0.9692917885585063,,,
2012-12-13,1.0980917858587265,0.205068772537485,-0.22220199409385602,0.2657645295363716,-0.9949031010701918,1.0455415176803715,0.6375307786227268,-0.6551792838439852,-0.4462414090878188,-0.8149586336975985,1.2374070439329254,0.5464879443149643,1.2529662536584762,-1.0414080146911988,-0.297916642583561,-0.9824017504726568,,,
2012-12-14,-1.267506222954698,-0.0389351942952285,-1.8960249094031618,0.290271948157159,-1.077100648305299,-0.3100943838673233,-0.6838774129489229,0.8525398786370106,-0.15025482261088022,-0.8251412031052091,0.14198744100605606,0.05433220082856619,0.39139090331116133,-1.781217106762103,0.34142887072428457,-0.9249546651235276,,,
2012-12-15,-0.24409794215717182,-0.25890205744874895,-2.4003087855356746,0.29408587085924043,-1.1607456217195855,-1.1047272973576578,-0.6622341994777577,-0.8646452458544143,0.8228315833030794,-0.5774647606899243,0.23111075198939526,1.2050022098328856,-1.6624364521168469,-1.3248280215831794,0.22006189798538092,-0.9797665816552547,,,
2012-12-16,1.5973509420508092,-0.3694146691558847,0.019547452208163698,0.2942105732826107,-1.2247550892456356,0.04836000706594242,-0.21420991196170522,0.7066695373743538,1.0600272956150707,0.1354281151293097,0.7113411728113498,0.668270722703604,-1.0636451066129597,-1.3670510967157017,0.20741440065417405,-0.8626995916095934,,,
2012-12-17,-0.38780256254740464,-0.3633412885011965,2.1034772026996635,0.24472174778229663,-1.2489037437480806,0.11061761959262134,-0.039512701674790124,-0.45401637242173704,0.6627407428634342,0.6919831468554634,0.5648574118793591,0.42336946828841815,0.6296051364763005,0.02821532183122182,-0.5649202409137442,-0.8185724052235175,,,
2012-12-18,-0.5486159975796696,-0.27537232201463024,1.8435276857185536,0.23354585622162533,-1.280386104992439,-0.3569732645921745,1.4944117583630545,0.3560069192182448,0.41677228201167427,-0.19594038483194057,-0.3439513726850002,0.7385196659935725,0.5666236178530591,-0.08776463334054455,-0.07771641387712243,-0.7667087253391978,,,
2012-12-19,0.2999607341363206,-0.07152079283699578,0.10039848206714033,0.3177301272294088,-1.3985051266431539,0.4028989459516014,0.48981481755066153,-0.5631525725683425,0.46504916895626935,-0.5805212149394964,-0.06188974773594283,0.08849647209444156,-0.5579067595941882,0.05287456190530442,0.5221106069478695,-0.9047024278269826,,,
2012-12-20,0.001894899012150059,0.1977102067109494,-0.05425209366803647,0.21492569820765475,-1.3179119006955609,0.8659960395517627,-0.4771102171794653,1.1371346144181516,-0.02386154319827936,-0.2663190338140302,-0.023363028735767025,0.14138779417287042,-0.9260254609146457,0.500300327885227,0.3123782733948667,-0.8038605478913794,,,
2012-12-21,0.7581196092807457,0.27959911712214436,1.0274998263835684,0.17285407649544285,-1.1476395548336915,-0.534852955467513,-1.228609545196007,-1.7685029398928542,-0.6380266388981364,-0.4952436451077114,-0.6563415992804787,0.8764587001329728,-0.7088069699695742,0.011988658569058926,0.48887399189679065,-0.6219991665154243,,,
2012-12-22,-1.3058339194513793,0.3144910870966366,-0.06683346297425159,0.13051946564948116,-0.8950362076489521,-0.9499791330423936,-0.3238298754398435,2.1334472359087338,0.30237172603910156,-1.944854828643412,-0.21665174981773022,0.844409012361886,-0.03964241846077171,-0.08363798681951702,-0.01952095204468536,-0.3660798626089242,,,
2012-12-23,1.0685765656454704,0.24238372463859661,-1.6556401264410114,0.06988981213506441,-0.6574939563846801,-0.2830783091382616,1.1667472997740187,-2.1735074386615243,1.0754230999869452,-1.927895675726119,0.5941522234650822,-0.2791056065524129,0.506340015046465,-0.1772749307026372,0.21675019559574454,-0.1160684126118194,,,
2012-12-24,-0.05729549131852792,0.03774584150749275,-0.5161503982409507,-0.0012007421658310384,-0.4267053839991883,0.611663193534262,-0.6075930903101968,1.9534004674372438,0.4781813544394408,-0.6251646621073591,-0.910032601101804,-1.6484039983025218,-0.05905124604745642,0.028050914785858666,2.099844398409607,0.5239091794518896,,,
2012-12-25,-0.1364956308894523,-0.24618360093715308,1.0044299769655964,-0.021902323016641214,-0.2200869999806001,0.6470590284435357,-0.4778825208434487,-0.6565674297442144,-0.07802746564719994,0.6352822720372203,-1.9704673418954957,-0.5682325703874406,0.6758868656472989,1.2552954364670423,0.10072964726067495,0.5559811163163377,,,
2012-12-26,-0.05349272741801475,-0.5506277492768954,0.4280338115847417,-0.08661716299948469,-0.011942382530488536,0.49907400334855506,1.8355791340119039,0.03563173756539799,-0.30131580444316236,1.3319420701618139,-0.12008603106452599,0.7045350513514435,0.6112875168536377,1.8801638028830545,0.9074972557892852,0.6794698250069435,,,
2012-12-27,-0.27843709841994524,-0.7904877980265687,-1.2761682127581258,-0.1740318276206747,0.1464019346578913,-0.06538661220176467,0.3806800207642511,0.009107193142264687,-0.7931665948170765,0.6577677790153049,0.673260593230174,0.8421824706691595,1.3060010055017774,0.5278623918242612,0.6209625565231505,0.6853407648027545,,,
2012-12-28,0.5215507151133773,-0.9417869765518229,-1.0077862521773433,-0.24341659608764876,0.2931446436209752,-1.275953442344607,-1.4794942178213362,0.18834865716395563,-0.8661891647983944,0.7003977504390825,0.22361668737503085,1.1912472580991549,-0.3691535283905263,0.6042651704027224,-0.22875416775778254,0.6089683098083689,,,
2012-12-29,-0.3684415954480446,-0.977801493886764,-0.10600619589238103,-0.3349940283178269,0.4374570574626688,-0.6507550605629027,-0.5421355085606354,-0.5283613915563967,-1.0186808725112173,0.4705926679201138,0.3505655639307878,1.944982596528935,-1.3684250260555508,0.46243604178063863,-0.7356938237704767,0.5729281677780115,,,
2012-12-30,-0.525843804116466,-0.9264845261751218,0.12776800898544557,-0.3853085218181626,0.5943323477938497,0.4671365554330295,0.16467353987709044,0.7481566732314534,-0.97665813999453,-1.1085267566205073,1.2231461232260379,1.4662928467444167,-1.6355114117850713,0.10526196113511514,-0.9338867841164764,0.6194647347693726,,,
2012-12-31,0.3905895130438782,-0.6879102397192027,0.7938636999079807,-0.42011356069756634,0.7302285600617288,1.0754538727832896,0.6700032470476903,-0.606806330689102,-0.20396382430876503,-1.2806574545882812,1.3597205573679059,0.20052641179210817,-0.48403650281667626,-0.2579011449850197,-0.8167690454429449,0.6164209420949986,,,
2013-01-01,0.1994615244586734,-0.3008672029351321,-0.856663985196287,-0.40493818782084096,0.7994426165647371,0.7758626218721812,1.2519881582177326,0.27507430869371313,0.2210477305742572,-0.14072178961170817,0.7120805629892633,0.4859854873772482,-1.0441880632447404,-0.3517543881086522,-0.5333312578611304,0.5718980729211107,,,-1.5896385077908162
2013-01-02,0.15153339837550145,0.17133356673224093,-1.4327096033011417,-1.2885398268748147,1.2807171495350984,-0.650198955219939,0.10331971374631567,0.4268180878666395,0.17608691601980656,0.7041119764549503,0.17921653801595833,0.7915940401083341,-0.07694252911554728,-0.0937636882299145,-0.809677377465462,0.4577668055366582,,-1.5896385077908162,-1.74194494676964
2013-01-03,-0.2007821571067175,0.5760035304182938,-0.9172878839173642,-1.2648589480908388,1.457160567515349,-0.6580094864790346,0.016415391435245882,-0.5760195909293923,-0.17908526321370113,0.7781785599702206,0.670754760051264,0.5141629401033224,0.19039037084880506,-0.28188712255909726,-0.751303572240814,0.33678247582887,0.5135537805264304,-1.74194494676964,-1.7848340880493458
2013-01-04,-0.6530442431186501,0.2038655525767122,-0.7732060070189546,-1.2193799867991477,1.6197106932572511,-0.5405647777882885,-1.0855994081544775,0.12371862041477116,-0.3157928110675603,0.6012479346847721,0.2794921879123946,0.8884356474268976,0.4929013630011331,-0.2835682436350605,-1.0804802393438515,0.18934616173515587,0.2011230298079573,-1.7848340880493458,-1.9164079920215833
2013-01-05,0.9019360109937427,0.5793672675662067,0.3286480966933056,-1.1903231691906004,1.8537127578305401,0.10900385419738778,-0.06167283607205911,0.28299160849813204,-0.8378219365426101,0.17210968050611164,0.7658954677438466,0.7954030818690807,0.06993560248851106,0.4082828316946821,-0.9549993939472894,-0.09003237226507416,-0.10012992531363674,-1.9164079920215833,-1.428940492005576
2013-01-06,-0.2646965990224334,0.7746136202350058,1.4283552672197286,-1.1038485843570611,1.9281384545576112,0.11487719995251376,0.6089286080764231,-0.3739739414228423,-1.4525473717946809,0.3262720261298866,0.6741535546385876,-0.7715560996767244,-0.06671782402966417,0.16287946503282727,-0.8320872100895693,-0.6977419449770876,-0.4900733957153186,-1.428940492005576,-1.8311248220059884
2013-01-07,0.4465779903685079,0.7433678324089429,1.8529755128077265,-1.0064488994001233,1.926118417523765,-0.14132815240057495,-0.04977709112441674,0.11878297425022916,-1.8345442478686733,0.4302303938475893,0.07252661374858838,-0.7046405451229143,0.4265334940228401,-1.161191727579099,-1.2901263237879141,-0.9188902031852771,0.23635432135954149,-1.8311248220059884,-1.6540078409776977
2013-01-08,-0.47247833165211195,0.4956283803120542,1.1560058960983166,-0.8572788987088483,1.8911442721657097,0.39782220376693495,-0.0017883254604562457,0.40412161506796546,-1.8480309750677386,0.8858745113859038,-0.26521437889081884,-0.35836407284701693,-0.11407003201161699,-0.9975436663945878,-1.1673902494822386,-1.186657741236022,-0.3924642139914315,-1.6540078409776977,-1.3413754763727908
2013-01-09,-0.643697563443845,0.14747586980367727,0.36343133599373856,-0.7198901686904444,1.7700451870175122,0.9998629932572923,0.3864532755471211,-0.8880177146347916,-2.2193028147509493,0.7678736670851188,0.27768689886308207,-0.26638138223197605,0.31211604044468455,-0.5809150404479523,-1.0573269177515203,-1.3666780163675538,-0.38427579258703737,-1.3413754763727908,-1.318948713984291
2013-01-10,1.3129611543034614,-0.20110834420725063,0.19432202501070178,-0.5193409543761328,1.6204177329224982,-0.2918822515549182,-0.6136774529604558,1.219275268924569,-2.8537953538504466,-0.41453675128317613,-0.5507177572140783,0.05716361344368322,-0.009308135300702552,-0.6770812908226029,-1.210278641965766,-1.4354770811541517,-0.3794009958151655,-1.318948713984291,-1.4359347016684272
2013-01-11,0.21632650436888665,-0.47210135054693436,-1.3060199017140643,-0.32526122385098255,1.4131273115883713,-1.6052194385821692,-0.11275886764667263,-1.2025836099515315,-2.3527890725294545,-0.5914683045410812,0.5308085694728338,0.06180088558463905,-0.9503291194433238,-0.9523086672645946,-1.4695024489525679,-1.530939447714206,-0.17954979893291437,-1.4359347016684272,-1.524848867945504
2013-01-12,-1.0798737374481233,-0.5859301024554647,-1.264669736169642,-0.10564052216081624,1.1522297458685904,-0.3911869319356589,0.17299415809751512,0.9553663135583406,-1.3158673932946097,-0.7093022640948614,0.6826849316360102,0.06031806412613272,-0.9794438057485013,-1.2495181583228212,-1.778173753812411,-1.588418183401579,0.13387849303336544,-1.524848867945504,-1.6543049280035835
2013-01-13,-0.46051456563693177,-0.5470372121291887,-0.17884029836818113,0.14543976520777877,0.905968292337022,1.2734787753144257,0.020517524710566108,-0.5832028725783305,-0.11936661670808225,0.1617434976819491,1.318766480612568,0.04352744052265425,-0.40726067244223063,-1.7061066276766284,-0.9743105283834937,-1.5788513219505507,0.4363563757710888,-1.6543049280035835,-1.5273607394561564
2013-01-14,2.101213405462676,-0.2968719449925379,-0.2264650929299941,0.42636105936017,0.6553534900547318,0.7872654436840699,0.3974101038917158,0.2276404627120877,0.35210686058660345,-0.1711157701718443,1.230829700139415,0.5108546617579125,1.2751073680444218,-1.1082975901451007,-0.22438280836799018,-1.5567217868718954,-0.08335709828942724,-1.5273607394561564,-1.7304889493316502
2013-01-15,-0.37285886905976695,0.0024782536978910385,0.46094065418254976,0.7274167355526244,0.40279506325807124,-0.5879271315440034,-0.7505471941358908,0.03236946348029725,0.26992604498202294,-0.28772418958889173,0.5473439095117824,0.5219411874337107,1.6669996011501957,-1.3434044572617303,0.09629279989535315,-1.4854848825087787,0.6245687279382308,-1.7304889493316502,-1.549861297389684
2013-01-16,-1.6097146958175006,0.26311430434143934,0.9557381431780159,1.0275027653588424,0.15550147476780046,-0.7700108601613906,0.88232355269918,-0.11384243322855472,0.028902339576558803,0.7166004193034815,-0.2670333730158126,0.8222957479868996,1.3928927611557984,0.3861717066443803,-0.5265508863789737,-1.4593290582009164,-0.055212097012712937,-1.549861297389684,-1.35247669825968
2013-01-17,0.6933494252620586,0.40262381378490397,0.24405921385462542,1.2969414388973852,-0.09771355325101921,0.16355874902666895,0.9170493675989705,0.06653752480941225,-0.34753196973677813,0.2242588009167129,0.24809631860639594,0.8678180421686414,1.5895516378658254,0.4072901833677615,-0.4620933944498256,-1.3563056747445776,-0.07913416255464947,-1.35247669825968,-1.1277918246737437
2013-01-18,0.5783104943862812,0.36918704461997803,-0.4580483542041611,1.5860530617607056,-0.3891936782956031,0.8970705959943358,-1.2371357532736997,-0.035143187091945687,-0.18600408093863885,-0.47462762789950197,0.4344970143140012,0.567611291062207,1.6792140091046421,0.5155484631727636,-0.6799792314919011,-1.3897366422661575,-0.24403310196748054,-1.1277918246737437,-1.241287128285016
2013-01-19,-0.0937563261762894,0.17107282860999248,-1.1851178904661057,1.6800595585611255,-0.6410874197210168,-0.002871386403603643,-1.398920590261639,0.020792108894808186,0.28474380200191945,-0.20021450273107716,0.5817972987567017,-0.024536663554613643,1.3807129694082756,-1.0596014039746802,1.0242972914366881,-1.3059542214817699,-0.32731758385079934,-1.241287128285016,-1.4873691104945006
2013-01-20,-0.6146028375676534,-0.1642186971473423,0.36091056804626326,1.7064696534357089,-0.7612730137927659,-0.8642258304403493,0.9865712106724364,-0.06537107052754972,0.19785472299248608,0.19479968003693648,0.12731011885751406,-0.31988646952772215,-0.6929084724516725,-0.49655735169590315,-0.5002721620024585,-1.3186229886313516,0.31696923224432916,-1.4873691104945006,-1.3163533774402418
2013-01-21,0.11864981298546388,-0.38785488646221833,1.452936897898885,1.6274786723440822,-1.0720634267367506,-0.2926316153901351,1.6441464609783536,0.1406545952502445,0.07963117593278003,0.4495737624533136,-0.951617821251311,-1.2474020581878353,-1.0267302787947117,1.5913444731572337,-0.5584812997445544,-1.2379433006770686,-0.1535711423580401,-1.3163533774402418,-1.5139618505772479
2013-01-22,0.19838798118983028,-0.5434758567628323,0.20468285047799056,1.6165884443864074,-1.2765256871903055,0.5750657020783976,-1.0162906956606634,-0.1942510227928359,0.1426728900360745,-0.5143899521816582,-0.8711800441829853,-1.8558090054247773,0.4441619530526216,1.0862500556631027,-0.871361929361017,-1.1857603825853549,0.23589698190994288,-1.5139618505772479,-1.0305471503439303
2013-01-23,-0.1165870960365422,-0.6548123324252955,-1.7844899911480419,1.5814209475224943,-1.3795360645265278,0.47565121665270754,-1.3698514643969217,0.1382774159911817,0.46189460916805275,-1.033032859818661,-0.5161385365185495,-1.3641994024995274,-0.020672069231103266,0.6277408285208679,-0.31917857866309374,-1.0399000649730057,-0.26948069078604386,-1.0305471503439303,-1.32463641742293
2013-01-24,0.7929634125904558,-0.7197243069138897,-2.0843136188233626,1.5041560487467838,-1.4682781854044598,-0.10527411457410328,-0.4040386464059439,0.053726103557622515,0.4082722940884711,-0.41946348574601616,-0.13540599796051075,-1.215776206405504,-0.46716832468819025,-0.31033514102785487,0.24572190442223424,-0.8215074379317238,0.3016766858330805,-1.32463641742293,-1.2956237786291123
2013-01-25,-1.306282997644932,-0.6232792119987187,0.060466496365929455,1.4034567150696262,-1.5065587861206347,-0.2982304325150264,1.402495128880075,-0.26992371431824413,0.38225449514609877,-0.1421249382267795,-0.6261865866645582,-0.5069431421870609,-1.3819372728086532,0.41924588290725934,0.6680045761555424,-0.5659366315726813,0.15314326811148782,-1.2956237786291123,-1.2864189597418618
2013-01-26,0.2596802108405319,-0.2739889525699814,1.5353169566859162,1.3062430377703447,-1.4902668230955323,-0.005175262210644731,1.1686809560614926,0.4503122021777315,0.5509176570417295,-0.106752204315178,0.10081362474030685,0.1909183045799735,-0.7304838903880032,0.8451419798422003,-0.309434951748354,-0.5572926812933646,0.364615555083998,-1.2864189597418618,-1.5226242899328337
2013-01-27,0.68243304242599,0.26429769181461926,0.9594487797468059,1.0502451540578324,-1.6579906610225432,-0.287185126200728,-0.7832017499729079,-0.5321762652017891,0.25976428484708175,0.043142792518536414,0.10953895412105562,-0.6370480779691546,1.2909558949470714,-0.3174823745163738,-0.8060776617419154,-0.6403508718592582,0.32820745622133096,-1.5226242899328337,-1.3144054330137174
2013-01-28,-0.3863240637278156,0.7632597889478524,-0.9003468357140937,0.9062064050725886,-1.498429334878907,-0.40245370527635216,-1.767714316569767,0.328315637115825,-0.11575673588548194,-0.05965413566672886,-0.47444253329315556,-0.8763978531334707,0.6985777783331308,-0.9437820543685973,-0.48269023415673834,-0.7630644737765114,-0.11487613084351096,-1.3144054330137174,-1.5641730712634734
2013-01-29,0.2273166138612118,1.1095577015790115,-1.2387219157399088,0.6956396573217968,-1.3136238331737624,0.2140481360276291,0.30759412168838407,0.16397282987472142,-0.6715171667309037,-0.07412763543333337,-0.33810158126345335,-0.6097251292173095,0.1695142135058843,-0.41693872163119033,-0.6158971671580739,-0.7787163830190588,0.21091035552551873,-1.5641730712634734,-1.4696625721144694
2013-01-30,-1.2750496217745202,1.247444391868249,0.5011153606764727,0.522239556560376,-1.1050265061280262,0.887484574373544,1.697837149590389,-0.6202325989009727,-0.7635256245548384,0.9189421511650829,-0.11475159781780649,-0.3779491240582964,0.14228024046885646,0.46170559934523603,-0.6206805320420932,-0.7777556104729987,-0.17312868912475388,-1.4696625721144694,-1.6937487815319654
2013-01-31,0.8225756800752935,1.2278083823490211,1.5195332386147247,0.36843962602140423,-0.9054368619294281,0.7176116788811593,-0.11503215853636466,0.6668765625322999,-0.6019119758224328,0.5279204177357542,0.08831522413358786,-0.6761410939791687,0.838483972997735,0.4696103408428403,-0.8785382744136105,-0.8313956592527064,0.16308735965910018,-1.6937487815319654,-0.9409588954576782
2013-02-01,1.0854906518356504,1.0818240519478888,0.651062979652438,0.15049971666545023,-0.7133799376383754,-0.8698774945068801,-0.9951478824177981,-0.3238396642161942,-0.5805271063595236,-1.19761467222578,-0.0693802300265404,-1.971559810322149,1.2630282842276634,1.0171840550251847,-0.3465765064467361,-1.0012579112040307,0.597969245355055,-0.9409588954576782,-0.9075711714940313
2013-02-02,-1.0717679760616678,0.8258616596062299,-0.6322439210262111,0.050007090811369365,-0.5597311309421219,-1.6444220970331023,-0.18078231216367976,-0.4793274523449171,0.1362356412312009,-0.816518590276783,0.1835625950655327,-1.5733451635872753,1.0836642800285299,0.843876416805975,0.7133094003293805,-0.62368604455283,0.18569934453732323,-0.9075711714940313,-0.5379139425550382
2013-02-03,-2.201317285695202,0.35650406855119204,-0.45281744169770166,-0.43594106572378805,-1.1340873502634163,-0.5025746271607542,1.1732853710767,1.4172218666273515,0.6973477039276778,-0.4174606183635701,-0.6719535815167733,-0.9776361659375267,-0.3467318061845874,-0.638311391930936,1.0969744950647298,-0.22810433962537632,1.528358925477995,-0.5379139425550382,-0.5479536129913933
2013-02-04,2.3774503258219273,-0.4770960803829765,0.5540170256925457,-0.6399209347937456,-1.2279934802233967,2.0406702014954496,0.16464048277417526,-2.152031268726752,1.694845075273504,-0.4748588473051301,-0.3238767242951918,-0.37146906062722124,-0.6308008306119011,-1.6468221198970026,0.5605024091888289,-0.010364662411236743,0.19750694757109294,-0.5479536129913933,-0.175527962814864
2013-02-05,-0.06451120699653254,-1.0319298763389753,-0.6988080993594069,-0.8185945790031544,-1.3208450124264786,1.9739241250070358,-1.7231479032078283,2.274912567011358,1.2509061126292884,0.33763533482967545,-0.5665529050071044,-0.5621535773640159,-0.12453802102458394,-0.4457043774384475,1.0562994043703553,0.23583792242993648,1.8518754035215967,-0.175527962814864,0.20913457948970035
2013-02-06,-0.36874853398170837,-1.2903099797083244,-1.0067668453410699,-1.0200884385525582,-1.412596215060835,-0.6107975342354734,0.08001316704527801,-1.9124388431016521,0.32711928166749055,0.03675113231832908,-0.535196844170832,0.5001654268248422,-0.15318028451032892,-0.40323502647356496,2.623766686110722,0.6252608888301496,1.0621975099341752,0.20913457948970035,0.29156196244052257
2013-02-07,-0.5255113204565406,-1.3288993697310054,-0.43950578770901383,-1.1371751442794598,-1.5045245431098853,-1.8937289980346808,2.2523237898078183,0.9001156645950668,0.8020028477176114,-0.41491854811742296,-0.003976133291031431,0.7724633493570835,-0.326985842463891,-0.9720545455747458,0.7290238727703773,0.6836369939706219,0.17397242013215947,0.29156196244052257,0.23460542397539744
2013-02-08,-0.1915507520496113,-1.3200288535201243,-0.08889233052878137,-1.2335134232429366,-1.6629599897025273,-0.30840397713772777,-0.33979132353230107,0.4192389342015037,0.791400121258634,-0.12389044514686416,0.24027807852895694,0.3891764362311957,-0.04813629169157545,0.1023297838564054,0.4761366136681808,0.7733450207113544,-0.017944343639498102,0.23460542397539744,0.6876269752250199
2013-02-09,1.2370373372032042,-1.1921882645864474,0.24340263875750145,-1.2670411868369729,-1.7578602352071253,1.259081059308117,-2.0687471486195634,-1.313355030407275,0.8859673946887026,-1.097951282436515,-0.27347106357379247,0.1728570966617912,1.5831702830956527,0.677563299112884,0.9861245654423146,0.9229898512635771,1.9518519241257963,0.6876269752250199,1.3024306057431794
2013-02-10,-1.1428734421502378,-0.9158630370494887,-0.6665584031890369,-1.2874585801775023,-1.7756947552502915,0.5614943032597294,0.056218103792370584,1.8045756005579052,0.9308734846995893,-1.2797317180648082,-0.380740796737398,-0.10154700658344652,0.4966055329738028,0.7550647999636676,0.5152578118167026,1.0254490708103454,0.48798995087700964,1.3024306057431794,0.338798344754398
2013-02-11,0.491285788018876,-0.19767656084391966,-1.6457224086674653,-1.2564825189359492,-1.695504159049231,-0.5555350055332755,2.0708455609661973,-1.7820481036221028,0.2598571054646509,-0.2530132915583157,-1.1384959942714261,0.15610294929774646,-0.8057646497274594,0.5558944611845898,1.3163280874604624,1.2650377192077062,-0.3212055547866033,0.338798344754398,0.34808476038813707
2013-02-12,-0.5350672614722325,0.671545666392816,-0.7142786220502766,-1.2255317929867364,-1.5644331134911555,-0.48027741509953953,0.10044701206170886,0.9645527078352631,-0.3842808606159555,0.3400606827500858,-1.4063670816461697,0.563517338609448,-0.8901197113810818,-0.06117814989729868,0.8657271713653425,1.4523611803682255,0.3035888068259836,0.34808476038813707,1.0507056978676252
2013-02-13,0.3167800816037044,1.0713166220213313,1.0115405021062414,-1.186933327640442,-1.176559032712157,0.2314226880214871,-1.7660364672269429,-0.10262476359903577,-0.44813936603869337,0.8316701255801727,-1.383681118537308,1.4310288095223758,0.26757436397413825,-0.8597996656122352,-0.46057027147696583,1.445496541598516,0.15191332959571918,1.0507056978676252,0.28242861628219923
2013-02-14,0.4324920574246386,1.1622171727711885,0.6257377773082742,-1.1057281708230928,-0.8932274211708155,0.33427114784060463,0.46883921275387774,-0.4499810059653331,-0.4234020555896286,1.613514472836636,-0.17003695072249267,1.331892710359193,0.36779804924699777,-1.998273520256247,0.14561020240311806,1.5287510793551526,-0.7382535710568328,0.28242861628219923,0.19466589552929361
2013-02-15,-0.7182954408419692,1.153576750819721,-0.3097219974160462,-0.9923980663275184,-0.5697612554310613,-0.11048222528925775,1.0736885824247169,0.6392563627617176,-0.3189574460290681,1.8976795976814769,-0.20158348486474784,1.3981713267294578,-1.2428816542710157,-1.597652880439303,1.0515678581830568,1.6078853548248289,-0.2562657309281308,0.19466589552929361,0.18625455806781224
2013-02-16,1.588976641821942,1.0503513483226532,0.924506715465857,-0.8404353127740127,-0.23862833666039684,-0.2432618209930007,-0.5875544803330549,-0.4981987814229719,0.48432573877595,1.6493993130423372,0.05517630362491479,1.1958063161794537,-1.319460738351534,-0.7244231506817194,-0.17969516188170637,1.487437106427923,-0.04765315928962789,0.18625455806781224,0.040615273374327465
2013-02-17,-2.456706860654112,0.9167907616931562,1.9965759452521723,-0.6354834383496608,0.028444882887163517,0.1013000788460895,-0.7744395328917483,0.4045620463618112,0.4906677070712087,-0.10139744758778158,-0.6100691099045724,0.08379071298497434,-0.6631109802942045,-0.4337241593921928,0.612275644140417,1.4277575276201784,-0.5309594244398227,0.040615273374327465,0.39208377104675907
2013-02-18,1.6908950830040652,0.7858330779829925,0.4429579511780342,-0.4282188835533657,0.3282672234747306,0.13571288030021222,0.3774824499229093,-0.4247984614324904,0.7314987391482063,-0.35515766568707186,-0.21642854390413446,-0.25165924070428586,-0.8511766027836409,0.13962567576619758,2.7894843558640767,1.4898882672352882,0.8765939812781401,0.39208377104675907,0.31881047793148015
2013-02-19,0.28073195929527184,0.6906621394745295,-0.8540697843285007,-0.25550618641646955,0.5743654981618468,-0.04159898382734898,0.025408175047248144,0.5763343202462513,-0.6284632251464511,0.9128742640190508,0.020136982622483826,-0.23676440220283546,-0.804443862621356,1.8287280813183684,1.355259740767354,1.2420319956717814,-0.05246820032303873,0.31881047793148015,-0.11112496670933525
2013-02-20,-0.5855980895372012,0.5607221684063192,0.36580322210237226,-0.04439780673548064,0.8208912636630159,-0.025228523271033074,0.457702050315895,-0.8607724886214976,-1.7118287720853402,1.130593053534246,-0.4855845270003215,0.16326480260900963,-0.5970074177319651,0.5416690193475868,0.10719085510394456,1.1190126382038472,-0.5138798500443315,-0.11112496670933525,-0.25538963629663475
2013-02-21,-0.5457261509263418,0.3242869212517831,0.6358473183522941,0.292849516542963,1.0532009151360644,0.05263757096392026,0.23699203151880133,1.202662525758421,-1.3110367092928121,0.6635036849151686,-0.17491108085570778,0.08708666969653947,-1.0774408980794148,-0.4509404510252571,-0.07752513000038205,1.140814140679167,-0.4241045107436367,-0.25538963629663475,-0.4463850926557246
2013-02-22,0.1625048718902811,0.16500151412289518,-0.4802753625652191,0.5149988722518556,1.2252720070991432,0.06253566169958087,-0.8979152837275091,-1.4719504048867695,-0.6185557575612768,-0.06551708296163875,-0.10557331203961606,0.14377386782647741,-1.6056124482228022,-0.4805167163750832,-0.3133652408087993,1.0280811508347458,-0.46878046845263655,-0.4463850926557246,-0.5131920887139122
2013-02-23,0.7891222463319997,-0.014353497967976489,-1.3161898884771022,0.7049520375711746,1.440435562962938,0.05386256094634265,0.44217310303906937,1.4788115107267457,-0.17013794385245076,-0.11328270864743405,0.836570968890327,0.11619054415488674,-1.3258814832830226,0.46018645014377246,-0.07048474158190303,1.010543978030848,-0.15880332215413806,-0.5131920887139122,-0.6717881258501128
2013-02-24,-0.4132961072507851,-0.29027235583774574,-0.6968450792542404,0.8839187562011,1.641354521713738,-0.23228760474391363,-0.09556770231722121,-1.0062684354954503,-0.6288821190763356,0.19402081334981439,1.0194952268589739,-0.034798530157335056,-0.4527749157014472,0.21911933394207372,-0.5614792837263498,0.779833927674497,-0.4483019742530388,-0.6717881258501128,-0.6344788696797901
2013-02-25,-0.7313864040785945,-0.6968436259310572,0.6901155104798355,1.0259581694779323,1.8206756804448168,-0.15938621579857554,-0.24865494999048607,-0.046912960692269294,-0.4701980413289866,1.002168519730384,0.4176895987866117,0.059764034283568856,0.5312583108010617,-0.3138042287720386,-0.12463123389253626,0.6135746509033015,-0.3719782950002381,-0.6344788696797901,-0.789524034460897
2013-02-26,0.01880258415524442,-1.1541660660493616,1.569797094153719,1.144195316087945,1.9813162216931282,0.6351529501359358,-0.12210523194790708,1.4323690669695777,-0.5728142455037628,0.8200202471430506,0.2745200634782912,0.24647156758300376,0.9561269726583168,-0.059472551130101886,-0.25016114018008656,0.5864283645259706,-0.298003675861356,-0.789524034460897,-0.8695773553319305
2013-02-27,1.5905303752998268,-1.5470151632256246,0.6450468863878225,1.1087907333362594,2.3125899040219666,0.4612340903034831,0.37227069397223456,-2.3872569082101953,-0.8646380889430654,0.4816682951359922,-0.38669235922145373,0.6336530070623613,0.1329080431033575,0.44806052703122495,-0.038525597789402156,0.5538933808299498,0.00861261694145692,-0.8695773553319305,-0.7296942459739676
2013-02-28,-1.7490399720264733,-1.808506224326705,-0.8942187867361205,1.4358805782256323,2.4518309367957576,-0.47767708126634467,1.6043119018507954,2.3698553290284385,-0.985677126834063,0.7342772723996102,1.5316761465816642,0.37517563256438097,-1.4913057342114309,0.2538727446278796,-0.4494917580039787,0.3507922675655628,-0.3219046570705221,-0.7296942459739676,-0.7546052798959862
2013-03-01,0.41998783445138727,-1.8237238304451984,-1.0834172973951255,1.6220815943964748,2.2248395141825137,-1.3191104484033147,-1.5452663609877175,-0.8322504981407169,-0.8391064395686629,0.7727218972309811,0.09871291782338065,0.5321376267737179,-2.3636725009101105,0.4794503369897163,1.8484009811046007,0.6647394127489055,-0.05414876426274963,-0.7631099520175761,-0.6577858186338433
2013-03-02,0.7487010507338933,-1.708921010823353,-0.9056115618763637,1.6723749054118906,1.9899686401537842,-0.11172589856494379,-1.1473491443750827,-0.3295540488304196,0.1150415553767688,1.3188557746468803,0.9883117002382549,0.9341289029708835,-1.707312792397898,-0.21712544858600857,1.1280850618060005,0.7365527569467158,-0.043165649034121484,-0.6577858186338433,-0.7039051731588323
2013-03-03,-0.2822488322224237,-1.0677923793543354,-0.5915586562054013,1.612789948259504,1.747115791726448,1.3682756315297755,1.1797770529266065,0.9715908958166485,0.6981627467508715,-1.2191053158093907,1.5193339424967836,0.5999202243537506,-1.096085776069803,0.41496495725944144,-0.6505977629953688,0.2936899166871603,-0.2787519978205226,-0.7039051731588323,-0.6801480444285745
2013-03-04,-0.6358561629756134,-0.3448030262071022,-1.2686967070169575,1.3384390522607474,1.5027712778305249,0.6473107497898641,0.5353842641666822,-0.9913211246246721,1.4546590693053032,-2.0210797335391373,1.5381699890362577,-1.8426650731068046,-1.504011514517861,0.2937710102621761,-0.03854961294069121,0.13153582259556762,-0.25935550802183255,-0.6801480444285745,-0.927126637240167
2013-03-05,0.7394840392244612,0.16803704063771413,-1.5668927629233487,1.107753485326571,1.2626497203822844,-0.3650804261747733,0.9732271388967509,0.5912386354015521,1.179743471080108,-0.49577553577614364,-0.19653210364617588,-2.5851485406248527,-1.6524639977077065,0.7455904489943288,0.41281037883187083,0.16766944355530164,0.2368101103517341,-0.927126637240167,-0.7496419363854688
2013-03-06,-0.7531145923868435,0.5432712338235515,0.2761639072690633,0.8044000811206959,1.075382215036159,-0.5209178234703713,-0.5823927537985687,0.19018142662341697,-0.17568715988537473,0.8228907577086472,-1.1431157620104233,-1.7175187743333642,-0.9563003896270312,1.2489086588475482,-0.6050347685036639,0.14185899942780075,1.0046401259315685,-0.7496419363854688,-0.7059816854289168
2013-03-07,0.6270689206283583,0.7755656669850741,0.8253004224720982,-0.6553756730336555,1.4725013466918575,-0.46581247294423056,-1.1184928944592176,-0.8636933358306484,-0.3364858051292343,-0.28989272764118923,-0.2746573601542872,-0.18132304311463635,-1.1208856132151972,0.20353732858963636,0.6641419004340772,0.25128228531933816,-0.492794710000348,-0.7059816854289168,-0.8776262322133122
2013-03-08,0.21929210711258976,0.9343118242316739,0.7850217107110024,-0.6409287962726252,1.3397583116842937,-0.7960296916038201,-0.13062166974542136,1.0596807103061014,0.2774361762381758,-1.0403333557526395,0.6786303242005053,-0.2927627104773917,-0.08540289882073732,-0.013079499409340396,0.85948354724885,0.35907694092431014,-0.04072640591481417,-0.8776262322133122,-0.9184066817599946
2013-03-09,-0.851876524666652,0.9049072862605566,1.777596703092372,-0.6064328207580105,1.4141000830113084,-0.17186162474687583,0.4949030348310553,-0.7353013930475628,0.0874492794686338,-1.341426452191925,-0.4934129077971741,-1.0605638764665137,-0.6753528436363146,0.38151947653822843,-0.9137053012992289,0.2765397711383629,-0.0502063063917293,-0.9184066817599946,-1.1705723968535258
2013-03-10,0.2604555224556134,0.7364031897989985,2.0776936307671616,-0.5611612526183487,1.208424053079281,0.502241741220036,1.0484380368445503,-0.06475099365884818,0.35470570781581745,-0.8128321830493915,-0.7236764025270703,-0.6731040116877894,-1.800051202923624,0.18935257361539953,-0.614859695256192,0.1732734707104647,-0.23836171274773835,-1.1705723968535258,-0.8943741658370463
2013-03-11,1.3944258675683645,0.5354658488955717,1.892214193282388,-0.5011215102221738,0.956106767041916,1.0017583787685416,-0.01855423920944354,0.952519595136811,0.10717027539783212,-0.22810209452087613,-0.1362565554824794,-0.2645715962361365,-2.0373376584120493,1.4743297203533516,-0.4940010466472929,0.1469389761894545,-0.22123272778769879,-0.8943741658370463,-0.9638892060696593
2013-03-12,-2.0317284585777737,0.4361483104341992,1.1735483658280912,-0.40688981800111923,0.534821811794466,0.24825678516220626,0.16631572623077864,-1.444841622911389,-0.03584485387565521,-0.06195956309208586,-0.6303894149594668,-0.1556596031734583,-1.852551557186486,1.7569245910968363,0.24905309515972604,0.16618558364074015,0.556968723810433,-0.9638892060696593,-0.5167413162531862
2013-03-13,1.5505389256545075,0.4095672060621954,-1.2403605824672388,-0.25381445677646697,0.06814179634440905,-0.8300955481710522,-0.8072985588635752,1.5220715945445558,-0.16565532371771455,-0.7153671974256266,0.47998538853357375,0.6479179317741364,-0.6774671055604221,1.5250028539826967,0.5066872296810233,0.34718877710552737,1.6756602015605444,-0.5167413162531862,0.04599039850772547
2013-03-14,0.4583109814167705,0.4525881040557834,-0.7553531843841563,-0.13855398697376134,-0.3521630561468109,-1.0010105142672614,-1.166745361909905,-0.989867289734466,0.4139799768086639,-1.7961722595730012,0.9551353417393067,-0.3619738439123163,-1.4921677496622285,0.15906257236684582,0.9253688553112239,0.19046854220222575,0.8294361632247729,0.04599039850772547,0.4048173907762294
2013-03-15,-1.6326135365855123,0.37680235605461965,-1.3108572074797387,-0.0065550492451109076,-0.8566145642283904,0.2116631394543782,1.1112217199525285,0.007309154751638967,1.3315367136609684,-2.0345415206895194,0.3350719393547832,-0.9141140166023313,-1.2168542988418725,0.5405263789075726,0.5585557269679815,0.1040498447490174,0.6815507251838725,0.4048173907762294,0.25226499384775153
2013-03-16,1.9927803931018504,0.2927520444164966,-1.322162904820715,0.20059832999784738,-1.415198994343355,0.7212805239203025,1.0428162021063598,0.8876249782725648,1.5209638483814978,-1.4591296697479779,0.5904783385826198,-1.6736051802731045,-1.6475241339074969,-0.40019459596109225,0.564500019829878,0.27708132958351545,-0.40700441450462443,0.25226499384775153,0.3215158949937664
2013-03-17,-2.0832015186135124,0.2491883064680007,-1.5481303743782295,0.36394413805510106,-1.7443348654042532,0.517642082909358,-0.4065220872249576,-1.3212747264137485,-0.06569617515552338,-0.5167854607227831,-0.7483811647219384,-1.5196135526021282,-0.24766901977728054,-0.5955284488790916,0.7878210636503378,0.4049738464489245,0.1808483953977662,0.3215158949937664,0.05733052579527882
2013-03-18,0.09840009872106624,0.19679969866984334,-1.9533883459500048,0.6769045602307113,-2.065750062399712,0.6412148294809976,-0.3265917568920891,1.2474492908204133,-1.2024197874209708,0.13169953911246032,-1.4765155205842804,-0.7831591314892288,-0.5098977915681878,0.5316613573002353,1.4530836112041308,0.6050753294859139,-0.36506363300718386,0.05733052579527882,-0.02869659720998927
2013-03-19,1.8029608392664518,0.16261419012238057,-1.057303171811333,0.9945466379061654,-2.223919018509599,-0.6061101687841499,0.32647811435220425,-0.7297421635947277,-0.9465561415493268,0.4002262515006828,-0.4608862402121816,0.3601872737796878,0.29468982734467347,-0.40234691397907796,1.4919683628506677,0.8160256244697636,-0.16546360913184938,-0.02869659720998927,-0.3568561994981685
2013-03-20,-2.292721304568758,0.12584614921434428,1.5242259014390491,1.2350399798020275,-2.043705492951325,-1.757430152814258,-0.08998295950980384,-0.04340760355557655,-0.4307680790749101,0.3256481323193376,0.684523788311104,0.5820111109835536,1.3702182908677893,0.5690706440898103,0.31024396775341334,0.7627714881526406,-0.6341961330544142,-0.3568561994981685,-0.41101127714566055
2013-03-21,0.1266177845896143,0.09113948933381406,2.637577954966164,1.3715124474264289,-1.9250946711304224,-0.19960481822973544,-0.8233661861162987,0.7283603986282889,0.8746608306175626,0.6402849791861445,0.7084927042082437,0.9175100149734762,1.499707501363187,1.0256992135669616,-0.9006455321304603,0.46731016938502873,-0.31302461925644864,-0.41101127714566055,-0.49125107961966524
2013-03-22,1.8715923322923547,-0.04104871768687312,1.076483602226436,1.4168731225336482,-1.7731310541084797,1.9953150822150216,0.530784111698625,-1.033862866824904,1.3107562684681662,0.7107737772588124,0.4754550474127029,1.196456874793587,2.4911697649918905,0.08949218189419533,-0.4420787785382323,0.48961437683501025,0.08629031533707508,-0.49125107961966524,-0.4323429001814244
2013-03-23,-2.3123749144985424,-0.08874818612234059,-2.492846649484145,1.311959250747763,-1.4988938969803014,1.1790705925396865,0.51162917810028,0.8669116464045159,0.6378829921686817,0.9255927032162289,1.529220861666553,1.5813996960668797,-0.23291167651013683,-0.8147751517697233,-0.06904661312333818,0.5656106054811831,-0.2568432832303612,-0.4323429001814244,-0.33053646973214984
2013-03-24,1.5295488112217954,-0.12476649249870912,-2.902944553565692,1.3000769184288254,-1.3439773911624524,-1.6446048602856262,-0.06280770068855694,-0.03347641889190305,-0.12049763450807197,1.961703568354271,0.9323078449693097,1.1937201452665496,-1.9524358798578725,-0.13936471182440766,-0.31477397620030567,0.5419686707351453,0.6348449180016865,-0.33053646973214984,-0.36294379903069623
2013-03-25,-0.4608962097411763,-0.2066082734348344,0.4283709770752326,1.2477349856444073,-1.2067571885175876,-1.7359715563936948,0.0437810954620586,-0.8119675043437161,-0.32679265108933564,1.997593204664404,0.5420416379191649,1.3627152086484238,-1.7287067876814783,0.7425560434811448,-0.9080017518129632,0.3834729575912133,-0.019622370666239144,-0.36294379903069623,-0.4183268849140082
2013-03-26,-0.3237853938106352,-0.2867198215353673,2.1232031332029524,1.2095112029596304,-1.046106493835724,0.654377077965593,0.09529011522599495,1.2999189369944486,-0.24419798924461988,0.5257526271840557,0.4929933450129419,1.2487461658181669,1.5717608196292432,2.0276558927901513,-0.07764184652388584,0.31138442786672105,-0.2698688572322043,-0.4183268849140082,-0.4234954263273276
2013-03-27,0.6323413602097595,-0.38665445791853403,1.7613221807246073,1.1645749693610565,-0.8811189803474134,1.9259802978873417,-0.8583155857809063,-1.7050849735363782,-0.11381760039762634,-1.2610796234258799,0.29873950340473215,0.05564401457091319,0.027914647458306994,-0.21817860362996028,-0.7401768292636505,0.1283732677053219,0.12176215208982857,-0.4234954263273276,-0.5340731670219522
2013-03-28,0.014267418221729892,-0.6106306711595427,0.5003062776527253,1.092539400747867,-0.6654877273039024,0.5879589976389102,-0.9695690233511329,1.5216009855844994,0.3783775369930084,-1.4650480252575893,0.5819613146269988,-0.7055843620626496,-0.841961898886531,-0.9471488214337157,-0.7377716656995935,-0.008550035329490918,-0.22574150858384467,-0.5340731670219522,-0.6604852882533061
2013-03-29,-0.28649688348184843,-0.9969454161266735,-1.7529042233570393,1.033930829293924,-0.4735098331879637,-1.231583774528312,1.9045515362444287,-0.6123453927964707,0.823786243970138,-2.2880093359432516,-0.4547760729786591,-1.3076705998044804,-1.1603731769765508,0.39523866958921344,-0.5330795667568606,-0.08545341630463835,-0.5974070353684907,-0.6604852882533061,-0.807337662555097
2013-03-30,-0.041928632673148024,-1.1591861982945089,-0.09607155898343264,1.1195930008119686,-0.21330837006487027,-1.2973503664868484,0.6397162602186215,0.10030128413572534,0.07120460652436433,-1.5233194930824951,-0.9869383946200219,-2.31454864445396,-1.5261891991129413,1.379183557654261,0.5876268097573106,-0.10821426464630865,-0.146641711498332,-0.807337662555097,-0.846575237059365
2013-03-31,0.48950987508338845,-0.9378014044625208,0.9614433792717361,1.0256875942062438,0.06257027906316859,0.1241147859334109,-1.3485003873011416,0.07729523874364279,-1.5783198945768613,-0.3620738864509362,-1.3407249926639486,-2.144576389782884,0.27484549474842174,0.5098363761974005,1.11200976316681,-0.19882161916886953,0.3241615072203453,-0.846575237059365,-0.794273738905315
2013-04-01,0.1943450480936815,-0.7470590665627563,1.009658446246421,0.9122106735733002,0.30806865400243744,1.3536799080989645,-0.11294860969464413,0.13657041535628217,-2.093125268758143,0.42890426788675057,-1.1691720185439993,-0.8696762273492644,2.5895915454393252,0.6472940290774185,-0.34009320873701654,-0.4289913004464362,-0.40916747738662745,-0.794273738905315,-0.8831289586730505
2013-04-02,-1.6258891100712396,-0.6152309597460285,1.4008403950942692,0.7497631789249423,0.5525621569612198,0.36590383484580363,-0.013182492753634133,-0.9374492143308304,-2.018292803953143,0.2926735114258182,-0.7192184978311339,0.10991821213440575,-0.8281893337123097,1.1747406967922793,-0.5974093636269142,-0.5669373833035434,0.06425661101557209,-0.8831289586730505,-0.9481179031608138
2013-04-03,1.5689224647465216,-0.47479654570755664,-2.211025300254992,0.538850815532413,0.7536223549338452,-0.6136277433896828,0.2407246278469351,1.2767642965429091,-1.3323521198381123,0.8324635732856955,0.6928097827477734,1.327751820636178,-1.5557011278270787,-0.44962719323732897,-0.38785447440720533,-0.5115772380500013,-0.17232220161296458,-0.9481179031608138,-1.086910224718571
2013-04-04,-0.8459599916808754,-0.29448718721498546,-2.450411778405032,0.2316781027528919,0.9529204939266285,-0.16437188252371707,0.9814434575518133,-1.4147880179997976,-1.1125852664720841,2.076904238750928,1.6025322105118764,1.1861889972613977,-1.7740008259950368,-0.11865459126924566,-1.2652531391654702,-0.6530194946824247,-0.28780665796816074,-1.086910224718571,-0.9866745254993755
2013-04-05,-0.281323049087413,-0.005516558323539235,-0.39279805419897124,-0.13567119150344492,1.1556937898323936,0.07065357807124317,-0.023795648670329784,1.3570097575091495,-1.3236908207963758,1.1785438808295223,0.3310122866195203,1.064034146874369,-0.8035509733351841,-0.017683772216264524,-1.5906626755424476,-0.8804591638783714,-0.2585571208115555,-0.9866745254993755,-1.2554693681912337
2013-04-06,-0.11033915404555082,0.3752870105386532,-0.24256100100797712,-0.523143852130682,1.2832292730738108,-0.67071431369284,-0.5945241858426521,-0.8289564055506907,-0.272073089861446,0.8196686502607782,0.45751333010055345,0.8392774241996956,-0.5323439819079894,-1.2747857001037892,-1.1829207470513894,-1.0636197418576856,-0.09436872565586336,-1.2554693681912337,-1.2303310145516266
2013-04-07,0.4426331028283011,0.7978372883491075,0.2040657088446511,-0.8717001521892275,1.3604694732818967,-0.10458181335246,0.4567453248996638,0.30353603545800883,0.7355983509397023,-0.44674067386573857,1.0366471276327562,0.6573819360599275,-0.4427269957844806,-0.4894345946317764,-0.9500494226349342,-1.0576465205157215,-0.16335911387026827,-1.2303310145516266,-1.139239501936558
2013-04-08,-0.2059855559341979,1.0656585392685072,0.812640021262206,-1.3898373731411418,1.6434313735351531,1.387490224514236,-0.13901929176733707,-0.2269633710990548,0.3949825789200893,-0.2492111420986058,0.37577609024548686,-0.311964889013917,0.30786431211895043,-0.06711554530669263,-1.2887497827356937,-1.2111594655638025,-0.134868801905741,-1.139239501936558,-1.362607585924587
2013-04-09,-0.28224372089587657,1.2442292051870354,-0.4730201261386668,-1.4359730672390028,1.6295110807014035,0.8356266622791474,-0.8707807119657089,0.053471698409946436,-0.16758327565301387,0.06587690659699093,-0.5502523592286619,-1.0519025855106223,-1.0331472127453767,-1.0658199426616293,-0.852154821766488,-1.1785800923979188,0.23123060891524017,-1.362607585924587,-1.4529233108426238
2013-04-10,0.05077075333584399,0.8057479317147214,0.31459665730139397,-1.4103405881333673,1.5106125803807064,-2.053558125800578,0.23319658595324189,-0.13058643992481056,-0.9168909504293595,0.6861695766289216,-0.502246989342245,-0.3501116547329334,-1.846129366523665,-0.43480645563712644,-1.292878609832937,-1.3305412866949122,-0.23380405912550484,-1.4529233108426238,-1.6163786579334554
2013-04-11,0.40086732580689505,0.8056893122874191,0.8139519288256158,-1.379311358494015,1.365510048554383,-1.6771800194551025,1.0499644682614948,0.46667297125469287,-1.117507485318585,0.9753922138461046,0.3960515022862007,-0.13367144709249432,-1.3814563259647186,0.5297324246783891,-0.5652329170289652,-1.4662698634969278,0.32020618825069763,-1.6163786579334554,-1.540491339999094
2013-04-12,-0.4261407169061246,0.44131218664846134,0.20379527465764494,-1.3294326274660682,1.1702750111213949,1.149785377290461,0.3579411386961803,-0.8400930598868129,-1.0914405061384187,1.3528560126299198,0.7598033932849634,0.1679046661380902,-0.41396374577408657,0.7458001719702012,-0.5373404201685451,-1.5914469405664233,-0.44404877069364324,-1.540491339999094,-1.6853279546484496
2013-04-13,-0.06593919204530471,-0.5455103804690606,0.5722154370895504,-1.271370335851702,1.0075104837743598,1.9406766730845444,-1.2374573612086743,1.0712289417702152,-0.9901252430965165,1.140674221708724,1.065903305097878,0.39938332464818493,-0.39805323938877274,0.19372508974768748,-1.204657698646796,-1.8576384870309302,0.16721158191636343,-1.6853279546484496,-1.760309176941604
2013-04-14,0.7112195110275139,-1.2750159150684706,0.747647554050015,-1.3248687391319915,0.7879592004021472,-0.3183412858279459,-0.22984086092564168,-1.041299192482947,-0.9775894685167087,1.068887400230864,0.8026613181875052,-0.4883629610317244,-0.9009506071718064,-1.0302706851926227,-0.94213860954643,-1.9012281301034277,-0.392904244875215,-1.760309176941604,-1.4518161359216477
2013-04-15,-1.216588938297781,-1.6149102425422446,-0.6148862096922122,-1.2191925939350508,0.49098164873374783,-1.1769659785204403,-0.3875923539477104,0.646320660615305,-1.2664607917679271,1.2564471432605462,0.6070953646623938,1.1891371972014277,-1.948531817118411,-0.7493663604684926,-0.22302100124481966,-1.768289803938658,0.06711813093482406,-1.4518161359216477,-1.4679209167700864
2013-04-16,1.545001740271704,-1.8781451273492,-0.7385663209309564,-1.106128968226827,0.19992152530486873,-0.19288183089522296,1.8806134038061695,0.0919892758248503,-1.7495630385196117,0.3685954161531039,1.4556493555532573,0.9046337426319502,-1.72503274563905,-0.11502429252042495,-0.2992015604343357,-1.7397040933682846,0.15774263624608176,-1.4679209167700864,-1.3279695096484405
2013-04-17,-0.6987448135321253,-2.108401688518832,0.29664518406165097,-0.9735620936150537,-0.07895385678253894,0.44919979963186746,0.46226339936722916,-0.6864393770983576,-1.552447175839899,-0.6175869816345897,1.253321003902639,0.045523650607952,-1.6820284670282837,-0.6633754265117788,0.5248779889766506,-1.4734000777268657,0.10591813034238741,-1.3279695096484405,-1.530113135860135
2013-04-18,-0.43638705517864734,-2.3221698108333984,0.5301152831628569,-0.826229859632878,-0.32566533489504274,-0.1942635261643808,-2.2563371587043064,0.5875786270245636,-0.8994923554805215,-0.042931586664957395,1.5086672448130687,-0.02135881230361806,-0.41798349604010226,0.6021706779834993,-0.40370933608337806,-1.3083973432756542,-0.4439005007260637,-1.530113135860135,-0.9168511590656409
2013-04-19,0.5486205969232123,-2.2542605514595264,-2.2236715730499066,-0.6544675489981846,-0.600529994455061,-0.2940336649524557,0.8174724876114039,-0.15690925882879553,-0.864133702177546,0.7821634040676595,0.4842049242528254,1.0050375761689276,0.7753842773199919,0.4265252795723071,0.7425929279873904,-1.0264047419146216,0.7866331660516445,-0.9168511590656409,-1.095796353377328
2013-04-20,0.46597278670228753,-0.6409301508261708,-2.5463429998866705,-0.4630043637126958,-0.8371207735803619,0.6060258923961054,0.4665863687605547,-0.16598724148625607,-1.3003604186175608,0.951435328865798,0.7861008817685594,1.750939933911915,0.2641873163256732,0.018943412675178035,1.3274492213130413,-0.7511364505476207,-0.2635986913885591,-1.095796353377328,-0.938893118729999
2013-04-21,-0.3122394444417847,1.0055008283163867,-2.124053184096904,-0.2902431080051952,-1.0306539541547435,0.542132137375169,-0.4573663148661089,0.3475900937386937,-0.9389695089698146,0.03752458743047164,1.5268366366471176,1.021844650163093,0.2086200507192362,-0.3788633297196668,0.12327697538564379,-0.5620606232276577,0.26978354155676304,-0.938893118729999,-0.8859596735618317
2013-04-22,-0.5026151900399126,1.6197260056900018,-0.314422142914854,-0.060219596133256295,-1.1880314176439497,-0.3833789943491901,0.02041285251046642,-0.2633800091663637,-0.16005089660988625,0.01048765172179654,1.148872975834775,0.8466788177546158,0.3596904287794077,-0.4189503025620669,-0.29444051333135485,-0.4933493513690593,0.28336466970409085,-0.8859596735618317,-0.9012468507305986
2013-04-23,0.30993543042540334,1.9282369305728793,1.1731606420763445,0.18565654952036045,-1.3160809371606006,-0.7628805111887864,0.13365621437167763,-0.06076796941558856,0.09736248769163976,0.37166174009321085,0.751502712842522,0.6041278329628519,1.4724737465071756,-1.014853544064576,-0.9308493540020305,-0.4697604861868713,-0.03623347668674041,-0.9012468507305986,-0.8607577207980489
2013-04-24,0.31463363101490416,2.1214718369887726,1.5473932323688881,0.45989279653865134,-1.4837683861253732,-0.22924366375651317,0.009656502675489499,0.28820850344541077,0.21076036894061104,-0.3806497494069324,0.15723302801036607,0.08105108130587556,2.106572992046932,-0.6017329209042254,0.2802357449826215,-0.33839476590345946,0.1198745105787668,-0.8607577207980489,-0.7143300335240274
2013-04-25,-0.14255912307711993,2.236126140390621,1.5309951932845476,0.717650057973887,-1.5704237064664233,0.5882056083345413,0.3067572916380078,-0.45191477618176995,0.19423372900308758,-1.559299707438136,-0.9385769412188388,-0.7448273480910721,2.3288513522432273,0.30484209483377805,-0.17750184733228533,-0.3123990387963698,0.28516634000771146,-0.7143300335240274,-0.5260161058358922
2013-04-26,-0.3736361554856477,2.287514685941986,0.8101725895118947,0.913168119539192,-1.7140165214665868,0.5076477783422018,-0.6990403210369537,0.6022823843406999,0.13703031526532752,-1.5910543336754641,-1.04081043436294,-1.3264284119812444,3.1305420618951554,-0.2902793617356752,1.1892052260012114,0.12250329616564269,0.37065043142398046,-0.5260161058358922,-0.47896204269453435
2013-04-27,-0.42160595560573105,1.8015273304226787,-0.3217063600862563,1.0361270114857353,-1.7440972004811022,0.2525931225799484,-1.1062268628088991,-0.7351937106844322,0.7329902293071833,-1.4924027726121856,-0.5337068856117666,-1.1787682316850083,2.5826679040972,1.4328237956667134,0.4634197975844404,0.3679108986561834,-0.25609697430603545,-0.47896204269453435,0.06336336559911052
2013-04-28,1.4379124044011231,0.7505983313047335,-0.15292239342384603,1.1999395699779096,-1.7387119927540706,-0.3814232798740395,1.8710023710958932,0.6532235914589474,1.4188308896340813,-0.907528712201896,-0.3720034330133469,-0.8139036671396707,2.931454909122956,1.8350682977499733,0.43174545331287223,0.4455231010419925,0.6844000011544618,0.06336336559911052,0.3145283491950731
2013-04-29,-1.3655594464542726,-0.14143595415022361,-0.8432163910202064,1.2777419755533284,-1.6221114245552746,-0.2819867921675986,0.8718767070008111,-0.5292473097353918,1.6436494184622437,-0.21034830358922,-0.4572545581045997,-0.12051020964139428,2.9374230457633606,0.4348021967129026,0.5285261171304432,0.5559934124315501,0.3477018397155278,0.3145283491950731,0.03835313414751574
2013-04-30,0.5456926891658312,-0.7183215521591297,-1.0407906049707851,1.3115681465410467,-1.4555553886888712,-0.12380165234405734,-1.9406854392649737,0.4832434897837096,0.6844825458235034,0.3463133660692796,-0.15864010145481325,-0.4170953623602614,1.9163262360501467,-0.8813898653674613,0.9389357738551272,0.6447338129621759,-0.32822317888228597,0.03835313414751574,0.5672671971070624
2013-05-01,0.44370991253845316,-1.13398001482713,0.44724113853258446,1.3282405412598108,-1.1890840402236642,-0.11958391937595736,-1.3846141426558396,-0.470283402168868,0.04509581100778097,0.3449771157588501,-0.563511075955854,0.018862636717506792,0.5519015387481083,0.22885582859183765,0.2292120957870559,0.8438083927460441,0.6641697297960982,0.5672671971070624,0.777247145355971
2013-05-02,-1.512525820375482,-1.439278126481406,1.0014162857934923,1.26538863384524,-0.9772869356317022,-0.0016932844435252592,0.4654327467488532,0.4901556238198954,-0.04189052644559488,0.9688803496058491,-0.8626265547729238,0.15105368355232307,-0.7889381769700827,2.0073002390865917,0.5430341257835068,0.8469627695770677,0.3653294354967345,0.777247145355971,0.9975537119164304
2013-05-03,0.9050236085656934,-1.502749402844143,-0.5810857422513732,1.1543669070263107,-0.728946485804649,0.5674331504566618,1.7501642445830448,-0.690118081785775,1.0381967373594467,1.6897972107200698,0.8533102804316067,1.5279003434669358,1.84345290811399,0.5275329434866165,0.6792623555383221,0.7288758979367169,0.6216906766538108,0.9975537119164304,0.26641156114402215
2013-05-04,1.6394616409653195,-1.3186900211165145,0.7294294554976266,1.0226520538912474,-0.49050681295650317,0.40668055962080807,0.15537030949569872,1.2135052080645359,2.226827789653435,-0.4183677116906919,0.8526228860171335,0.8293830591220434,0.8918081854762017,-0.4677469967465928,2.889906130138291,1.5501162553953558,-1.0007693326987224,0.26641156114402215,-0.08567871483223492
2013-05-05,-2.758621851541505,-1.1313171693208117,2.114748982424399,0.8666396395703566,-0.3030960636045199,-0.5425774588726117,-0.7737423556890574,-2.0328729043883818,2.9231554930110537,-0.8929873936272263,0.4380358210086109,-1.45705791282746,1.6725031193324473,0.37828096675871853,-1.2012642539244693,1.2499293137594327,-0.3929750045690402,-0.08567871483223492,0.19804120938352537
2013-05-06,2.145080413627041,-1.0493359473468555,-1.1002674872896674,0.7199335659934117,-0.08498037787895128,-0.9221744109882847,-0.4264699674301291,2.489345472823034,2.501823933220622,-0.9729854050735455,0.7238250651353918,-0.5049464558974381,1.1093059268927619,0.6580015628523617,1.0164748185761276,1.5250589935682233,0.35028173311633676,0.19804120938352537,-0.13052708784312142
2013-05-07,-0.1970250766962521,-1.0477088482530499,-2.8756649871821254,0.5305502077732781,0.0850392611629238,0.13378578614495423,-0.6762987114542394,-2.2196901148484565,2.0085776232065333,-0.10708846147233562,0.4595915997287122,-0.07863557192889303,0.179391132235591,-0.0017374684272976725,1.3696608605562106,1.62307422480045,-0.47181571139398537,-0.13052708784312142,0.3471529784430855
2013-05-08,-0.3813436269291768,-1.0157453590173269,-0.6570693197608808,0.38904617244590295,0.2672604783595367,1.334607987480104,0.40683658875468304,1.7694997611910663,1.146450346060586,0.032088948836736915,-0.9923649120495538,-1.0986276041674239,-0.35596097125226095,0.1883485566574046,2.282564890530899,1.9338162837971724,0.819813534776546,0.3471529784430855,0.5364426215098851
2013-05-09,0.17270416068595373,-0.756378454070494,0.8575515361129337,0.15490502102885445,0.42166905836534824,0.3975151409303582,0.7077539352420125,-1.2290123846834844,0.43893140650178203,0.5914123923113278,-1.381267661086404,-1.4241544165083424,0.88738658841496,-1.0967155800283148,-0.9901241197848963,1.5867602738405424,0.29415004320136656,0.5364426215098851,0.3617606553222227
2013-05-10,-0.2378928028026928,-0.26459701551570164,0.8412378626696558,0.12705738274005035,0.2987342953156142,-0.9192523761524526,0.17459361081440375,0.4019567768348872,-0.2038938770115828,0.22009204408112393,-1.2624826958985256,-0.4251500665992926,0.8370208680046906,-0.696658834057679,-0.6704562586424996,1.3206225858736877,-0.13007027413181346,0.3617606553222227,0.266189031478134
2013-05-11,0.5311295217465171,0.21707674645581207,0.44348474981023006,0.1289609842017761,0.36429905106322197,-1.0746206724221754,-0.7520568979832876,0.3228463384313193,0.05145561112285175,-0.3916144277434256,0.7774198258731773,0.684755295910253,1.3881822751490966,-0.7145442510621275,0.1561679302938974,1.3286141629389376,-0.11267185140469894,0.266189031478134,0.007579780491748842
2013-05-12,-0.7398653861742718,0.1720953948439452,-0.5549232776833343,0.14958792951273786,0.4010995998625874,0.9246197365119192,0.010038568336929014,-0.4411887245143008,0.9633708896377894,-1.1900793711474054,1.3482134482626307,0.5676363723665819,0.43920311952758195,-0.7644618328460064,-1.1800393943541196,1.1295480990402034,-0.1970043206429733,0.007579780491748842,0.2277307527103064
2013-05-13,-0.10064070306269385,0.21896593342714635,-0.5051915532495675,0.15460530057893251,0.45894101104899193,1.1439276906859144,1.1386221941807104,0.1853431174164328,0.8428625826126835,-0.8053586230171358,1.194996051992322,1.1483996925282038,-0.20631347700580197,-1.1956438343565405,-1.160998761815512,0.892452485979243,0.21829889513263165,0.2277307527103064,0.007982670319699185
2013-05-14,1.9896682746648684,0.046906770321142106,-0.12173576546089965,0.16022106467696598,0.5080491501180154,-0.17156062828307272,-0.4290643605548405,0.20163703424980173,0.5118386750825301,-2.060731515762593,0.39351859592516075,0.12054578651364999,-0.99685576014667,-0.5326128618792292,0.49386918237042937,0.923888436380357,-0.6131623182019489,0.007982670319699185,-0.21478541115316097
2013-05-15,-1.6011607139917063,-0.1872118654991041,0.029760938076117335,0.22013194667676203,0.5529860465675892,-0.27085791290608824,-1.0944428155548387,-0.6319547034765125,0.47974924822096016,-2.0472177868047594,-0.09907256234436583,-0.8003397389131337,-0.7574554090411103,-0.6375777617254342,0.7293827107458918,0.9006802294839558,-0.38791095164396483,-0.21478541115316097,-0.0937792823264985
2013-05-16,0.7249695266789368,-0.5168654832019354,0.2934050465165696,0.16629183468734807,0.4944703230984598,-0.17437224386646472,0.7184988716352962,0.9503397755971565,0.3554054109540686,-1.1457650225465275,-0.015857683446986143,-1.3808127801563996,-0.7483521674067073,-0.47553535391954205,0.1616701966749613,0.9426432961674267,0.2773621056727341,-0.0937792823264985,0.2177329716405167
2013-05-17,0.3235767181007806,-0.7618065026836023,-0.06677970930139807,0.14795886276823436,0.4578242096401914,-0.5497577803699105,0.8337900359383476,-0.5809616064663402,0.19545076953223559,0.14463421705495436,0.734894024347139,-1.1786358071260163,-1.0201951081965168,-1.0069012018209065,2.062345799253002,0.40282900385624965,0.6168534190147826,0.2177329716405167,0.15675888397553836
2013-05-18,-0.36746765691830313,-0.7350429660706017,0.36256413874071197,0.16467449670824935,0.44339360159355024,-0.9247964850497291,-1.2264528553076703,-0.07586555415683674,-0.20233582871975503,-0.2020443923814784,-0.9824714309958499,-0.8705645738329697,-0.8055086004571532,-0.9145219400990459,0.616589969989484,0.8770554554249913,-0.019144734074212626,0.15675888397553836,0.07822337405605558
2013-05-19,0.2860178480076938,-0.48773257110097296,1.2366314342971558,0.13633361656065737,0.358545638197374,0.39422694172512346,-0.06068694476058322,0.4435798885278109,-0.3752632337534397,-1.0079566320489768,-1.0638995533904547,0.16907963908343862,-0.2514506650279553,-0.6580412801922191,-0.6698382749502466,0.6411675006169394,-0.09883776475336958,0.07822337405605558,0.5571860027118894
2013-05-20,-0.6113892004300935,-0.18456894720944833,1.4329254034805647,0.12686679221491073,0.23632362058900583,1.518210038710118,1.2647405490108,-0.6260098567512927,-0.3453146315739689,-0.8421799894357869,-0.859730208746206,0.6330265023281896,-0.9363319182550535,-0.7593513128093029,-0.8933406737145669,0.1759481765636015,0.5551981333589264,0.5571860027118894,0.49567547555790503
2013-05-21,0.9350947584082362,0.16252870085666166,0.11435150020759734,0.07807009685034719,0.15963632284530532,0.644586594300024,-1.5392430713149772,0.6542561045111938,-0.7218708222753426,-0.30902287207836504,-0.05960169941685614,0.31584493362007826,-1.0740404672297776,-0.1844426793542336,2.5837905284559404,0.14598586694857826,0.11594106411245457,0.49567547555790503,0.6039965955976695
2013-05-22,-0.3772946751274982,0.5895080237432863,-0.1727166627570488,0.020724088735274426,0.09098863123815695,-1.0023945250601685,0.6152201066002859,-0.6232012906649488,-0.7924383029501153,0.23432075664567537,1.6309831881438133,0.37031842202811666,-0.6486475523689049,0.5748639073957977,2.0697428231181894,0.7499997889947594,0.05313338247897625,0.6039965955976695,0.6353388204430654
2013-05-23,-0.10497467398561178,1.035186684671449,-1.1477820528210736,-0.015370628568128201,0.03713231039505843,-1.1157586709352723,0.6819533690836492,0.6446921176866595,-0.6685159346625916,-0.027374015627998866,0.8675554926319201,0.07249002698798601,-1.3804171614120806,1.1085340937571602,0.12823723277289162,0.891034835322853,-0.10897699439625552,0.6353388204430654,0.23373307359157597
2013-05-24,-0.45295653525081575,1.398382338663392,-1.8185177503777734,-0.062433999842187976,-0.017465229501844527,-0.38689400438787985,-2.126883011963338,-0.7863381465857036,-0.5397937059931394,-0.5966460019243041,0.7645329168149685,0.35974121633013506,0.03200732360997912,1.1850271075869911,1.8870757634513644,1.1902784004868316,-0.25609210168072616,0.23373307359157597,0.06964861295886911
2013-05-25,0.6318486847268213,1.5728034855240962,-0.8987685293878525,-0.10518214940636325,-0.06849589813347594,0.7063808522894085,1.573271496654224,0.9907883084137087,-0.46474455670591464,-1.2220792087353376,0.7427170168859819,0.9361035565519907,1.04739000239748,0.8931558572921846,1.2175681516314474,1.4711716670029245,-0.3382374703109684,0.06964861295886911,-0.236094590102629
2013-05-26,-0.17732978578002517,1.5560431985464984,-0.17859018905480664,-0.16828251994713703,-0.07263642687079308,0.6046623406778104,1.7381585105829,-1.1261641710401762,-0.3526512272032944,-0.8781235825871072,-0.24771980657240888,-0.7654906091530137,0.9774492662369573,-0.5066538863872907,-0.989518598274673,1.388605977269253,-0.4469435603252343,-0.236094590102629,-0.6423753725271104
2013-05-27,-1.0524932240852114,1.3921455520823802,-0.41257235883496146,-0.20618734165162578,-0.12534927495027,0.19680449839030253,-1.0242260307155364,0.9323799493759491,-0.7031359080765307,-0.14808332157466444,-1.1826176799076038,-0.6092347683817877,0.7153442240955439,-0.711098494784675,-0.8845702574513443,1.1289677473805428,-0.4248093249759016,-0.6423753725271104,-0.3932729696082009
2013-05-28,0.7178940492888178,0.9113712493958791,0.5886733942616797,-0.22576153321984768,-0.23325216436168333,-0.05687393729201306,0.2913942045777061,-0.3871386028718434,-0.99850233907366,-0.4138626306822876,-0.7732980059831926,-0.006643797109212615,0.6394792064633156,0.188989982272484,-0.2132162011201342,0.9580781084817098,0.050028728500547806,-0.3932729696082009,-0.24703684729942632
2013-05-29,0.19651596163862908,0.1451885936371256,1.1790466539686908,-0.220277707503131,-0.24658371841660914,-0.23468310955285518,-0.7983008091014405,-0.22135953164913538,-0.7760875183584743,0.9153476000617228,-0.2608930025748128,-0.07496826095814278,-0.4166383631858664,-0.1545286249378306,-0.39573848071064865,0.8072432438923968,0.6287578174507342,-0.24703684729942632,-0.550910823724792
2013-05-30,-0.23731446875190956,-0.4566791646940405,0.9277645604806494,-0.24228797094135102,-0.27442142170294204,-0.6067885792647627,0.11245016862816704,0.5468097120096296,-0.9246170035883584,1.213889659472964,0.8957191102559744,0.5870636084357292,0.6468115474482415,0.3191722204670825,-0.003009150660073169,0.5498274481761786,-0.4417331893826249,-0.550910823724792,-0.5487845891771782
2013-05-31,-0.3333582061890428,-0.7389583539504585,-0.8673493526135485,-0.2004490814503638,-0.33300194989444615,-0.18891102457334435,0.2542420489445741,-0.5369692829680902,-0.9203009802373013,1.5768604216593944,1.0544306674827881,2.0762932511035213,-0.6355729801518653,-0.8839251380989639,0.4596407687024824,0.46971570478153596,-0.07997535523193482,-0.5487845891771782,-0.7077179249345611
2013-06-01,0.3772020283013383,-0.8722823021078517,-1.9327055613522097,-0.2099836961522753,-0.32614820731378624,0.1565014222966278,0.21690169598565348,0.2951471930194506,-0.8002098180295572,1.424584536421756,1.4932385275656748,1.148066040413146,-1.0779413293036937,-1.311421440349893,0.9147698637248748,0.6609352072864609,-0.052861950172680715,-0.7077179249345611,-0.6403900610301078
2013-06-02,0.6854515686782199,-0.9172315483438525,-0.17880740097090222,-0.16021472337921647,-0.22523597077745922,0.08534350069569598,0.5696918980636169,0.002456772779409722,-0.5695201919309231,1.4916188576386997,0.701398764093729,0.423121835871324,-1.9454823568186843,0.3797104637384582,0.42470436749900536,0.8260366294606727,0.45498113664560574,-0.6403900610301078,-0.868858682001448
2013-06-03,-1.2660292581093173,-0.8777510049182359,1.2781498972642276,-0.20300888591621727,-0.23083731811610714,0.28122941385738054,-0.5508420538760083,-0.19205475611665718,-0.5278847325025012,1.0239137307563222,-1.351429037111461,-0.14286081128989617,-1.1120662156645618,-0.39802061403905975,-0.24096626189250286,0.41633482712997094,0.054956579364606954,-0.868858682001448,-0.4925192996505357
2013-06-04,1.304696896134925,-0.7346880708783985,1.21112491101597,-0.2005491815656158,-0.19729272280932958,0.698353649118163,0.3492178014055744,0.10070581885051515,-1.043226741496208,1.0633091098063188,-1.642811221425267,-0.9585591123577455,1.0851872457144847,-1.025694748762445,-1.0550240489490048,0.03405148572927188,0.22348470414710217,-0.4925192996505357,-0.4335315371994254
2013-06-05,-0.5803986781749149,-0.5901611437920836,1.0860413269355442,-0.18996405061445404,-0.15758232191696572,0.14762282710975577,-1.248654056043611,0.18447111676530867,-0.9197112739389777,1.3364164832923655,-1.0568445272878269,-0.6287704869494349,0.5737817920401744,0.8650149250519117,-1.5324708742306032,-0.14040385656134938,0.31042259441201114,-0.4335315371994254,-0.8163576233328738
2013-06-06,-0.03143654831977884,-0.3349487653781178,-0.5445193967524877,-0.17052121313105748,-0.034996442315434556,-1.2894852359785909,0.3663524286734943,-0.559039774167192,-0.6915270038085398,1.4211318061064455,-0.17255349274074946,0.21528010309961165,-0.420069372686626,1.3440192891939515,-1.0446439632212021,-0.6426012626049736,-0.9567676852386344,-0.8163576233328738,-0.9819644642822833
2013-06-07,0.5010434953576407,-0.16217138507608875,-1.233790384967226,-0.14807457215148964,0.02494336032378745,-0.7997718462664494,1.0478209284137239,0.9812948033784066,-0.5559749045061545,0.43824938634416366,0.8598472248256647,-0.7385202973483872,0.013812260689753117,0.30028040888019075,-0.3801913390736117,-0.7999500000081051,0.052863784388754415,-0.9819644642822833,-0.8637351576907633
2013-06-08,-0.0574459570137324,-0.15431594707243054,0.4230783931306405,-0.09771932327689102,0.10844564340745412,0.5028083325744602,-1.118567000752501,-1.010456840605658,-0.6961056101782335,-0.590271424488948,-0.18934341453563644,-0.8259002055842076,1.0956702918199697,-1.2503205160325406,0.03594896803992398,-0.6909573904284595,0.1165695648908853,-0.8637351576907633,-0.8837376359155741
2013-06-09,-0.9085956488647421,-0.1478699240940021,1.4673310556725319,-0.044552660082287664,0.1739021041843222,0.9636519711513927,-0.16345806437046165,0.6791470792569173,-0.8333714023411722,-0.5262474861502006,-0.9201812903414711,0.5316826212787213,0.3111939778115184,-0.09687324464957439,-1.2387575252984042,-0.7334139797311622,-0.3281779553759815,-0.8837376359155741,-0.9404181646241486
2013-06-10,1.6310035530148854,-0.17262638345978107,0.48498841425386585,0.07109821849746106,0.18867185287818442,-0.03359041438003274,0.6782533397274223,-0.32995560988559297,-0.8966490845405972,-0.30176365608240463,-0.3660932456591325,-0.04599031724863867,-0.09523418177606956,1.3836949320988248,-1.2352635662564875,-0.8892683602162685,0.3877988861351,-0.9404181646241486,-1.2058534845387374
2013-06-11,-0.4836369145496021,-0.13901927687999205,-0.11571015371691393,-0.09227357157453918,-0.7736394496091492,-0.16688174587070878,-0.08543187846952359,0.5825648543843892,-1.3835514964912987,-0.6383797490883284,-0.3794129735240134,0.9747098443079034,-0.17709480255610935,0.442308637514587,-0.39646079896833963,-0.9559352860708656,-0.467117818466872,-1.2058534845387374,-1.1439837963296953
2013-06-12,-1.208730398393373,-0.11020178859432955,-2.1659452944230217,0.09658639701698225,-0.63466337251602,-0.25655603833142715,-0.5925565343442654,-0.6662955720294449,-1.4947698158322917,-0.0378536834305398,0.3908776114149876,0.39613008150747525,0.8862719159567135,-0.5251446459549393,0.27688460633367384,-0.9310841216673162,-0.12666504791488914,-1.1439837963296953,-1.0260039003258412
2013-06-13,1.2708082923974524,0.9418748439969061,-1.9204928028760773,0.3144048846899527,-0.5080791797761747,-0.3409418994757091,-0.13705257704470086,0.6616642268822861,-0.9000026568357719,-0.47059424468738364,1.1634088316587716,0.8403341800233214,1.1672579389717812,-0.6481439349970001,0.3696454974428032,-0.9859628609438745,0.36608152070174255,-1.0260039003258412,-1.0730651766687518
2013-06-14,0.7285017079966596,0.9944225303705398,-0.5284019579353696,0.49979461723949453,-0.32316420057002193,-0.39702712780371735,0.9441164092111626,-0.6129212139222493,-0.4399193115370394,-1.0475178071212952,-0.4088072451454988,0.5262860029449403,1.062833521203078,0.01779388709095535,1.1410030401777576,-0.9123462539178364,0.1048672655681058,-1.0730651766687518,-1.1594341701078572
2013-06-15,-1.3812741542516687,0.7735846942062174,0.9369948385054051,0.670540063782884,-0.12357072614616647,0.059716512695022234,-0.33626079662095604,0.4880966008866312,-0.6892110600168359,-0.8502735956164549,-1.6002756300104928,0.5496029930118129,0.9245916378774064,-0.3482088559432193,0.12654135727575752,-0.9507654520058073,0.3997750098948178,-1.1594341701078572,-1.2358796486791965
2013-06-16,0.5931992992098782,0.1796010265336138,1.306599577406992,0.7208033881175132,-0.011607762371620086,0.7366902159846616,-1.6825756168726398,-0.3410990804568469,-0.9735607417927092,0.8185044650410753,1.1771464223410466,0.26784433302257343,0.8664608235454864,0.9654166194123731,0.28264825339534894,-0.794376635696961,0.04610479318041044,-1.2358796486791965,-1.488776114647428
2013-06-17,-0.36726888665128804,-0.7159911706584444,0.5292305665860203,0.8480069808983478,0.19773410891098575,0.1527261159377362,1.1599740571622452,0.2152380109453179,-1.2203900740890001,0.07922615339650464,0.751144027911622,0.3986392474097814,-0.650390645801743,1.702232166021697,0.18099267262043975,-0.6043214602692953,-0.44496206093049895,-1.488776114647428,-1.5173607088553227
2013-06-18,0.9853719135160384,-1.3839499301861686,0.11976507858570787,0.9649741522747298,0.3793951035978427,-0.30409316297845074,1.7558606757383128,-0.07801238170033736,-1.3241435149699612,-0.34288513574616847,1.3233226740736628,0.1948943249807715,-1.2960446968839785,0.09101491265367387,-0.4750180066238114,-0.4326871351322191,0.18460492421226837,-1.5173607088553227,-1.11601836551862
2013-06-19,-0.6046806151643277,-1.8949565057426705,-0.2564709829822391,1.0144372999919045,0.5407443818462685,-0.23895318232714888,-1.8620866505677356,-0.2252156690156011,-1.5304437678701832,-0.49138260107875786,1.077558875963398,1.4619894904537885,-0.05220132410830386,-1.9000652146945534,-1.8417998768390567,-0.44624581964429566,-0.28033409671562914,-1.11601836551862,-1.5403286754793848
2013-06-20,-1.0163035881437177,-2.026751127008856,-0.5857432304730434,1.074909209799034,0.7201361017610802,-0.22733056498886525,-0.9145315223490226,0.764303838298183,-1.4894692459173917,0.9867464427512035,1.0751566526725234,2.1635612596986173,-0.8829225231227676,-0.6586156158833563,0.15236132968746932,-0.3403393261013677,0.18844721045906626,-1.5403286754793848,-1.4573277737621142
2013-06-21,1.4789216891963002,-1.9774211812147735,0.7571014241414793,1.1800419449229518,0.9286353364363819,-0.1686754712006109,1.273797093725512,-0.973336976987067,-0.9790241700992321,-0.026654795799907056,1.2687971512645402,1.094638274531417,-1.5597646756452788,1.318959415710882,-0.6613674863681446,-0.5389310646729338,-0.2588779314397349,-1.4573277737621142,-1.947442809512846
2013-06-22,-0.8210365586908613,-1.7035030317913111,1.6140270943556854,1.158852607001937,1.0533583991812028,1.0028818405464617,-0.1159015770279065,0.9444380878833156,-0.6716354838821808,-1.3853832210580883,0.5585782383381483,-0.7842649655587733,-1.0607568316345255,-0.7672672720062298,-1.6014206708024314,-0.509573675156915,0.09978591788312158,-1.947442809512846,-1.2543310162713945
2013-06-23,0.07405827453859916,-0.997116803765599,0.04721887674147355,1.0878601847178337,1.1541418873927238,1.0996210290514696,0.0015102854092781952,-0.835877003495818,-0.017626312636904916,-1.6513100154172025,0.15347306940911132,-1.112847352343689,-0.4005503392529519,-1.355827919512251,-0.7171617050176454,-0.4792258881041697,-0.2216276444871448,-1.2543310162713945,-1.2439368663325492
2013-06-24,-0.3878831471223779,0.184881142905293,-0.5273669847382819,0.7994160056371862,1.2014041583132502,-1.4903318165348842,-0.012534798872850226,0.5875498183415391,-0.05427664117784368,-0.4798041156802719,0.6162478631164265,0.4545167387439594,-0.38971715510783034,-0.6532369688139645,-0.1185151869460476,-0.45592363542955483,0.6360539808782806,-1.2439368663325492,-1.1198992609799332
2013-06-25,0.2255079740853314,1.5008662053459085,-0.9403951081178035,0.6671402407477607,1.2498442366528901,-1.6941012679719225,-0.7007417712669842,-0.11523713199803011,0.008550117027040697,-0.5676386475635794,0.2634546648616612,0.1964656159736514,0.089360914610885,-0.808445550828142,1.7478281492680459,-0.19686013610819372,0.2876098659501278,-1.1198992609799332,-0.9514251696765063
2013-06-26,0.7018644555003792,2.1840439298070695,-0.28987253249815204,0.520401734812762,1.2731815479279367,1.1782215961004947,0.8925763961146548,-0.416205172790321,0.9421826044223788,-0.939322663526987,0.6277762888645185,0.20121782709995142,-0.6472538955304412,0.029221604937006183,0.2801553244123577,-0.12209388458801956,-0.19840540656871244,-0.9514251696765063,-1.3584438076346321
2013-06-27,-0.22197023242458086,2.200160332551197,1.5970254536994892,0.34318666082773397,1.2349938828699043,2.2060990990310487,0.4155277566518797,0.7797636903864975,1.9446514959538068,-0.6231923315959301,-0.1401325543318139,0.510254131957359,-0.6873835224617417,-0.08028117376247856,-1.4040633863228653,-0.51459652042273,0.018206050947226503,-1.3584438076346321,-1.0649682665529823
2013-06-28,-1.370810042686088,1.8641318996023781,0.2827645914542651,0.17578993543972893,1.1972263626198354,-0.33588069087476286,-1.7794064062484294,-1.0407716132475437,1.6730852346220324,1.2341992737233545,0.5484805527051576,1.5679700799310412,0.697646991005811,-0.7633212811114471,0.2477390493074257,-0.4509754592578234,1.159678548548148,-1.0649682665529823,-0.9554060750876383
2013-06-29,2.047028243321037,1.2968892557176461,-1.2904651576310555,0.03335485367461836,1.1142927222422758,-2.297941086885588,0.7796174994358853,1.3397789882389903,0.7793006222484502,2.137099163235653,1.3333775504488743,2.0998614891491405,-0.4493739632623453,-1.5025098964424324,0.3243058176586534,-0.4307440908030812,-0.022811988122915624,-0.9554060750876383,-1.0915622991276834
2013-06-30,0.016610951362880818,0.5946846099922721,-0.999875461093852,-0.08217924118738414,1.0598319974773707,-0.024098232731545724,1.7128688689124894,-1.6575809010834002,1.461770808405211,0.9733818703583809,1.5537956170869576,0.4312119331776647,-0.6852149399545298,0.7306876358575287,-0.7652717666437048,-0.5463484694176453,-0.4619813637608124,-1.0915622991276834,-0.5855897079504077
2013-07-01,-1.8113634137252965,-0.1770660881009456,-1.0896906779023747,-0.24561848374764092,0.9447947684892075,1.3239258414562989,-0.8134063936770687,1.4330035140905777,1.9082399889709885,1.7100098529183865,0.658008975587094,-0.8462238489862423,-0.28823086724498626,0.3024264431655645,0.3426140820399748,-0.45609350273646265,1.0871428174308626,-0.5855897079504077,-0.5095448234206429
2013-07-02,0.7111218056881942,-0.939801977443694,-0.7352711236712763,-0.4864889349950935,0.7976638158200784,0.015693870746047594,-0.9148263538915441,-0.4031035307490432,0.8133571868439181,1.260239776774387,0.8864214195504693,0.2823913921125225,0.2810639365176762,-1.1286931803220883,0.31373081322448687,-0.23897959896409177,0.14366700412076241,-0.5095448234206429,-0.5957025987128082
2013-07-03,0.6321758410679904,-1.458108722150707,-0.05396764334084333,-0.649704346747001,0.6034628759211865,-0.8906059608231904,-0.8277651301019973,-0.7048982379302674,0.4314059311575259,-0.549335578087813,0.9334577710177329,-0.20234011159223492,-0.6298592882491252,-1.163153110604428,-0.9183975085923747,-0.3399947684745366,-0.12407441786709246,-0.5957025987128082,-0.7609469865454839
2013-07-04,0.5870903072130197,-1.3715247489167819,0.571797242015049,-0.9093539189437314,0.20635456332801783,0.14755388112913823,1.1257032490837695,1.5018066061026667,0.6270565454881193,0.0160893644136691,0.47950716984261055,0.6912138059000058,-0.6280552861551802,-0.09287554615751266,-1.1061527395438873,-0.3097472850698275,-0.019838794392639157,-0.7609469865454839,-0.499229049368689
2013-07-05,-2.309436679848657,-1.140717913503795,0.9552905102282766,-1.042453404504493,-0.09754358478399454,0.8258430773332304,0.9976697246453803,-1.935360942451657,0.42642168235772254,0.07967439321708923,0.1814497699069809,0.8463302027197095,-0.2994879018880004,-1.09874675683433,-1.2287173234527964,-0.38095788184270957,0.2616411557264055,-0.499229049368689,-0.425250242205911
2013-07-06,2.0108315561662358,-0.6770798794662273,0.2946199451774343,-1.1265691691503374,-0.34024044152631094,-0.3082502365059097,-0.3159253912847993,1.6878376016228671,0.26715225370214557,-0.5920405003641431,0.8383288528121283,-0.8571224149692301,0.9428419796174707,-1.5838325619461213,-0.7794939963932112,-0.38658980427005574,-0.21675703013158434,-0.425250242205911,-0.6621175887711722
2013-07-07,-0.14993230109301514,0.07345075729590693,1.1510712155351948,-1.1739259820661714,-0.5641440698160911,-0.5382562983492476,-0.8799148301640232,-0.834181219648932,0.31122652273423757,-0.975305770701974,0.059821030048999295,-0.9442900929273934,0.39369812573425955,-1.1728267960585772,-0.7693162425165827,-0.46608388740955653,-0.8393977181859839,-0.6621175887711722,-0.7702773128877424
2013-07-08,-0.9159806352305689,0.6287524779538048,1.5911200542896569,-1.2505094589989654,-0.7663049375822385,0.7459529990740464,-0.18453781012904766,-0.42224424679402245,0.26496795137131074,-0.09873308494057544,-0.45486270174886195,-0.8487669632073654,-0.16765586291782547,0.6995384488128664,0.20836074009630937,-0.6958938826706742,0.22953914926088573,-0.7702773128877424,-0.7719512814359544
2013-07-09,-0.08082185965275387,0.9062506333565673,0.021506680533789353,-1.197723206483449,-0.9296699388576106,0.6342206153705998,1.2530584801517186,1.498347081226323,0.3034902804890322,-0.4820839675855882,-0.3218416371122055,0.5514869852332405,0.006639002640864976,0.4323820237250491,-0.07290455074982499,-0.9783791782708923,0.12414219379771325,-0.7719512814359544,-0.8477928281089278
2013-07-10,1.0643183303625727,0.9746114951548914,-0.5678465012556865,-1.1116784592533104,-1.0683539460299447,-1.0112941064365983,-0.7762003827849567,-1.9541556300532295,-0.5569937683088291,-1.1252560979145418,-0.3329577486925967,-0.08695881275661561,0.29186540320550397,-0.4081843063776307,1.3397504558814517,-0.5776852916698706,-0.21562654761224054,-0.8477928281089278,-0.7873086961581569
2013-07-11,-0.4216945428951627,0.8008826711520638,-0.24491280613205219,-1.0042597893446623,-1.1687400713335239,-1.3248428126307874,-0.7374698986145354,1.8152651924339915,0.773851955139675,2.120806907877572,-0.20870301817889833,0.20889910591426306,0.5500796422177539,-0.06418042210145718,0.5389207605941742,-0.5691843080970524,0.7460950147661166,-0.7873086961581569,-0.7485544828179921
2013-07-12,-0.4630099317035308,0.5456569493235959,-0.07371353773081084,-0.9014860472058933,-1.2374306949365674,0.007709607820124548,1.3901528698678363,-1.2355729651384448,1.2373943627573385,2.300271413086351,0.5579096528373529,0.23951845466025157,0.29376977757052686,2.053861061917518,0.6055064184209307,-0.5099822807867641,-0.4152530964736075,-0.7485544828179921,-0.7992322633071463
2013-07-13,-0.16203814064399893,0.25592402070209436,-0.6311599959098021,0.1968889586012594,0.30345245763854545,1.9533686672479489,-0.061319806398520034,0.07190033582290911,1.3022788788582984,0.188276033238766,-0.38254788567244624,-0.14264813162514434,-0.5089443255995847,-0.2364896681983947,-1.677126321220982,-0.6762401885997844,-0.08750467001187506,-0.7992322633071463,-0.8535792854340831
2013-07-14,0.6911220454463642,0.07699720738906768,-0.03988142538683975,0.4854371693336015,0.24960523931168707,1.9416357645975648,-0.39102361908317906,0.6387769213019824,1.077112842273388,-0.6934829171833014,0.5135432718337457,0.031578699077572873,0.9938161074580371,-1.7844235697739816,-1.192911526943819,-0.8398086350538916,-0.5069669699916265,-0.8535792854340831,-1.0113174919155734
2013-07-15,-0.5360035991101003,0.39471397136791014,0.5660617043041106,0.6841073537210133,0.13305934732513758,-1.9470854175270267,0.6450616492109732,-1.1200060634589015,0.8504012753725506,-0.14385461265453683,0.18473160228055124,-0.1943579713090325,1.0284277358543183,-0.9850369089933019,-1.6238064436397308,-1.127458561975828,-0.1231243401200045,-1.0113174919155734,-0.8266341413942262
2013-07-16,-0.07840302994598781,0.07784290538689796,1.05744694062092,0.9893069880097978,0.06578405724233753,-2.8147023875126105,0.5935678241730903,1.457623781042336,0.29320969045252515,0.8540097291944854,-0.605125434439831,-0.2891653031762472,-0.010604150776022293,1.0191973754065984,-0.6384235959175533,-1.0975580168101495,-0.3275808387589977,-0.8266341413942262,-0.4933607625044775
2013-07-17,0.6685361670527522,-0.16120972108940881,0.8598436713197801,1.2825566716197008,-0.005069165155711218,-1.3141131596813447,-0.40100979569660317,-1.664181791621731,-1.3515045763300122,-0.0859293849718783,-0.24659885684312635,-0.8335367649751994,-0.2982368549684658,0.829974879437389,-0.8343657004334103,-1.0670534632248505,-0.04238738897449601,-0.4933607625044775,-0.5441328392958604
2013-07-18,-0.5808398530428392,-0.2873170747624908,0.7513188303722498,1.659053189677006,-0.06355457176193098,2.629878207349466,-1.2686900699215808,1.794340031056318,-1.2760359124706275,-0.6961283375368533,0.4556989604055763,0.30932791792573805,-1.456841113715347,0.885565808229849,0.9576887973557678,-0.7172549192369054,0.20210834714547815,-0.5441328392958604,-0.8446924373525712
2013-07-19,-0.07741965546270957,-0.2648948025076747,-0.9108464923188982,1.9152354348208978,-0.25747488886315373,2.293394980624247,0.13412784198369576,-1.7981628468249027,-0.8660694657340013,0.5373823678643447,1.6766720869742653,1.075270250873992,-1.8648311758071439,0.6757911510610343,-0.37529225433435237,-0.6216010466447637,0.13477285254334928,-0.8446924373525712,-0.7438652716091099
2013-07-20,0.7452548352713185,-0.1945708930755774,-1.9485895109651312,2.060086298717916,-0.31826716946488964,-0.4929138472319627,1.0745805613486243,1.665939339411207,-1.2837441956847302,-0.014749601422882874,2.1539919880535625,0.48991260157400657,-0.8902102945093842,-0.9672140926858442,-0.8340177877766229,-0.673694847513418,-0.35327608734061816,-0.7438652716091099,-0.8684952509528628
2013-07-21,-0.22307608081825706,-0.007890302345173204,0.037873870649588484,2.109357668346432,-0.3783350836281619,-1.5058413425877044,-0.9975237187365354,-1.466262101237711,-1.3641081615564272,-1.167825331843644,0.2653774657467206,0.6464929135861681,1.0022811466406754,-1.4124261234815607,0.7421983311946521,-0.6438810106704815,0.05554850185957121,-0.8684952509528628,-0.9844028565138069
2013-07-22,-0.5109577941137443,0.1711662730824992,0.28122510395909756,2.0569101928060247,-0.4180792493484714,-0.5059248638304932,1.8549576422121412,1.2996098393561668,-1.135331718771959,-1.4337250746550412,-0.3401707874422877,1.4998282556080966,0.1051105917450829,-1.4141880229272132,-1.8533984752772998,-0.8408154469902719,0.12922291365740018,-0.9844028565138069,-0.8036699164694987
2013-07-23,0.5239168363066965,0.3162375384306698,-1.169507965291601,1.9464047409505756,-0.4584970273922725,0.0272752467965591,-0.03338518251333822,-1.1427353938222469,-0.7397836410722146,-0.9115615736393826,1.2950968778869474,-0.23702586752392188,-0.7925038620653513,-0.09689377146689435,0.03349298888632714,-1.02944056025538,0.7460137946836876,-0.8036699164694987,-0.07694977483685397
2013-07-24,-0.3185381178613326,0.363273437189082,-0.6437868015581967,1.7925496452543663,-0.4953969038631093,-0.3790129119935508,-2.1439821068631133,0.8170650324653922,-0.5939043209648857,-0.6212169814642482,0.4698950791351982,-1.003002396732349,-1.1257090416000364,-0.0067545689422603035,-0.3965946828689995,-1.152626653370003,1.2221840061359914,-0.07694977483685397,-0.17189220159109816
2013-07-25,0.754415078517401,0.09121737734340431,0.13557207032846513,1.6017717055178364,-0.5283075310395124,0.3887935615263825,1.68736466883692,-0.24240167893184952,-0.2774255313562228,-0.16716356694805826,-0.16722058614978486,0.12264133341293793,-0.3104075813568287,-0.38051294596132657,-0.9505601497897537,-1.3220626393750032,-0.3495779179233121,-0.17189220159109816,-0.01929453630334148
2013-07-26,-0.8250574755055629,-0.24766684143357023,-0.06261527571419397,1.512191557210303,-0.5546902873145604,1.1470196037187546,0.867986728636101,-0.23771889211389674,-0.06759315519267979,-0.3421004112399387,0.26360704105261756,0.8376865147175636,-0.1401604867662734,0.4673673130612748,-0.2699288154096513,-1.0279809512987923,0.46127946901653494,-0.01929453630334148,-0.07906436407814965
2013-07-27,-0.48791276159627056,-0.6844681377707225,-0.5370339782870627,1.2803846854524654,-0.573642793569652,0.113450947252385,-0.5081294340008026,0.5172924388710055,0.3412781362077827,0.7446055882379755,0.20880909184362115,0.9980684029641359,0.4466860602204302,1.0697490358171142,1.1676530666188734,-0.6264743575442024,-0.17738396268379758,-0.07906436407814965,-0.1728968261005697
2013-07-28,1.8989393178066016,-0.9944889944156287,0.8823148631435589,1.008631062775143,-0.5822291794979401,-0.9694925509074679,0.09295942239687052,-0.6843881938324718,0.5240490717066064,-0.04135982779709207,0.5138249382939039,0.3990289276191007,-1.2704104045771658,1.8310109033548334,0.3902089426384803,-0.36818521562800033,-0.294000140082817,-0.1728968261005697,-0.4283318411852474
2013-07-29,-1.5011153456950945,-1.2221834824333662,1.6524031349442,0.6943712412123972,-0.6063768370739637,-0.0581666658374975,-0.24902431525493152,0.8080853515926133,0.2029059838843522,0.32040543846888536,-0.4756033554180418,-0.014594667563788436,-0.5468011868522303,2.1702025662764237,-0.6071465904784992,-0.3894057923201512,-0.8191375683366735,-0.4283318411852474,-0.5637203183379023
2013-07-30,-0.5243944662358906,-1.3261454698494133,0.12474236906817221,0.3507442102924254,-0.5955626043489746,0.7493237135704256,-0.40241169316167197,-0.968455644094422,0.03421256943434603,0.42887077783317096,-0.08907365269385195,0.10775689206037385,1.4573544911133631,1.6113965561022843,-0.28430073322644855,-0.31767967746062903,0.19879070916310443,-0.5637203183379023,-0.37531563531051204
2013-07-31,2.2134821622766707,-1.4530504891446363,0.5715493746305574,0.06512263222339587,-0.6913151325930336,-0.5547497980312157,0.023220051190170985,1.1971039189765507,0.13049261433634962,0.2496047728648358,-0.03400635164127121,-0.5605938937342444,1.0642620942416925,1.2924701074563194,-0.10632661544258613,-0.49595052000689055,0.6718754272200691,-0.37531563531051204,-0.12331549235262615
2013-08-01,-2.061286387549659,-1.389003415548856,1.0576105536870934,-0.27663889046221873,-0.6405832079065945,-1.4274511362544,0.08137147622059361,-1.4565643185452286,0.057228240911419224,-0.034554968594902674,-0.43061769327753713,1.7052519382313327,0.540003848207096,0.6519962019896686,0.24954846904815403,-0.3916109016194387,0.4923055350459093,-0.12331549235262615,-0.21029849141947696
2013-08-02,-0.33163329685723913,-0.8170247904696399,-1.9518730801303754,-0.626005605164037,-0.5787296906103229,0.5099618875693661,0.554412902686353,1.5422509692473403,0.07022659244487924,0.8236002467180852,0.5673917038022522,1.1642788087763223,0.9997664529014075,-0.11990008866896155,-0.2088950246884714,-0.2535518526529591,-0.18494557592253333,-0.21029849141947696,-0.4894484441919244
2013-08-03,1.9542334287133882,0.10196119967770288,-1.5862690012576404,-0.9356294352123066,-0.42957883525297774,1.517165605514568,0.5630223490579006,-1.3101851981546093,-0.7145971872215988,-0.05838574170217916,1.5813649064255086,-0.29976439598025656,1.2070219235129,-1.5393320244029782,0.9627392550528134,-0.20101609780580276,-0.6010225352932675,-0.4894484441919244,-0.5394399933432601
2013-08-04,-1.3666891465277018,1.0228355211635545,0.5941702528628672,-1.2143409493307207,-0.3420491951257424,0.1630062176362809,-1.2773653062480004,0.882849923381297,-1.7279087629683325,-0.5051682776203259,-0.4572786768342046,0.13183784730065118,0.5630021619481624,-1.6803254009268345,-0.40164031091356606,-0.05080994746673568,0.09554740957094675,-0.5394399933432601,-0.6193281508701747
2013-08-05,-0.9734435718621172,1.5516298438565461,1.0892425874781204,-1.4415441558704842,-0.0990186641621462,-1.0080237921796513,-0.44418562686321106,-0.039359342674241,-1.4036611753951327,-0.23425739909748122,-0.4961895215964877,0.20307412970430427,-0.5423069407910118,-1.002549852563581,-0.8335014630441742,-0.13960269106880044,-0.5162804956135751,-0.6193281508701747,-0.9509590543173361
2013-08-06,1.6100586369109182,1.8487279980775957,0.32410738090075,-1.624706467716122,0.059641399776792815,-0.17619623486302127,1.3170902665720234,-1.0307233041176684,-0.2092001568031375,-0.7199911201910699,0.7883674975804779,0.035519384144551226,-0.04164105642043165,-0.7114592713163727,0.12313017372675496,-0.08868508982821376,0.000205217814449522,-0.9509590543173361,-1.012692864860947
2013-08-07,-0.8259528102093756,1.997110891715256,-0.5847901761518913,-1.8398212501810607,0.15203106007788766,0.4927754028544829,-0.39219505112714714,1.5338673005979233,1.1165599739304382,-1.1004409217317324,-0.3757725991948604,-0.01739547619549627,0.5241941408373926,-0.3853491835844167,-1.0456474339526214,-0.19735104022023622,-0.13142988656121535,-1.012692864860947,-0.7873621720169705
2013-08-08,-0.8852484714031318,1.8627758906685492,-0.40925504044621225,-2.011452073460751,0.24817898321885684,-0.6609307619551567,-0.6681134678847241,-1.7201539550461389,1.8020129538879437,-1.0338182618141154,0.2603425740395483,-0.4780472064427758,1.050032774890751,-0.5646736413795498,0.3213421144348157,-0.11436308368941132,0.18377406235680027,-0.7873621720169705,0.19325380803005468
2013-08-09,0.16156337324641656,1.5770924131639392,-0.4146575789752732,-2.088092502714478,0.4869828038140964,-0.7901958657918626,1.6158752614426917,1.682788176593729,1.8588759245003865,-0.8375094366909704,0.8376688738238577,0.5674457220090426,0.6762793226795994,0.20085243105959028,1.4046881727832154,-0.06840312389110664,1.4807500338525352,0.19325380803005468,1.3199281409970287
2013-08-10,0.48985550596704175,0.7963492663306333,0.1194613909295919,-2.122139146921732,0.6042584053668789,1.069642077788442,0.12423350169303847,-1.3534241648609726,1.4877040097147123,-0.7608017701528795,0.5682443307020337,0.010695636321397316,0.09101415560472989,0.9467937748321779,0.17443101381514325,-0.07521737980420393,1.4907166899380797,1.3199281409970287,2.042802021005079
2013-08-11,-0.3059683620728771,-0.20288940105158876,0.2866680650337099,-2.0394770698170426,0.8087578548774974,1.741210729940704,-2.482361653057152,0.9399788333341561,0.5340515098930039,-0.8663798306896788,-0.6391282592163507,-0.945630256680305,0.3523787263867535,-0.7821603268903728,0.447998712999801,0.09137221521272984,1.4917312641046772,2.042802021005079,3.091863328695714
2013-08-12,-0.3681622601883929,-0.7922151647831894,-1.5549712875312105,-1.9124699184182141,0.8667110095527351,-0.49344604742989034,0.05149565609454902,-0.28561806427313785,-0.44914520970043637,-0.13348836436318953,0.4703551485261257,1.3237717256256953,-0.22292431435231422,-1.6608506570939576,3.1871536779757563,0.7832379126282045,2.540342130849112,3.091863328695714,2.8722842234828234
2013-08-13,0.14073574673981087,-1.0716853294767785,-0.6720535670972854,-1.6761125403727515,0.8672911950491198,-1.8299362965231778,1.4763987867943211,-0.9547713409572528,-0.05153391907059823,2.086922808871842,1.554897318248367,2.311911745568501,-1.1321057640410435,-0.34427486931126927,0.9872464687586553,0.9079232740625666,-1.1035962005079918,2.8722842234828234,3.105299136005101
2013-08-14,0.6550901286379707,-1.0611173972647248,0.03989560911482471,-0.9057249377088379,-0.10689836092368611,-0.47067009356104034,0.8147614039309138,1.7383025754234578,0.7815674329538232,1.5418485547525855,0.5942563916066782,0.1856751301494546,-0.5562471830326126,0.6032220567133464,1.3858259577690155,1.0524878956568555,1.114234464625535,3.105299136005101,2.921513310892485
2013-08-15,-0.39915426075929084,-0.8484702854816001,-1.2624832014332603,-0.43226216315908506,-0.011012056634880476,1.3119720129324663,0.11509570990907877,-1.697913605799631,-0.46557715896829194,1.6849918268133892,0.200996369581007,-1.0681278046291875,0.5110795552753724,-1.1805533352645774,-0.8200880297987235,0.825541463152853,-1.2793863051783165,2.921513310892485,2.89625539807896
2013-08-16,-0.37046617896195794,0.146358385964446,0.6915199706981381,0.008000118141428082,0.0945395420346742,0.8943533988788017,-2.054451326555836,1.5121776613563882,-1.3725356744775374,-0.00036791864967856215,-0.13150980906364068,-0.03490913331476468,-0.44721953549980004,-2.1686354608296905,-0.199655385528589,0.7032738105607806,-0.7312497681670831,2.89625539807896,2.5381948282328075
2013-08-17,0.23872409791455104,0.41634213480296184,0.8004521478721418,0.42837945198679206,0.18391675856557313,-0.5740469303518383,0.08354757953536773,-1.2474487115684663,-0.2718667422475278,0.06908852242240981,-0.03494324214959317,0.7514243853356556,-1.668710681972672,0.22425618815782514,-0.05139020636961132,0.7830539152443632,-1.815279553182541,2.5381948282328075,2.4588481580538346
2013-08-18,1.1717048556245722,0.30624714197542213,0.8079625057475877,0.800233255112073,0.2738578738537524,-0.9165115671389307,1.5829574569589846,0.9399769820392258,0.5124569944059536,0.13681600091749296,0.5090485771462926,-0.06734165667909285,-0.7158504794102383,1.1990107439387596,0.4929800403342062,0.9089669591775961,-0.09322173671448604,2.4588481580538346,1.2264261859166727
2013-08-19,-1.474456129069931,-0.024500451495147284,0.5143397054255828,1.1224682630183618,0.32403840027294467,0.35238939537607245,-0.12947703176739891,-0.6800276031254711,0.3691698201322086,-1.1559328697685414,0.15247445829378423,-0.6087663928252536,1.6970400917698585,0.3120356933611561,2.2907572335333257,1.1386833894556483,-1.0181108993191041,1.2264261859166727,1.5749370321214964
2013-08-20,0.9993687999007987,-0.3867615126124598,-0.03842349809678957,1.4280616673925839,0.37521746452096366,0.6224275499158183,0.5639718023027713,0.49334094108352017,0.328227683490471,-0.8641052558526784,0.07880848035605587,-0.2777969605678699,2.1639498760918117,0.3304123927134073,-0.01626416210836766,1.3692422721184891,-0.26695292742193005,1.5749370321214964,0.98343408193447
2013-08-21,0.49496494627831206,-0.7643442945914071,1.2898342986082783,1.683648509602188,0.462992894196788,-0.45250255768414327,-1.04013920535028,-0.3429053959139221,0.4239718509755574,1.004761148386269,-0.06552833826206937,-0.12403344297579223,1.9095668650771758,0.9227725765989715,1.5331289948385323,1.5314595667096356,-0.11286192447584795,0.98343408193447,1.1243824268856708
2013-08-22,-0.563231642460199,-1.129300633940857,1.4189875730278743,1.8653041769384096,0.6059749227753071,-0.7634135901935557,-1.0974983584460145,-0.10844917269660348,-0.33762896033531037,1.1901588334159163,-1.3446293805761884,-0.33267354699588664,0.47253934996549557,1.3613485510525698,2.4094303110381885,1.6332257579050997,-0.3215318932267244,1.1243824268856708,0.5845199243190046
2013-08-23,0.0033211196963784163,-1.5008961532229559,0.25552627047846993,2.044013562819001,0.6849672051910729,0.26089946398588143,2.1706291600115852,0.7905696184189018,-0.9947002023856926,1.106986361182748,-0.47664361760254254,0.39587420689082203,-0.7539199938556567,0.07480492350118906,-1.2141522103305067,1.5369436780817416,-0.8742965124925827,0.5845199243190046,0.19882048525698506
2013-08-24,0.1806866229979554,-1.8055743507823978,-0.9054859796215649,2.2588757719926043,0.7530524275294098,0.8302997729967384,0.01440653732588964,-1.2919314201830214,-1.0418103013052982,0.6772603667889137,0.1284203619384359,0.5749501532324981,-0.48463992654695864,-1.2767035770740147,-0.8664845715739046,1.2736101750093738,-0.4177868104690958,0.19882048525698506,-0.015460257442058714
2013-08-25,-0.47645531137594593,-1.8478106144735018,-2.44733200407285,2.346178518434871,0.8272297234088871,-0.12704443593588188,-1.39428010636841,1.6598894531397603,-0.8475530819357516,-1.0766291361642981,0.8768824434450083,0.48000992187775354,-0.49258456415760205,-1.601254830899782,-0.41636107194063793,0.6383555594751511,-0.47212754411064495,-0.015460257442058714,-0.07845996968112487
2013-08-26,1.9791164936619023,-1.469510511723897,-1.5104441722995559,2.3773933850413234,0.8940105605077752,-0.42484637231389827,1.337123637378191,-1.8160455740913437,-0.8040536814705512,-0.8457014900225284,-0.1106823232915536,-0.6457035127791061,-1.0937413473935775,-0.9655532390773542,0.9077308813128172,0.6313565705379462,-0.10062199691201561,-0.07845996968112487,-0.32071290392745877
2013-08-27,-2.4018398137846413,-0.9442563703224447,0.8877376143894193,2.3834665187483965,0.9292422422670845,0.16903477417975868,-0.15679012401660167,1.4600204966392532,-1.0475060059426835,-0.7334403990356628,-0.8835573754924165,0.2619721512736189,-0.8080392787030107,-1.133575491353264,-0.002884023843665568,0.49460645646870405,-0.3375977825057252,-0.32071290392745877,-0.2217603951972218
2013-08-28,0.8841590461010774,-0.4374805732216774,0.35393121021036983,2.2708597692234886,0.9591864216681856,0.19927838213027477,-0.7514814985803211,-0.3953429564697003,-0.21790160608737932,-0.5535241959428636,0.027994683830935133,0.09196329995440902,-0.20817604683461483,-0.1515776651269441,1.0589991799985037,0.8072359331645086,0.3819198645287152,-0.2217603951972218,-0.03385526845280497
2013-08-29,1.1460353752715722,0.0805955689012159,0.09365510120690215,2.0942825414430586,0.9561444398386241,-0.03153118542543002,0.49577937178569587,-0.7792915393449138,-0.13571571144998043,-0.9662087187032447,0.208265303147538,-0.8657204828291067,0.8348838002961536,0.40159007633904736,-0.5011616033890256,0.8320552290592752,0.2174546574931418,-0.03385526845280497,-0.04309071151670079
2013-08-30,-0.5888767716580828,0.5699318328147603,0.7808969945811716,1.761515960825626,0.9189883173571068,0.006289947111140079,-0.9612405101517029,1.136609456507257,-0.3313942237872081,-0.09761393442784402,-0.03312635593920397,-1.081587978998728,1.6874441040995245,2.1041958350207675,1.4628846244182194,1.0327805392250942,0.008284874874949472,-0.04309071151670079,-0.11003172729185509
2013-08-31,-0.6394203259536831,1.0850917927911563,0.44965520061338604,1.4842546713183786,0.8420486360424416,-0.31537820212239914,0.6041827597488985,-1.2214635509252718,0.2939559871434245,1.13147019323917,-0.8036216966563944,0.58145656819634,1.276996183298754,2.188655706080186,0.7896771646613401,1.0893587618502139,-0.07150242410050009,-0.11003172729185509,-0.08642943649333003
2013-09-01,-0.24938404653394985,1.5139326726496587,-0.22704758271629485,1.1586956192192044,0.7700546055581512,-0.6592398998308016,0.1809547651139919,1.2125390269428045,0.2617566348485836,0.13367966678423254,-0.3658455390431924,0.8326356717294854,1.9727725223721726,1.8970413508503337,1.2926248784000254,0.9254522254937793,0.002372635160084547,-0.08642943649333003,-0.08423831895556741
2013-09-02,2.2846805013442437,1.8455271006172915,-0.501151858201876,0.7795113699625741,0.6612878331757667,0.3248593137029619,-0.4946668813635558,-1.1331345254066636,0.02140906965964026,-0.5886939089935598,-0.05649115473798552,-0.6470366450380369,1.1737462031231802,1.2944878104776631,0.04010347039283787,0.9491400761032602,-0.025772888865037598,-0.08423831895556741,-0.08460803570772678
2013-09-03,-1.1422012080357942,2.028804379936318,0.5893530425603681,0.37938611146891615,0.5276938436409072,1.6231507778062126,0.18299641027423807,0.8472346807091959,0.012122546435398987,-1.187007729837907,-0.11496022376408632,-0.24201242552141247,0.2914165755518453,0.4346912925975814,0.3306472814248045,0.768740747343796,0.010080575249841323,-0.08460803570772678,0.6403750029666032
2013-09-04,-1.8299920579893048,2.128905202494574,0.28347160958237827,-0.06625328511947735,0.3517086109447693,0.3064282274021775,0.4765371069089832,-0.3232322404030095,0.31303292400928456,-1.0377485766479462,-0.38826359785259107,-0.7371004150750939,0.10150187396745393,-0.40442501541567527,1.8947165712249805,0.5751794757540695,1.1677629165854881,0.6403750029666032,0.4110054390271508
2013-09-05,2.5405858201923937,2.0246659905323177,-0.6497299919589546,-0.48252835266969757,0.17469846594621077,-1.6370527339518002,-0.4164912152841027,-0.08212304881273341,0.5494168356983614,-0.7763331983826938,0.033310042824053254,0.019606681771232926,1.0504692569702592,-0.8062552744437294,0.6233881698428329,0.7729202771500249,0.03877891404669358,0.4110054390271508,0.36304362003066487
2013-09-06,-1.4460554904694283,1.6275576749403171,-0.009992164184245908,-1.31545261659929,-0.050427212345966525,-1.5429739844347627,-0.919349793841915,0.30621435651892565,0.9273941758484823,-0.5565519264641247,-1.3600140444192843,1.4275157306861894,0.5681773555081061,-0.16367305264459597,-0.30178306507425046,0.9316106003829976,-0.3755742436934253,0.36304362003066487,1.1182928046037222
2013-09-07,-2.2250312323809243,1.010348835819233,0.3400347661260555,-1.7466300324879065,-0.3403419316230494,0.32948252883144485,0.23797129905872516,-0.42097290313683444,2.0614559757694555,2.1619873229306465,-0.494738970848253,0.2672479705008939,-0.17471542400701398,1.6209093762333662,2.1963471550813654,1.3439229929794694,0.5947141732447927,1.1182928046037222,0.9755028323453124
2013-09-08,2.476164828950053,0.3937438334298434,-0.4975254198681172,-1.9711368319227267,-0.6298109118636511,1.5541168236724432,1.9545744248245762,0.5571057310941623,1.7378413324266713,1.3799508374978562,1.114675553847305,-0.13837080199204765,-0.42074589028165554,1.183095039891385,1.6052886945980336,1.5263538388835212,-0.41913992591218396,0.9755028323453124,1.0653180774825588
2013-09-09,-2.0390302151802606,-0.14118542553741048,-0.2610992985173612,-2.0703283993794726,-0.9239463326142071,1.078489117226708,-0.03527457726750741,-0.7072764968455899,1.5619930317550814,1.032076119151969,-0.06659117290690436,-0.4689387455974289,0.9192845168108874,0.2719948663980147,-0.005927975517812002,1.557495531606012,-0.02987105956662269,1.0653180774825588,0.8213683275128822
2013-09-10,0.09739468722544282,-0.6722010214408008,-0.10738501484105209,-2.067364737345402,-1.1945528206386913,-0.21596362150890439,-1.634625709625529,0.7900702385485114,0.9732914966949949,1.2125981793468037,0.3078818158431258,0.07789063398420318,-0.13105717479356013,-0.118951377176237,0.4741779976352227,1.5472557564566403,0.015204759471192946,0.8213683275128822,1.45389785311556
2013-09-11,0.05194203982995727,-1.1983297542590374,-0.15259535137553498,-2.0310159379397352,-1.4012887772655656,-1.4826170284091076,0.3985372517877279,-0.8196485820792204,0.26096467285706776,0.4029541067457964,0.5612860896776031,1.5684968958188876,-0.454472813490366,-0.5339145681818336,1.3294264716844244,1.7172356772030686,1.0510051913496115,1.45389785311556,0.9700649488437906
2013-09-12,0.7564232964295465,-1.6292101236828855,0.149242086164127,-1.9669875187554688,-1.6417132672219654,-1.1753666374904008,-0.5443803629443654,0.7712580970099068,-0.22122506332487277,-0.05145994199711028,-0.09913337660073729,1.1600296102391632,-0.09719250400517014,0.7537014926325567,-0.05715980612741269,1.5493018834752588,-0.7152842219922231,0.9700649488437906,0.9368398356847407
2013-09-13,-0.8089213365552316,-1.7513940108962762,0.5078141715636636,-1.8939092600157008,-1.712343905421731,0.46875276108612685,-0.4025535264937451,-0.578343892516982,0.4353254991342209,-0.4975318511850933,0.42219425123576715,-0.5038528830307355,0.7021105957620548,1.44064026866688,-0.14850483317275281,1.3736436930635714,0.3053686211853616,0.9368398356847407,0.2755322546037491
2013-09-14,0.16276011310527166,-1.5807442555978022,1.0216153006531008,-1.8111570119884866,-1.7074269371752848,1.5138918350368242,1.1256925223344716,0.20914448974057295,0.9090927582876073,0.4639744389167966,-0.038561973153104105,-0.6060763098504408,0.5630944777471193,-0.7421190087648709,0.03274168997123248,1.173429346213989,-0.45764721885753906,0.2755322546037491,0.37910256029066036
2013-09-15,0.4126889910179951,-1.36744852536993,0.26742352259043134,-1.0201111411509025,-2.2585224291204824,1.094362176048499,0.7742609626610504,0.5952843960684258,0.5711808600992058,0.5977476862647928,-0.6356099437208896,-0.2510473843490503,0.43414517253498613,-1.9270587012522553,-0.626671886294785,0.9489110892214813,-0.13418796388669094,0.37910256029066036,0.7642144481988706
2013-09-16,-0.5630635102304463,-1.2518321717053043,-0.17288770273387544,-1.0282054427401275,-2.3089379388687705,-0.5122121264814002,-0.9085640201350728,-0.7534516953038396,-0.9573078900999976,2.2680456001119276,-0.04051010615221857,-0.14028441151560309,0.3366054509252425,-0.4941280057282551,0.21722238744928823,0.9316841454955118,0.42430462920945894,0.7642144481988706,0.34147681539827957
2013-09-17,0.7114573828679049,-1.3957451968820311,-0.245612190716758,-0.9970900325688455,-2.3119011543278702,-1.2327852813328457,-0.5770525716707576,0.28197845713493763,-1.958035537976802,1.0440959908538687,-0.29402044829178725,0.12356973941363507,-1.6260452391292195,0.8631673748680162,-0.3060451360602291,0.6390159053942652,-0.45784495943786646,0.34147681539827957,0.3473713025345136
2013-09-18,-0.3080584769370745,-1.3041928715875108,-0.489586449281189,-0.9900814931595064,-2.2657093540252524,-0.5695823004445625,1.5059884116401583,0.5071941035935126,-1.6495453936244664,0.7338617980610651,1.3097842468615541,0.5646560440126556,-2.5953236004789764,-0.5272268055272575,1.0288661968547421,0.7359098984575638,-0.057420244102877126,0.3473713025345136,0.00503805765659608
2013-09-19,-0.7055837754750947,-0.9841791228337189,-1.0188988517445183,-0.96157627482636,-2.186571396646352,1.0610386344071743,-0.6467730790797235,-1.1065677151638833,-1.2114964445056138,0.47728222948522486,1.7461101986498084,0.8324842909717164,-1.4001230186464868,-0.7262220333040988,-0.8207169647639937,0.7351632940871445,-0.6744012046740756,0.00503805765659608,-0.37012625479430655
2013-09-20,0.37229326076206937,-0.3898709310567357,-1.2935028398483102,-0.9998718842649726,-2.0511668520442843,1.6625194713099705,-1.9350867917465309,1.3400140421025504,-0.44392153127144923,0.6223825847866779,1.5469698058443178,0.01168627576236922,-1.4311595514775899,-0.4901725628558209,-0.949644887835085,0.2251216969544756,-0.3311083002642444,-0.37012625479430655,-0.6287700786466335
2013-09-21,1.1944035412069907,0.2562451208611128,0.29940212896929913,-0.6986801105134528,-1.9402215466368422,-0.3032598021516943,0.5921733730043557,-1.1089822357654757,0.46145873655829867,0.32719117057820013,-0.2751024808367803,-0.012242447639230034,-1.330776764324517,-0.14741756882233262,-1.7628600409158084,-0.4480423193836753,-0.5881563606849579,-0.6287700786466335,-0.5989271951228983
2013-09-22,-1.9870213032302368,0.7374777833713299,2.1113095179282086,-0.4575474909966367,-1.768179706263901,-1.7274404901545108,1.2641157466401514,0.2730442272100612,0.4844305928205241,0.8063002378383614,-1.2139643023985347,0.3312800465679954,-1.0231379064930042,1.1978037353164366,-0.9806458924124534,-0.628032526179644,-0.06971092771948113,-0.5989271951228983,-0.7167676254972394
2013-09-23,0.7053346741486928,1.110462903457854,1.571858045151371,-0.1377757266623426,-1.5249641004497017,-1.5908464575578645,0.36712788123184503,0.6657658036673717,-0.6020012223305604,1.4678397519198911,-1.530787575184365,1.1466099548607482,0.8837640338423705,0.6076694031780137,-1.2830782507973386,-0.9598290939457957,0.005291875923813325,-0.7167676254972394,-0.5211780897804026
2013-09-24,0.33595280317419296,1.2582271626474333,-0.8267244613639337,0.1322063368747853,-1.2767247986961368,1.3376351473013692,-1.1798185207851777,-1.2873828119459925,-1.1616419412329344,0.48202673765428783,0.14959314986148223,-0.18516937562290903,0.3853413121433071,-1.2839071989292068,-0.8775354470093801,-1.2943738870382546,0.004478178221285015,-0.5211780897804026,-0.630695195855755
2013-09-25,-0.3978630402464225,1.3029306200692348,0.18702725156700298,0.28978257718132006,-0.9737096307054989,1.977453862574831,-0.893316148288699,1.522617998754398,-1.0270048815876383,0.44843544600137963,0.09047404882543976,-1.557333551790565,-1.524302138692856,0.739368462795565,0.017995493999763877,-1.3011414558877723,-0.6041251493701241,-0.630695195855755,-0.6882419160995322
2013-09-26,-0.4259693755113356,1.363862653993544,1.2978453985646636,0.4520952268381081,-0.6100890589091974,-0.05180880328385146,0.5422127776747601,-1.5027515007670562,-0.9805134606074133,0.32106758930914736,0.3389458663140217,-0.3500899649016338,-1.799612491200428,1.0829133540351612,-0.8461045723197246,-1.574896789440664,0.21985965545007802,-0.6882419160995322,-0.7969484737449258
2013-09-27,0.34209638301726575,1.483772129010364,0.3797596266987893,0.5806319235923938,-0.15990351637497957,-2.1869079067591617,0.9013261712417261,1.3523588712293904,-0.7257664729315612,0.34728547185026937,0.7190858262201396,1.8192678827675801,-1.1300736236982556,0.6057868741493495,0.06761799541395905,-1.7164656524182447,0.27946182485906784,-0.7969484737449258,-0.8112763364102287
2013-09-28,0.06773798919188298,1.6046826413663424,0.10058960299662817,0.7035014613738643,0.4681604937786986,-1.1895411872490151,0.2514780580886524,-1.1366901067861568,-0.16462466223906327,-0.23585449776124043,0.7326743669807965,0.8673244056708632,0.8155045560379282,0.7085807652682264,1.1850774784665739,-1.1904226282817427,-0.5571350674876063,-0.8112763364102287,-0.7115968623396511
2013-09-29,-0.5400104244198071,1.5394169822709225,-1.1986163276274622,0.7884841815938994,0.9821623329201973,1.9918436321672937,-0.2131845236409497,0.7727055469425296,-0.044843519723288656,0.17922102369521528,0.950298609426795,1.0485774320395533,0.11797754667802603,1.4864082716723586,0.6797055589784059,-0.9082934125380696,0.003485032486702605,-0.7115968623396511,-0.5975877161419567
2013-09-30,0.8209713298945751,1.0760907487834643,-1.9107903642246453,0.8627005531344756,1.4772525899043578,1.7827822415039352,-1.0453026777267345,-0.24413492617346247,0.41022177374644514,0.7920158122047807,1.4038255793566135,0.26577378247205996,-0.08123448034533635,0.21132576641807302,1.0649527366199698,-0.5269307901245136,0.5391877324348556,-0.5975877161419567,-0.6030825636130618
2013-10-01,-1.3698440814007513,0.3767764662291829,-0.7300083737721994,0.931486012405425,1.9037215590094319,-0.18877619652952146,-0.07303686599675933,-0.47354863198908104,0.04437190826031763,1.1155286906888704,1.2853999072130764,1.6197365463961135,-0.564503247166713,-0.6055466335931515,0.05474127400875982,-0.6245898009011512,-0.1264645175169247,-0.6030825636130618,-0.7981916387922936
2013-10-02,1.5306205189020594,-0.2534702242295797,0.6766954456729033,0.9947000729397106,2.1818958970172844,-1.9062071178096904,0.864087640434843,1.0643650944224583,-0.5175226188801427,-0.04844788484635925,0.6220648920372748,0.038246361718597084,-0.3178432617008218,-0.993175844860863,0.23393067555070882,-0.4114465190978891,-0.20035217785279646,-0.7981916387922936,-0.6963190124680522
2013-10-03,-0.9031416642911259,-0.7941279888397321,1.0301232290338813,1.045577375817651,2.3706006042807797,-0.7417721590096867,0.1267990742398945,-0.9732007404686468,-0.5683586312669863,-0.6302995222941212,-1.2506147646684698,0.10858034364611963,1.7773372831019842,-1.2058243002194236,0.6686245322997975,-0.180371073474669,0.16919166759871626,-0.6963190124680522,-1.0046903532597253
2013-10-04,-0.9257399991663209,-1.2865068555247627,-0.20572086731015668,1.0612211881378883,2.369694853234862,0.15554511874080465,0.6494929520551335,-0.07774116827603883,-0.7574390610244337,0.21179407389544258,-0.6142220967146677,1.1548999311069372,1.2973305150198107,-0.7798751164628207,-0.49055169452402375,0.07733322379971985,-0.14074049567951732,-1.0046903532597253,-0.5843004498627219
2013-10-05,0.9533528395617769,-1.663603549628456,-2.0005193443283495,1.0766973810764653,2.306092587288654,1.0482821472633317,-0.7597227245484232,1.0024681631645842,-0.5487104976164079,0.29537807594667853,1.0812510779002689,-0.06287805981735636,-0.1771041026503028,0.1814756910067292,0.7347293773522608,0.3258892521804377,0.11646205451577217,-0.5843004498627219,-0.4879371873184658
2013-10-06,0.40840303390742566,-1.7230974532323415,-0.824102066333731,1.13769702552888,2.1992403172725146,1.076524933031632,-0.86393243289847,-1.6321160562943713,0.10158537520367951,-0.11473242564543917,-0.695308002568284,-1.1511576431740298,-1.024676034794682,1.3574610456553433,-0.7272601924635514,0.3324369454220156,-0.23522877822102217,-0.4879371873184658,-0.6020732716736451
2013-10-07,-1.2683681703232177,-1.3648535206616221,1.3249539352164397,1.0837757539085664,2.0591133309780525,0.4454459907333605,1.182359243541907,2.112791703856401,-0.0585566915264967,-0.3904018398875448,-0.8371918558864381,-0.28502056514656005,-0.9588643055469649,1.1073746628729857,-1.5523899207371064,0.16235813266663673,-0.21800632554894794,-0.6020732716736451,-0.8012547955746782
2013-10-08,0.23271129268832916,-0.6954065549175941,1.2526112324015635,0.9891887248425804,1.9610816296400326,-1.3079652353576083,0.11513066272802555,-2.2577394648009816,0.004723965141926863,-0.6251607035832748,-1.3721971377011888,-0.9479505659203844,-0.3755093567819708,-0.7445818358652213,-1.2018635550153718,-0.026289186284706292,-0.6805423534485912,-0.8012547955746782,-0.9650226447200501
2013-10-09,1.088408285934212,-0.17989030602929204,0.7498122218835213,0.6625550325499328,1.9452602632707754,-1.4427318151109785,-0.37671367261906613,1.406339894381902,-0.15962722944086036,-0.8984222053116071,-1.7267988970873105,-1.4483559816838074,-0.5848699271690104,-0.5309322136623215,-0.25765930223980477,0.052672909240230485,0.05570472485042951,-0.9650226447200501,-0.8508561620321404
2013-10-10,-1.156366588636433,0.0625909209637112,0.15248779373085242,0.4156316415004618,1.7293661546655308,0.4114061429515142,0.39541750879749876,-0.43304589477894095,-0.5812477881561069,-0.46284897280736403,-1.2070694830999027,-0.6959426836781363,0.7631087836938276,0.8893513066294995,-0.9225920377457758,-0.23307678825843817,0.3359349487999136,-0.8508561620321404,-1.1072721063876874
2013-10-11,0.5438521354194641,0.10471451849179127,-0.11413089675792192,0.1929452219629055,1.4740856696431257,1.661682902835146,-0.18030672842107143,-0.09308185414647088,-0.7495789766463603,-0.5028362409096507,-1.1778688624574696,-0.4401082671068782,0.3373534471577493,0.14056665039843405,-1.317609538483374,-0.6385527901359175,-0.29540738770949715,-1.1072721063876874,-1.069673884304
2013-10-12,-0.03790247250162032,-0.04254531668363701,-0.3245537489981224,-0.06395599842785124,0.9860901026667123,0.4713671949157523,0.09563383875252841,0.4227386089874869,-0.6269911409732754,-0.5241992088113935,-0.6349227379352719,-0.7073737382591911,0.05939735388988064,-0.8460043035044531,-1.1040251597594608,-0.9516112001707178,0.6634205304839109,-1.069673884304,-0.4407760897003252
2013-10-13,-0.08850110706741857,-0.32180809565160684,0.272709580257704,-0.22675673947021302,0.6686478937583427,-0.07129486052748711,-0.16238097258371503,-0.7220451674772443,-0.514320524877344,-0.846135560259501,-1.9173107872748711,-1.207334388811545,-0.3216240551394462,-0.5289422873995331,-0.13957110629947844,-1.1791326737133507,0.68520675854343,-0.4407760897003252,-0.5009968581460826
2013-10-14,-0.2821809324619025,-0.5981610346642348,0.27569340849168944,-0.37094540225448236,0.3547717302031411,-0.5272347956741854,-0.6900411708278119,0.8904316846194253,-0.6050252925976133,0.1605841208748207,-0.6655803646419188,-0.731310650441563,-0.14305976703869266,0.03529455288116083,1.1542809863046148,-0.9315061322320314,-0.08208738805158153,-0.5009968581460826,0.1776231995723987
2013-10-15,0.27637056071007515,-0.6652016874634723,-0.6961676547761363,-0.4992888180123166,0.0029254549913180793,-0.6079529484597739,0.8269324309591778,-0.8854805533221156,-0.5561975249081713,0.6737966181805845,0.15756044772391006,0.7643243797030026,-0.9899786934221371,-0.1386718155978012,-0.3839568198377623,-1.033241765935648,1.3099190633322149,0.1776231995723987,-0.0013017863135463149
2013-10-16,0.4607290349679642,-0.47522612710894185,-0.8308758541818122,-0.48606260704113985,-0.33701372378461847,0.08868956342825511,0.7993152668050183,0.9627871756163948,-0.17444965710102378,0.31470005196776196,-0.632558518104829,0.9202570040063744,-1.0547355361519697,-0.2804357600529751,-0.8076094518933473,-1.3339227489826588,-0.2680671098321698,-0.0013017863135463149,0.4585459120118633
2013-10-17,-1.4501394060045671,-0.1102701776738562,-0.5321933522753807,-0.32989376369618495,-0.7685899263731943,0.7108847050854691,-0.9219163372199155,-1.1253439993540866,0.13907323967783553,-0.006664690183871062,-1.130133819597653,-0.4669541089299189,-0.0690300178053914,-0.3344925878884547,1.276078350465393,-1.0470670161093587,0.9424131884795298,0.4585459120118633,0.17311521700955462
2013-10-18,0.8050173962442968,0.23072157795560305,-0.011962070810095166,-0.4183533923877967,-0.8260155461630418,0.06849184043231521,-1.3184099222069927,0.7666842431892913,0.4357665927882105,-0.3384699728410763,-1.7061202709362928,-0.4481621549135427,0.17410878782940856,0.3200001231607826,0.3603607357334678,-1.0632752874822406,-0.7025036192006471,0.17311521700955462,-0.0014392079133056766
2013-10-19,0.5192240202573288,0.932169089985558,0.9630765121056154,-0.5510501968608891,-0.8311643491091505,-0.37523987781433515,0.7433347892685783,-0.2826248011177612,0.13056011132414289,-0.44316120171124385,-1.3191140200731293,-1.1031154075669218,-0.07919981588724069,0.28693788074756027,-0.8347171975939807,-1.1490706266380548,-0.23326281416988462,-0.0014392079133056766,0.14106472956292318
2013-10-20,-0.44999835283184625,1.0306004742536254,1.9206155084458263,-0.6370618872941728,-0.8097954832679845,0.1916306598609797,1.6980764385653875,0.26285144229583385,-0.3598147408352935,-1.2232059591709579,-1.252070674809142,-1.0890087083592734,1.5255913278052788,0.47844447313907884,-1.7295518711902966,-1.0915907962181985,0.2616720845654479,0.14106472956292318,-0.1208698041202801
2013-10-21,-0.9579373088676032,0.9109422688110718,0.7503607084957625,-0.72235779071249,-0.7454222302974861,0.6711520819410347,-1.0459738310556377,-0.7589012797008974,-0.4886872313989219,-1.5002130647082441,-0.44691930812255065,0.1126519968363024,1.1693423462016521,-1.1486632252665678,-0.7597247584418346,-0.9944184324378688,-0.49677756543581764,-0.1208698041202801,-0.28390472732383293
2013-10-22,1.7849552779530995,0.5535996894928832,-1.2991957342726281,-0.7281693086413823,-0.6463899710178287,-0.21963170694713197,-2.1282886477276945,1.3326775168128917,-0.5936415001282123,-0.3671546753631605,0.7141754092739364,0.9589208347757877,-0.06124678515162945,-0.8239028904404307,-0.1251015232924039,-1.0012521697895769,-0.30774045380940485,-0.28390472732383293,-0.3092344478926722
2013-10-23,-0.9592454866492612,0.06386502888010401,-1.809542653910923,-0.8399312237695126,-0.5539975463314852,-0.71574733614826,0.7839520488486276,-1.2118785212285437,-0.6690047880805553,0.11566713072414,1.7072025069900467,-0.060089891036782105,0.16062516833348256,0.1844022375930094,1.1603456720596805,-0.5865198852259599,0.026694562383107523,-0.3092344478926722,0.24343919443406703
2013-10-24,-0.09323964129452332,-0.42756058311364414,-0.16235855574361385,-0.950631211097998,-0.4174053675426346,0.2308995970751236,1.442405076586719,0.7055924598433627,-0.7202908483979533,-0.2651266216948883,-0.8537673894299218,-0.3778201692956682,-0.7028642251496589,-0.09074015003334031,-0.2706177573522567,-0.39284525184292446,0.9275829144956209,0.24343919443406703,-0.4018154638836082
2013-10-25,-0.35657177303846915,-0.6477158939483637,0.7891476186840689,-0.8984307074421468,-0.3105309939250219,0.5655500786686841,-0.244803547096611,0.039598512569832274,-1.039844057816949,0.1604688470113069,-0.9210640736732959,-0.117505333546629,-0.9300400463612973,0.06364490260944415,-0.7048569475041044,-0.4136168046486916,-0.7584400453955868,-0.4018154638836082,-0.40665384374253155
2013-10-26,0.3532310088884901,-0.47041741027078066,0.14737904643571678,-0.8920848045676488,-0.18823186866274288,-0.4275484963433589,-0.3263128697930981,-0.830512272804955,-1.1844603223040429,0.6104618999703115,-1.3746283509254116,-0.13587088466509345,-0.9584276974506362,0.056968671490449097,-1.9937719538863292,-0.79808412942306,0.16501003495344446,-0.40665384374253155,-0.856554132309601
2013-10-27,0.21469773931143726,0.008590845366054417,-0.14544147748724148,-0.827394912042406,-0.034173220578271074,-0.8055415305614584,0.0639724329737125,0.878748611886357,-0.9828648817753094,0.8957880540625595,0.587224599188211,0.5210799316244681,-1.3615464444631407,0.5655442608273472,-0.8355744250082221,-1.2061671858953127,-0.3338631814734663,-0.856554132309601,-0.6256221731211693
2013-10-28,-0.26874950778006207,0.4400011525122788,-0.49989281314390216,-0.7296042997562882,0.08534439321573621,0.32883486011615737,-0.028496947226744864,-0.157260492981939,-0.5579326113961008,0.5576798438669242,0.4386421555964375,-0.9900865315808709,-1.04091497209186,1.4683104152171929,-0.5567065609310391,-1.260902498356381,0.30520860099441716,-0.6256221731211693,-0.9190328141979257
2013-10-29,-0.9471616040085736,0.7078059095841878,0.11836412177306072,-0.6279265630932925,0.2087130087833943,1.123512928469851,-0.03368970443335835,-0.5577422741184271,-0.8572705566255164,-0.9555357786218286,-0.1727078553179812,-0.9957649727774367,-0.005085864081627554,1.0243565066602052,-0.6260609812986656,-1.1192018650417301,-0.45903472246534055,-0.9190328141979257,-0.9340643547693778
2013-10-30,0.6191625188182864,0.7795531365905307,1.5028477659550157,-0.5303568962936727,0.32639002985618226,0.335024257988633,-0.8680171284674205,0.8121907101117516,-0.9525501959234832,-0.8484506288432854,-0.787648849632096,-0.6205755165678614,0.3055159341505803,-1.3132139831576066,-1.0655965080848575,-1.5323429768718768,-0.35280722191316755,-0.9340643547693778,-1.1737951239788191
2013-10-31,1.253021333778075,0.5400148361177368,0.6709249786360771,-0.447846179637346,0.45444000110368316,-0.9597920796969601,0.6828297827058467,-0.5188326096834807,-1.0831474296870633,-0.8629247205374486,-0.5533923762352256,0.2664808872927958,1.480061395776148,-0.8660190604560101,-0.8120281436176355,-1.6544406491346522,-0.2986303391195177,-1.1737951239788191,-0.7201913692245326
2013-11-01,-1.0355433081835521,-0.012145560179925758,-0.7554739660784382,-0.378141310186929,0.585099689230252,-1.0837383782486274,0.784525170496249,-0.22183037279194695,-0.655267927363547,-0.7259871257756378,0.8141033217007977,-0.0668307880474204,1.0815846803387006,0.7565917144773397,0.4872909787648662,-1.5013663125988816,0.9674182940680857,-0.7201913692245326,-1.0557458805436095
2013-11-02,-1.0803588432865825,-0.7298517401787968,0.33541041559744883,-0.2453426993556397,0.7187873300849753,0.1635796842772698,-1.1726274793209974,1.1884955954193552,0.16648470114312816,0.2298758476096995,1.0862672309351558,-0.012306235765160614,0.18920052049622718,0.32382985581838813,-1.4545960650332033,-1.604832177301059,-0.14450689422299845,-1.0557458805436095,-0.9670196932157524
2013-11-03,1.8774577849414598,-1.2687266863694187,0.7024377642800803,-0.18414970975897543,0.8268838038584592,1.0867792054180487,-0.028018842263745708,-1.7534447196267662,0.8799481532797624,0.22988128209506492,0.16885765363826433,0.7945948275105037,-0.03908512211611807,-0.7467095805390834,-0.9580240039766506,-1.7385688880695345,-0.21296028793814156,-0.9670196932157524,-0.7736061016568644
2013-11-04,-0.5700841334263219,-1.5714270172357263,-1.8398105459802858,-0.18476021999601064,0.8618106002106897,0.5781388883431878,0.2616580422998582,1.2871832580615337,2.403716884358648,0.04994521472656178,-1.2892087661085283,0.29888337255030406,-1.0082231928670276,0.7637982217380526,-0.22222756106588346,-1.7149933708169456,-0.02353312393072146,-0.7736061016568644,-0.709829382192256
2013-11-05,-1.7997880705589395,-1.602693957296969,-1.2313773887767308,-0.11307393082023762,0.7585917032977771,-0.1299891739207971,0.298286019503873,0.10285101623699987,2.214593270844461,0.7214655382794091,-1.4552088732344919,-0.7484803559603826,-1.7601678597074182,0.33821237324321674,1.1642305312059806,-1.6550959141886543,0.27203576048477,-0.709829382192256,-1.0443709684798863
2013-11-06,2.030632078219194,-1.2686607107282086,1.1886826290092907,-0.05331192198316659,0.7523645975175318,-0.39311350127945033,0.2178662227622698,-1.3155941892939382,1.0041894737173251,0.940891610734647,-1.0056500079805875,-1.3427791018709168,-0.861630207111899,-0.15475213692978879,2.4227563480085093,-1.2442982471496047,-0.018304985884481553,-1.0443709684798863,0.5652258150835442
2013-11-07,-1.2844876946569552,-0.4730783186627089,1.0392666335707197,-0.027438183921791277,0.7212034556831612,-0.6919372795399197,-0.9933476890593351,1.6949006718026733,0.786227162860668,0.6586473398765788,-1.3497463714989597,0.3457494467605798,0.5980522546269007,0.6613273156215008,0.24954767952468343,-1.1247818101346314,1.5744973561945275,0.5652258150835442,0.16561028916653037
2013-11-08,0.7371078063339723,0.4800620434873957,-0.11643629334855257,0.04110312360324713,0.659307186121533,-1.5474358667394523,0.3851771782752164,-1.3010041032205157,0.9539215955485282,1.3011298234400228,-0.0037842629864185363,-0.2668584421745389,1.8696174917197619,0.7625129264777987,2.5890377592169966,0.20202022698222574,-0.45535080990470195,0.16561028916653037,-0.1021944669002333
2013-11-09,0.08312598438768506,1.1877721146958682,-0.889805743414438,-0.0008647922788757477,0.48619453067310103,0.5266644646615558,0.9948411802711695,0.4557907246053963,0.39829281631246105,0.9830752744619313,0.5845830630403966,1.2606914183321523,1.3405866170358547,0.42574601542425905,-0.3601314150705737,0.1548919370011574,-0.36239270087301406,-0.1021944669002333,-0.12421717751575291
2013-11-10,-1.2695925323820796,1.4874285798399927,-1.3539019958993226,0.009044549478530462,0.3660026931940427,2.295653154640098,-0.702925945102486,0.5069264156378158,-0.50162862951105,0.8818146750039353,0.17157434055833426,1.3195299255461541,0.9814321564153644,0.5423330430921051,0.5004222944583414,0.39003183500835015,-0.09297086098208932,-0.12421717751575291,-0.2046361846826433
2013-11-11,1.7874322158387732,1.2706102313724263,-0.15670371124756963,0.08561266539815914,0.32904470605662123,0.6600391525445511,-0.8062789769629629,-0.9373413265979457,-0.9205438016989917,0.8634946441853636,-0.27704645987845095,-0.15010014844807468,-0.10334965913785137,-0.3793699878443895,1.0710562448385443,0.7731294027210883,-0.007721566065909439,-0.2046361846826433,-0.45320924675757934
2013-11-12,-1.119387842483154,0.7230150409647939,1.6090241129548566,0.16504614995871972,0.2933632457663346,-1.5662869096339367,1.189180818586192,0.9482856833310296,-1.3082393017028873,0.7923668657903806,-0.3239766802202455,-0.46080572279783755,-0.4414918267312909,-0.974457985827799,-0.5652598914131871,1.030883132619688,-0.6731700097670931,-0.45320924675757934,-0.5327484381342894
2013-11-13,0.3928495300218587,0.012809370360368213,1.2139649753914952,0.22214846429826085,0.273584808755418,-1.3535776149542318,0.04480173032289286,-0.9594728069092291,-1.6519049777937624,1.509531364514567,-0.9752513187905557,-0.7530788066238362,-0.27219636865134855,-0.11324372287196888,-0.48914556334741305,0.9571831027566365,-0.03519488842177423,-0.5327484381342894,-0.5914703189945686
2013-11-14,-0.022078320215467517,-0.6532780571325896,-0.07829210422916999,0.3021822248143284,0.2542003760356247,0.45210345093079685,-0.9640243947567914,1.210616186800657,-1.9166537817570566,0.7754002012678122,0.23128182221016919,0.1242769384001978,-0.9729794935445616,-0.7369586927600024,-1.0030932729899387,0.47703918880798923,-0.09216632587680215,-0.5914703189945686,-1.1079250145199457
2013-11-15,-0.3090392554528966,-1.1509366997638966,-0.6668727831764485,0.38580816711874394,0.2657346021302996,0.5904708423899137,0.20063778582139227,-1.5900331302324826,-2.026881562093698,0.434412189015786,0.3044630408788572,0.21842496540867473,-1.4312819873027582,-1.1022024106498844,-0.49034791593407967,0.625926562420933,-0.39302336703089014,-1.1079250145199457,-0.826666717216727
2013-11-16,0.024048636011164286,-1.3078863985573288,0.41123451637042374,0.4551713289021881,0.24858116176490536,0.17986702272198696,0.8849526615945971,1.6049142633755702,-1.3585967381917274,-0.29344709684450604,0.0835332084252027,-0.579552601703883,-0.6977048018334725,-0.36697729551998765,-0.8639365655593784,0.5832232412932163,-0.3423070540352088,-0.826666717216727,-1.064815387550209
2013-11-17,0.31640692583143837,-0.8544517411138476,0.6510813322719645,0.5487262649104456,0.29270142368910035,0.38537203608576015,-0.08238764658583658,-1.374658454983563,-0.43355898166075696,-0.8368182089289772,0.18071922789339642,-1.1441228672505086,0.5754846815736736,0.6459178236735983,-1.2568063661520654,0.4258555809097672,-0.012947018389120648,-1.064815387550209,-1.2918856443839777
2013-11-18,0.45206468519598003,-0.11562362653196685,-0.6035883196242133,0.5007408195177908,0.8200429984047997,0.29542469533569055,-1.2102157452030557,0.859394860938453,0.17789286068360827,-0.7982231036451506,0.7208535763405125,-0.30602089018136674,1.2808237479805915,-0.6019005691993119,-1.110189028982233,-0.0740818483571149,0.29336085731706696,-1.2918856443839777,-0.6261917622250938
2013-11-19,-1.3627609280568433,0.6246414719351305,-0.7884782594562898,0.8097089378262347,0.7283733872158942,-1.4789907030560405,0.4537630165005569,-0.5353605080409467,0.9931275107248635,0.6238683438348539,0.21874135121636967,0.26418151697679665,0.7985022070999102,-0.21110555231369646,-1.1589059050037243,-0.6397108637648471,1.1305625791089513,-0.6261917622250938,-0.7992500493280644
2013-11-20,0.7225633754771436,0.213172868618107,-0.2532969746970778,1.090145769350911,0.5594293469079947,-0.918695865658015,0.9589797576552807,-0.04199763006498113,1.6017909140745263,1.1148752682732959,1.567837040333326,0.184669790102817,-0.05391047589683929,-0.4656463822219781,-0.7479929808528759,-0.7338665983706187,0.038309431261671745,-0.7992500493280644,-0.5251440469511195
2013-11-21,0.8594512897008014,0.056363429800280765,-0.2886131662809586,1.343155689598047,0.3567312358270059,1.21152852299794,-0.2045141794795025,0.5958027699489401,1.3202066432688087,1.0571540333247007,0.7801821563182251,0.06345368889313394,1.336333620032066,-0.48427608796061666,-0.9363356258933552,-1.1683012346116535,-0.09705084306693348,-0.5251440469511195,-0.7195937079122069
2013-11-22,-0.8933982514317457,-0.10153460303198472,-0.28678037863647887,1.5532681687267054,0.1165299997529668,1.7998007922332917,-0.3256601532921535,-0.4803310841730509,0.18584524374386094,0.2509826158159439,-1.0684957922897709,-0.37032097140763337,0.13143737389990331,-0.49747881050691156,-0.4202753388046699,-1.0813662847188463,0.04434790183163457,-0.7195937079122069,-0.862616229737321
2013-11-23,0.39775402902353363,-0.10223626837014013,0.9454743439937014,1.679068474408441,-0.14080070604389322,0.00569995063789762,-0.8733303667241927,-0.10552032537244696,-0.06100182156681453,0.3199981908712554,-0.8135937724141357,-0.8706608686720213,-1.0550345963147607,-1.0681824192231268,-1.0290681652600049,-1.2168710648665937,-0.1015298859870626,-0.862616229737321,-0.9189723039099624
2013-11-24,0.06966173882102646,0.0338936671578001,2.501404997327937,1.8469448834984814,-0.28818637048786006,-1.4310212427300595,0.4884133310996628,0.6222262878390744,0.17868621276460722,0.5801438532465952,-0.5188636674454498,-0.5298350926181455,-0.8087745426374463,-1.0836844679238637,-0.651404312025554,-1.4089538546047076,-0.306632295718994,-0.9189723039099624,0.22072779064823433
2013-11-25,-0.620753534292706,0.4252090466087102,0.21673722816266786,1.8982770531793436,-0.4670959388523971,-1.2819477601684197,0.7951566723550554,-0.8866388491658747,0.42187987975826335,0.05491339677032119,0.0802227969963457,0.06010939215457634,0.6452888832942971,0.038323085129523836,0.729659976780058,-1.2302555384215548,1.5541830550518332,0.22072779064823433,0.009169386620600836
2013-11-26,1.0613759716137963,0.9034981563832698,-1.7224247767824157,1.9062206342495975,-0.5862428512269036,0.34100811121921687,-0.3502072422791336,0.8636912494061431,0.39594308994098193,1.7715287263190742,0.6770418675760242,0.09744448419423851,0.5733198552270559,0.2991959116974295,0.05400799060958804,-1.1792260559367862,-0.26756807555381457,0.009169386620600836,0.007437567846856104
2013-11-27,-0.606726535272831,1.2301041574300342,-0.640880461344902,1.8437143707941401,-0.707013901878345,0.9490686794144392,-0.7203623432866813,-0.4852050178036964,-0.37095898582937126,2.2411720625597793,0.3296159921671052,0.14280216394220507,0.43664243114011553,0.6711708320100253,-0.0026089849196997174,-0.9171695544856471,-0.002100996619622365,0.007437567846856104,-0.0882584526038493
2013-11-28,-0.6416013097113853,1.3533720269929186,0.17921771404049242,1.7164692133364188,-0.8873749480988881,0.57504063617479,-0.8925190272232181,-0.29968895847868615,-0.13602233475430375,-0.36740242662801803,0.319744658773296,0.15003229143050067,0.36874635228864294,0.04492070428857948,0.14907238676232107,-0.860098081245289,-0.17965840528956104,-0.0882584526038493,0.021714905977079573
2013-11-29,1.158259986453006,1.3238531464819074,0.5981332284666676,1.5800050631898603,-0.9557707632783016,0.06229301571232161,2.1003151785080965,1.2050654703728063,-0.20175860011226615,-0.11258039407657246,0.4815637710028217,-0.47588591022538645,0.38705257208759336,-1.0977748792068058,1.4501138785771879,-0.6234907942304682,0.2509620280416948,0.021714905977079573,-0.2115199635089675
2013-11-30,-0.8131152384290722,1.1718067307016393,0.4978500782633428,1.4110122479571021,-0.9984123060146853,-0.03147509300533646,1.3523554499250734,-1.7578603481306607,-0.7543802359896995,-0.509384805475739,-0.1429562129974832,-0.41496983663189674,0.5194236373296749,-0.403186118138871,0.019386286710997163,-0.47026042908106813,-0.3769668477879131,-0.2115199635089675,0.01694243861180012
2013-12-01,1.0841181516712448,0.6289085875260005,-0.22238243214162662,1.2198454187847698,-1.076795348281167,-0.7278114992714467,-1.622525109627901,1.7388039554157668,-0.07027881633122843,-0.3022011108330734,-0.7830265510220359,-0.3268343141804762,0.7685787158862009,-0.29731194995373156,0.13870331414698361,-0.3085088938901145,1.027840408203838,0.01694243861180012,-0.1032095499954117
2013-12-02,-1.4784046875171242,-0.615629182382768,-1.1031037859492197,0.9862827661802892,-1.0854134777149111,-1.0742731793572646,-0.12691632601019706,-1.331425078616156,0.4641344096576613,0.7124750024077079,-0.201878322071206,-0.2416565088427212,0.09266156680168336,-0.5589886758843651,-0.8002406539677863,-0.26714638769156523,-0.17682757750660533,-0.1032095499954117,0.22509012908621898
2013-12-03,0.6868524395422169,-2.161635734765369,-0.8219378947864857,0.7250247098832897,-1.070162457102315,0.2699314721199399,-0.44916038661484636,0.5640792419654664,1.0597800226156862,0.6857889367682796,-0.3410381786835237,0.6301821363691846,-0.4242780258537442,-0.6717591860732813,-0.43234341933639353,-0.2500400220450706,1.2759195127006264,0.22509012908621898,0.05332539814892958
2013-12-04,0.027423716246056527,-2.710134212459173,-0.14334014577647056,0.3363002602930536,-1.0017572804371202,1.6740764209320023,0.2924595611997634,0.5694857724778647,1.4017320867467968,0.46508229911301807,0.5146629310274647,0.3813677379183294,-0.3148393278730138,0.3117545351906625,0.9040642803980684,0.003950321817435029,-0.24144200134489283,0.05332539814892958,0.11190316628138648
2013-12-05,0.3302641269050238,-2.8030950627926927,-0.35084700267084956,0.04927970217149268,-0.9117799599833788,1.3464311931433004,0.2015899819112124,-1.568293042782807,0.7189661134912051,0.10581785585491338,0.6429433672869856,-0.5072637746285713,-1.655414287776456,2.3472062881772136,0.755029001313866,0.1552073343556621,0.09865829859813907,0.11190316628138648,0.1641217892969415
2013-12-06,-1.2156543411099174,-2.8437758585847526,0.3721624327718179,-0.28637503583854346,-0.840779959145263,-1.7777377789367763,0.1739127796842761,1.7028761543657402,-0.6122303311980013,0.17447790638700006,-0.3289582132844257,-0.43897918375558026,-2.002682533136364,1.5078664268686353,0.7814556430380813,0.346308432186259,0.11950257359864994,0.1641217892969415,0.014118180289517612
2013-12-07,1.0419251001427057,-2.7374255758009243,1.2601764334851122,-0.627497853326307,-0.6326652872399695,-1.7514745746007316,0.6294092382342562,-1.393245904254957,-1.0853334484127015,-0.14671850361054528,-0.11474937660884445,0.9086071044498357,-1.8311723694683268,-0.30964612193869073,-0.7176866550741671,0.3523555874831312,-0.3730520747029317,0.014118180289517612,1.3521604856196223
2013-12-08,0.9920375564375064,-2.2773979114401417,-0.32453692334997086,-0.9557251018862116,-0.41830693695753385,-0.2050952361351088,0.35249066314685684,0.955636566973428,-0.8115049500446488,-0.5109228830242185,0.6809161100763464,1.235406455766678,0.018661221647339177,1.1144917243635057,0.16625690842833954,0.25740688646236515,2.236989383681763,1.3521604856196223,1.6677458494375845
2013-12-09,-0.38044354896760113,-1.0659766271575426,-0.8655985338095749,-1.249864853443211,-0.20705147035961882,1.0103934207910192,-0.6437661367649129,-0.2711806785719408,-0.568622016308495,0.2588315763481511,0.9885681808722226,1.6240084538442199,0.04323199262231391,-0.18916392292266565,1.3468332987888705,0.37929457270269973,0.9783004456710231,1.6677458494375845,1.449219880746117
2013-12-10,-1.2167900352439902,0.34163366466376943,0.4156546134062457,-1.4968859687699068,-0.007395642615459729,1.1873609300322692,-2.2046468441559868,-0.8148827905648783,-0.34709354609428206,1.3174270890138458,1.2676912528181588,0.8034643557409293,-0.6140288562835067,-0.5722207035442037,1.1340072376647767,0.5052178133400804,-1.092154666827994,1.449219880746117,1.1692272221148723
2013-12-11,0.6872664439299166,1.2057004657088715,-0.5671563919821992,-1.6905735838726863,0.15857288365377656,0.7100277162126961,1.4518059752606491,1.6519673462533577,-0.6461479163470462,0.5653012953515121,0.003282560444032239,0.1614547329580249,-0.42973668983996294,0.09983504861032981,0.2942567434810749,0.5310144925433106,-0.7114881181306785,1.1692272221148723,0.8228300420203642
2013-12-12,0.8423573918148454,1.697989169438135,-0.17598828906883554,-1.8011257823515905,0.34888389962741306,-0.3662124748599105,2.643173587240707,-1.7411672971154069,-0.7008594200939986,-0.0836967775051091,-0.9048256610975162,-0.7300647302164576,-1.5231581450075045,0.05133291283907082,0.3192936326573055,0.44077155463881024,-0.6028329919392498,0.8228300420203642,0.8771141989499044
2013-12-13,-1.9099294590088258,1.8284623725793796,1.60552436779836,-1.8052084308947287,0.5246486923449453,-1.2825517036119345,-1.9141728364671013,1.357633947389517,-0.6122954644966405,-0.07093251127834772,-1.7162499649508474,-0.7767572019272492,-0.8268856818257495,-0.5983959629580925,0.20334206872229663,0.4893722626066369,0.16773116461699852,0.8771141989499044,0.5277890100607736
2013-12-14,0.8192272619250957,1.433684447262033,1.075422780371274,-1.750713701194997,0.6902419995241581,-0.45756739243226874,-0.6697228768976872,-0.9647331476143881,-0.8759719795659444,0.8119230148028975,-0.6389962074229102,-0.17497161634014077,0.29937524889796857,0.17562586456292129,0.15053511565980526,0.5125134974660435,-0.6835936458632379,0.5277890100607736,0.4413284214398277
2013-12-15,0.5800134784794275,0.728769789513656,-0.4368686192354911,-1.655942348158052,0.9015056815225977,1.2645904026347607,2.0754406046308334,0.8052239359167053,-1.5643544961485873,1.079405120573542,-0.34170144126683866,0.22547785062168246,-0.28781684117844164,1.8623497926915769,-0.0689637579846587,0.6658113933278444,-0.4908478441324709,0.4413284214398277,0.18192151791528025
2013-12-16,-1.61113066465106,0.12370663915579153,-0.7352052445267855,-1.526187418274408,1.0382632985865123,0.6897912183734765,-0.8024629865001668,-0.8802204623312332,-1.6327770653345761,0.5003973173190414,-0.5523070625751835,0.8782789258875204,-0.8487063739696703,-0.8031672733254658,-0.1016102549798058,0.7583304646348271,-0.6414419038588751,0.18192151791528025,-0.2299085908873925
2013-12-17,1.2101068863481086,-0.26200978483378334,0.08237308921694694,-1.3880822270723203,1.1798630840193087,-0.20930546112940682,-1.0085071848679024,1.0694084787583116,-1.7073264729106445,-0.0320721784147298,0.6372928166804162,0.5836705298689634,-2.9400020737050747,-1.2913735125533905,0.09949584076160446,0.6045975184250925,-0.7773875281832865,-0.2299085908873925,0.1763681802125535
2013-12-18,-1.0265597633850012,-0.4782491204350017,-0.06323695366859183,-1.2231915152203379,1.2324085649437115,-0.9057032005356089,1.1490857494844227,-1.057709892940514,-0.8357471184045844,-0.15101575213165264,0.6310207325695906,1.1736746572622951,-2.960068715023097,-0.6273938073544268,0.036425379197786045,0.48771808319408994,1.0738552031461062,0.1763681802125535,-0.053284263891176256
2013-12-19,0.29469891264818504,-0.2922013343326169,-0.49432614209087894,-0.8867576609769156,1.1594592223936113,-0.303806785229232,0.1452727243375189,0.6289059195653135,-0.3035349282002654,-0.351471723662415,2.1563795199035236,0.5890722908117978,-1.9008604311970931,-0.49948457817994035,0.3766633741018239,0.4671056939777255,-0.24961620133545181,-0.053284263891176256,-0.15966031848336906
2013-12-20,0.29009708339486434,0.23094632328385767,-0.5946941566938999,0.3200945857142145,0.31014522298041636,0.12377774147836174,0.6812408943459397,0.30254082042358604,-0.7914941994857357,0.3701805177176315,1.0681346641787193,0.17664321931843355,-0.4948333463851656,-0.9823522247215452,-0.5326037208104357,0.4988958497377956,-0.21136392288605813,-0.15966031848336906,-0.28660251485531774
2013-12-21,-0.9084776128854236,0.6088894329542517,-0.7897384253759915,0.39628163750225415,-0.16439494487930603,0.8613943127967872,-0.08535595105505221,-0.5522018523023116,-1.1522415514056346,0.6917617230632901,0.028442609203379564,0.3152265258890067,-0.19679076296577402,-1.3366388361739165,-1.280112869283124,0.3993027790379933,-0.1548148691493728,-0.28660251485531774,-0.4998388216619329
2013-12-22,1.0905947672101846,0.8844234831311674,-0.12941432477271944,0.47139634170796707,-0.5858781106978055,0.3714199829625438,-0.9978150237281264,0.6934547012272393,-1.244431212773423,0.5378077367972012,0.2537720291456526,0.018187834290541664,-0.3602660391550106,-1.6704361613851528,-1.4621609024590607,-0.02432583465447871,-0.693498641780171,-0.4998388216619329,-0.5226371879721394
2013-12-23,-1.3438158408133571,1.429534280823494,1.0937603431374667,0.5271062549679911,-0.9759948229314082,-0.8987826805356678,0.4013119052671363,-0.751072700148125,-0.9257241417651485,-0.14609189888693333,0.2987213916594355,0.24820548878450227,-0.5139669007471289,-2.153649732773827,-1.1559612992283104,-0.4677649041609016,0.23986049021446518,-0.5226371879721394,0.15204096969961875
2013-12-24,1.289198353020453,1.8419091486372852,0.6273440393268803,0.571165343444716,-1.2963230738974987,-1.0276233133612005,0.7386246318268119,0.9717103878008431,-0.5023504558242068,-1.0706725720322359,1.0289004203253986,0.11925066240426838,0.5919272696625661,-1.685470826093715,0.029992133239208563,-0.4897553534618808,1.4374561693876626,0.15204096969961875,0.08145332630048811
2013-12-25,-0.8325733409320457,1.9258584102206497,-0.8554177453469995,0.6785937696406541,-1.5496554071931798,-0.0792946542638669,-0.7919469454614719,-0.9085064031078648,1.0232575256464584,-1.0157976531915296,-0.18475693623208084,-0.549404996157287,1.367199056730467,-1.0015325878490267,1.0043944310262092,-0.27512913089365265,-0.09871266183728111,0.08145332630048811,-0.030102481623116812
2013-12-26,0.43222011547370565,1.5726415158024376,-0.3872286242670695,0.7196985461760738,-1.7342240062950733,0.47123227035454446,-1.1789997426383956,0.8468284013484332,1.7789538005194052,1.1682749520054563,-1.4765519443712718,-1.0019256098925253,1.061677853030379,-0.9436847723188214,-0.2774422833385712,-0.3204763896379223,-0.22086951989660458,-0.030102481623116812,-0.46006453695615385
2013-12-27,0.4864964442124364,1.0563884475897136,0.39900124132788345,0.722540329463961,-1.9073094771360923,0.3315630266260806,1.9691622592351263,-0.9255750799457905,1.1571165180316474,1.6451309225851038,-2.3410694640697707,-1.1631300871330337,0.41085041092831037,-0.7829229595676294,0.1397612646568708,-0.30137933659337623,-0.8406373261427382,-0.46006453695615385,-0.6086754222537949
2013-12-28,-0.5519560387375717,0.429852468740643,0.10540118632365446,0.7395072507311683,-2.043036594085513,0.9688454513414636,0.720785911151864,0.9739321754445184,-0.2368570108790997,0.7047140459792508,-2.004950253432124,-0.8295580205122565,-0.06991944553938698,0.2967889954353894,-0.5757219981956957,-0.357602758272854,-0.16657136196222666,-0.6086754222537949,-0.8109657994968386
2013-12-29,0.37024040031874,-0.14551176994682674,1.6008990820365168,0.6320654596593172,-2.1384231708131227,0.17446772856742357,-2.383417388842842,-0.7801148306213465,-0.9598369733081215,0.9089551626285141,-1.8266586141580743,-0.9925053649523147,-0.04521835826729095,0.1353567058639765,-1.268820863633675,-0.4660025123279773,-0.01336064459706664,-0.8109657994968386,-0.8059690439180854
2013-12-30,-0.20601507581507356,-0.646678882216127,2.4248388420535907,0.5049971315578317,-2.193739098142492,-1.173153772778039,-0.3133577053741283,0.12991846884637767,-0.6872300422380014,0.5405338558804188,-1.3463992203253365,-0.196423593838982,-0.716968605772479,-0.3316861972128945,-1.0089015725363255,-0.5850822786888868,0.21376010284325964,-0.8059690439180854,-0.7727680966223222
2013-12-31,0.6931755968723676,-1.0079959561131244,0.31609230536248356,0.31940797578355773,-2.2249364372225666,-0.5089642559525809,1.607471549760111,0.6265064570531925,-0.6732765501634685,0.09100014515314454,0.6516840347203965,0.6451183199308292,0.8587468911796128,-0.10294538385257246,-0.35806462496856434,-0.6420790276472214,0.2872565957395624,-0.7727680966223222,-0.5938332195949548
2014-01-01,-0.9560070430569833,-1.2866142073586424,-1.6991244219748645,0.13176944467167984,-2.2542722417452667,0.4101113960541683,0.4440024578800372,-1.0528184231966544,-0.9059440188270843,-0.19831262033919056,1.384241742275881,0.7806108403832951,1.3631433218830444,-0.08622549004878464,0.1810115377203667,-0.6131964843292514,0.8093781239051654,-0.5193524582444613,-0.45531465433196505
2014-01-02,0.9888126068585523,-1.444318976669686,-0.5588007444573253,0.020511731299554706,-2.14078466393413,-0.057347822551004346,-1.4081941839431942,1.1099253947792642,-0.346970247815776,1.2516191200318605,1.156015479597911,0.9769387804255342,-0.15613349576595287,-1.1155993917284421,0.2888860417260644,-0.4755647763594471,0.12299562129370958,-0.45531465433196505,-0.45460827138870336
2014-01-03,-0.9412614157444619,-1.845721889881578,-0.7336366078299812,-0.12426532115961869,-2.0058501339671566,-0.4486847808798274,0.38140839447484304,-0.5545113468732901,-0.7791903510554358,0.8972276967272285,1.4255091591865279,1.1835688724910245,-1.702366532197589,-1.140912276610953,0.03777568463481977,-0.33894392123103184,0.27289998216090133,-0.45460827138870336,-0.5699300832082862
2014-01-04,0.27527398828209904,-1.8297820103911502,-0.6336442307128949,-0.2476128234811142,-1.8122076772626423,1.5189829308880303,0.730823172276652,-0.3209261799417736,-0.6708547391863128,0.7304218605747601,1.014958563698404,0.8892049343234284,-1.44663641761491,-0.7137226839543002,-0.0974783592529996,-0.15589789693634237,-0.2730992464711877,-0.5699300832082862,-0.775079553717905
2014-01-05,1.2044303521444226,-1.7428869187035196,0.7020175791284808,-0.25625295508823626,-1.5605013618460948,1.5828422894369474,-0.31710184726478496,0.6692621010545975,-0.9890795513615714,1.9187306839862839,0.2307184155596434,0.8202198300433293,-1.2765176123105217,-0.46531687025218954,-0.059702896318671456,0.015032102681664687,-0.5697095517173193,-0.775079553717905,-0.5975072076814733
2014-01-06,-1.1333431074402354,-1.452837483587831,1.4702117921928048,-0.3666954410076661,-1.2140092853922568,-1.0687483488184562,-0.2081222494112157,-0.6526301197914668,-0.8142839123212126,2.167164402951585,-0.037867575929692567,1.4838419126521727,-1.8841020878044596,0.21217154192529455,0.005271397368751407,-0.0011614538897054146,-0.2331268222366102,-0.5975072076814733,-0.4206445140123247
2014-01-07,-0.6317957239278009,-0.9395098271409112,0.11573456749563854,-0.4734741218309647,-0.812694896393458,-2.5473969669313887,-0.5029006331245739,0.5344606558826956,-0.828804381647224,0.4463265085226333,1.2065559920941624,1.1695237777776715,-2.442617187839976,0.36659436825236996,2.05432709531666,0.08916069742647342,0.7895786228490769,-0.4206445140123247,0.08608751864244563
2014-01-08,1.084709678677679,-0.2993529274291072,-2.4787528064209243,-0.5195879904908051,-0.33441132385895184,-0.6023402412803005,0.757702146960125,-0.45533194149770956,-0.5155282068936535,0.79749833520275,1.5599281977245372,0.7148021877859578,-2.0138733562078173,1.4262795148684235,0.825779230746425,0.26092049821887836,1.0437335667183456,0.08608751864244563,-0.2543554606832923
2014-01-09,0.06767898041767331,0.4023496282380311,-2.2549371535323854,-0.5772992844152491,0.11720429005807716,2.363822544630087,0.14668355122516455,0.5163281959126667,-1.0586139842176159,0.7580214735717139,1.9204214523565908,1.2635845376762422,0.1291387737398317,-0.2119911182166311,-0.2174957021695071,0.17327938033780835,-0.6754080857122456,-0.2543554606832923,-0.4316383298431378
2014-01-10,-1.4095898023742783,1.0901712296491086,-0.8360610400003463,-0.5771963644492242,0.5847009223642139,1.5974648154801971,-1.0334237689054264,-0.6210986397880955,-1.0809448056014082,0.7162792890865238,0.7670066778913043,1.1297658175688639,0.5935407712954701,-1.0563824429672508,-0.43899080152878955,0.14542293749982058,-0.8606140811320423,-0.4316383298431378,-0.6158909060315906
2014-01-11,1.5169860471410337,1.6925952320057516,0.14033003599729119,-0.5941573084410786,0.9955454823658848,-0.2426384210747958,0.19529167965718686,0.5556267079630278,-1.2162319230170275,1.1389819922279858,0.41535919846201536,1.1970750257730471,-0.6648362951407922,-1.7235890889865637,-0.13304806199354977,0.21809246544364316,-0.4630098604632805,-0.6158909060315906,-0.7252647481144359
2014-01-12,-0.25748282326655203,2.1417619869047884,0.15125967266922358,-0.5967991929604777,1.333975751199905,-1.278889259229408,1.4796570087876775,-0.23210450834357302,-1.0607887152114157,0.459567684815494,0.3820626094666548,1.204994418460317,-0.6145753483696281,-1.0364527982158076,-0.49402938219315984,0.24370585739717443,-0.133386783577801,-0.7252647481144359,-0.8373106664409516
2014-01-13,0.06151511018557232,2.2655831663756345,0.8937515211287402,-0.5775269108049056,1.6507403486779564,-0.8798433475973448,-0.48283860589575545,-0.14633178209475306,-0.18706162820934918,0.6986516584385696,0.4053642590545867,0.40513302033925364,-0.06427170060356477,-1.0947579431398515,-0.6069248113137764,0.1718640409588066,0.10133237830930517,-0.8373106664409516,-0.8654801052862048
2014-01-14,0.16171277588715877,2.0115889597766454,1.0309309264555124,-0.5314350994372236,1.916463453714162,0.24424828272626625,-0.645319814055643,0.3871881417556501,-0.2915947874593806,2.1832653080341733,0.21208897571880667,-0.10420215044630653,0.34290990955716444,-1.011944941378442,-0.8915113808327388,0.12028602473542223,-0.42778345360091663,-0.8654801052862048,-1.0210393380969602
2014-01-15,-0.7419780768956391,1.268630839298894,0.7106556609551457,-0.45277854448247246,2.1367279422839167,0.5586069535838625,-0.2203128135143166,-0.22117762019724468,-0.8116421993740561,1.9992099015226128,-0.40574618007535773,0.02057897318695869,1.0860010345308218,0.12802517767497534,-0.7203470405630238,0.03805780556337341,0.2948514647510971,-1.0210393380969602,-1.0867381172931552
2014-01-16,0.6599627297442403,0.34740705908491526,1.8203377452133513,-0.40926823408928253,2.316274775984203,0.05301902935755509,-0.7819880551303734,-0.3167843909280365,-0.7456682406653539,2.1006575812519483,-0.2353566545975696,-0.549682567696608,1.1992688990506704,0.3025962547737422,-0.005937974397654195,0.0338967412357799,-0.372156035997862,-1.0867381172931552,-1.0028369199893
2014-01-17,-0.08330586593054941,-0.541540240578709,1.6381711739669789,-0.24879616887229136,2.4594423924785573,0.0027338988284272767,0.6402105317090668,0.6877607265078344,-0.215229595319982,0.9795012013437763,-0.1470966328303843,-0.7262252448709197,1.2778360719118396,0.8678738870003607,-0.3377308338395324,-0.015187305862612875,-0.1731484169172991,-1.0028369199893,-0.9584751541114271
2014-01-18,-0.20519111998664993,-1.2181730271861064,0.641428510456287,0.048764369611083956,2.6010021932845286,0.6215042248223632,1.220707065771671,-0.6882954865125522,-0.24695635912218314,1.127987878174785,-0.64218410031462,-1.0630252372106153,0.5808935912316836,0.42110778512099484,-0.7622751725070515,-0.10028863414987127,-0.4022411276728735,-0.9584751541114271,-1.1091332674882464
2014-01-19,-0.19109087946380554,-1.4984894727046605,-0.6625877662847485,0.20953545749891456,2.646767402617195,0.18980260086795162,0.36902801357531456,0.2769450844769525,-0.6034180871086781,0.5386047554766941,-0.718187897395856,-0.7392166568208394,-0.775739104687841,1.0978299697485905,0.7231879954566234,-0.049234104905353404,-0.44262624778170157,-1.1091332674882464,-1.3159240566184014
2014-01-20,0.7713952112914666,-1.5775769193570572,-1.9099881689080378,0.2524099959954646,2.4817520406047215,-0.4751852018443375,-1.676087861709777,0.5124796184603652,-0.8202160859478832,0.5044321576101393,0.01976745817475731,-0.4236749175508019,-1.8260959027990684,0.9488848814847617,0.6650293699453728,-0.22504545366177198,0.2960700107268964,-1.3159240566184014,-0.9940843112701319
2014-01-21,-1.0581886280206234,-1.2566157716105595,-0.31632752134361747,1.0929516465926836,1.4802707895759388,-0.5443592062687589,-0.7664958886829029,-1.0469856005737361,-0.921027121114106,1.39522243856939,0.3995107510788698,-0.03210413327564938,-1.484805311156735,0.08805289415344686,-0.39646982918373785,-0.46774204180198115,0.1536623993105443,-0.9940843112701319,-1.0157224539829142
2014-01-22,-0.06974736789738362,-0.9195755191782776,0.5539710917028657,1.1837636886530065,1.417919463297796,-0.901532951872724,-0.3930509097969553,1.4863703858257007,-0.3643161310488434,0.050429761071261875,0.5732427832246693,0.6965539003955227,-1.461067739074808,-0.30117722583973866,-0.04606286795478594,-0.44531616257233836,0.5207736863086392,-1.0157224539829142,-0.4806919641582399
2014-01-23,0.3905438442219352,-0.779706000785726,0.16347929678847997,1.2422425003005433,1.3313869368293745,0.4572330328019987,0.7915513062842604,-1.7590734745673982,0.7558131986987703,-0.7381718588586772,1.4758224572351968,0.02118041114865214,-0.816143037030793,-0.21814990896272396,0.6401144443540214,-0.27742703633764204,0.1848119860880305,-0.4806919641582399,-0.6207358779101463
2014-01-24,0.501935212654364,-0.4899292229202885,-0.4392501456534944,1.272651090267392,1.187695807118987,1.1312139900259122,1.795250157690227,1.6055011724802282,-0.052451952816655614,0.06024395996090812,0.6735282491523931,-1.4071295938580395,-0.09524139212081988,0.5796670666097088,-0.7027520282188389,-0.3552986014149115,0.13528018784750032,-0.6207358779101463,-0.6130308858296537
2014-01-25,-0.6045663595468741,-0.1186545718348324,-1.2673395651339674,1.2757242099406834,1.011543480177523,0.5832636263671566,-1.614425917223521,-1.29417758749083,-0.44663021919821716,-0.3842831274945751,-1.4034438532188864,-0.7939917489840674,-0.5500361177309602,1.1804929051404547,-1.0618976750723683,-0.4298888180416312,0.030974294198394838,-0.6130308858296537,-0.697151682559058
2014-01-26,-1.0234688037511943,0.34078617454123705,-0.06445710538142821,1.2771901502309468,0.8222677168390344,-0.5628695696534973,-0.4299233221254872,1.0370658365725764,0.7401797813181231,1.103657781770512,-0.566076121182277,-0.26685806398755274,-0.970095970241624,-0.7001357985148181,-0.49656895535761936,-0.5184547769427796,-0.18636999185369402,-0.697151682559058,-0.7742882091857887
2014-01-27,1.9740196332858675,0.6918028323689286,-0.2837506332679136,1.1154531409857504,0.589797888544783,-0.8803149492367198,1.174309210205691,-0.8498037650595954,0.9625423517087288,1.388062086389539,0.24236464456030019,0.09229019869983611,0.07042224685617605,-1.2644739730302608,-0.12559869173742785,-0.4664111664498323,0.3118779335353304,-0.7742882091857887,-0.266064607142152
2014-01-28,-1.8938091858153518,0.8230935757735279,-1.5504079169150797,1.0609155530551624,0.3906575199323232,-0.035648932296821964,-0.33532443714228866,0.7281778168243007,-0.10271038047202204,1.1923381538845985,-0.23305235822379425,0.08126559880332207,-0.16887236637446756,-0.4334062848963188,-0.21930282173313814,-0.4351040986274968,0.5214483233382465,-0.266064607142152,-0.1180128214464633
2014-01-29,-0.10272603876060869,0.7936003436943847,0.07657555269939424,0.9256241533924703,0.2372697494185234,0.061935270118466286,-0.10219775200427682,-0.7839990269120087,-0.28888084005072817,2.460297618726844,-0.7688628722839271,1.0219406205472692,-0.10103650357706437,-1.0072498338607536,0.6343465812550177,-0.33810284089730247,0.5508138701791453,-0.1180128214464633,-0.10771672508286773
2014-01-30,1.4647495753742998,0.6492983485556231,1.3203334245532132,0.8265011778181991,0.05547910833696839,-0.022710769021734033,0.5416538014593533,0.8810284740787735,-0.8269332129605342,1.371435359479729,-0.06786697460508727,0.7146639243373002,-0.5574695586195095,0.9593556071147412,-0.20282440365575619,-0.28343611418995046,-0.007602891946045708,-0.10771672508286773,-0.08578551170674763
2014-01-31,-0.4602034019050702,0.4988667704641424,1.1982246535294891,0.7374044335295252,-0.07598340394069823,0.7555263748536645,-0.658414361889567,-0.9858321174787184,-0.5461403723680583,0.9842143402657677,0.24323629654059886,0.6362875784070542,-0.22358790193501324,0.938360852333219,0.18893175377463925,-0.10171129818497478,0.09665220667446858,-0.08578551170674763,-0.28798876611753454
2014-02-01,-0.9887246441351454,0.3505237172000148,0.7017073920249653,0.5720956117565255,-0.22319948845370252,0.9336658732610352,-0.20347893229456368,0.9387076715710984,-0.9117837363083667,0.5054601256099108,1.3469166073040522,-0.004415064961196748,0.5424346292559267,-0.6360696843951475,-0.8788604317807731,-0.38110259941072594,-0.3730777691479487,-0.28798876611753454,-0.49081141934117606
2014-02-02,1.3811908429322708,0.3065252309023149,-0.4414840353263896,0.46177554206989,-0.36178819679894764,-0.5234492002063184,0.6874562051169034,-0.7986224750288459,-0.9456207164079315,0.4459182293424075,-0.16896643345738704,0.22745076906385273,-0.24680150524799382,-0.9156221236976139,-0.5965303151558309,-0.5813464376243257,-0.5666052048026085,-0.49081141934117606,-0.5927763321970295
2014-02-03,0.009658509822048878,0.35846799720523187,-0.619835927114235,0.28451186230227743,-0.4015497519620366,-2.7160226847664477,-0.825544629663654,0.5344936781008677,-0.25907191158437975,0.849194301977302,0.16647524214166054,1.6448332839489133,-0.6428918130497373,0.3018923562722006,0.2691211651116526,-0.40692723989748775,-0.15092872307928515,-0.5927763321970295,-0.4061244403468865
2014-02-04,-1.9807467876148745,0.572823853785038,0.4147114279454169,0.0847990302583455,-0.4726367559203548,-0.6190655231048853,1.2328086553475048,-0.30612946557349435,-0.17402316176243607,0.7360082331809376,1.1068073502717632,0.968889859032263,0.3558803581078215,0.03216488868909462,-0.02397399724977663,-0.3675261007118912,0.6747162282497596,-0.4061244403468865,-0.3541787262850937
2014-02-05,1.631406534315217,0.5950031739559967,0.720898489424828,-0.11104182628947278,-0.5351814030139973,1.7960869047650445,0.1929647161862491,0.30095841059267575,-0.12017116613839912,0.20769363123557555,1.0774838708525443,0.45317853429449845,-0.9162252443843864,-0.9639410141502284,-0.087605796926366,-0.40097014575083717,0.27445500559468494,-0.3541787262850937,-0.33205143291261985
2014-02-06,0.21942882154674473,0.4940306938564569,-0.9419586275392908,-0.3563384910024498,-0.5954951481566992,1.7445957426760972,-1.9538568224541542,-0.5150419837763841,-0.4056759071358317,0.1782590427493572,0.7930009847123518,1.0234397002872273,-0.18516337479178852,-0.982927555749979,-0.4897092644027709,-0.3864205292473265,-0.10511963650321653,-0.33205143291261985,-0.43853273272905197
2014-02-07,-0.3447460065626051,0.37558137034484457,-1.0586516882663999,-0.5217642605401748,-0.64197630611819,-1.3555797688257674,1.1763822101040458,0.7074242852058169,0.11377903458961343,0.796026155566746,1.0226077277854566,0.8446409889786771,-0.3571849450086939,-0.4518393363092253,-0.4845556581876018,-0.3782373930027433,-0.23422629498146313,-0.43853273272905197,-0.5882204677581829
2014-02-08,-0.8040139187246249,0.19691733647855317,1.1318416120282364,-0.6806722293945038,-0.7341421124335852,-1.995875407516596,1.0166132314541925,-0.581296582639444,-0.06433881750087113,0.8430444727511582,0.30434112117607337,0.3829965856431535,-0.5000819379876602,-0.8714737744239003,-0.6471981065507508,-0.35853052324255275,-0.5039043922141638,-0.5882204677581829,-0.6528543489131743
2014-02-09,0.7418336408228434,-0.06510608546334624,1.5758270816141209,-0.7884137483423778,-0.7951692251955953,0.4348733060176154,-0.8000609711056088,0.22513381342661304,-0.9166035595080476,0.3487687085402624,-0.4064597168719889,-0.10202194082523923,0.48951755937982094,0.2369561823687606,-0.7678943000167382,-0.43493894923001436,-0.03975759141552244,-0.6528543489131743,0.002334832451415721
2014-02-10,0.30809258417328605,-0.5811517928170842,-0.5532863765486133,-0.8950685099859861,-0.8058898061435863,1.961247532063083,-1.0821374884109445,0.18782553368285695,-0.7032975876809516,-0.16084925416985363,-0.1389375711257753,0.34636464579322096,0.046421485650724424,0.15502276023809028,1.0388515106628122,-0.29861542611675995,1.1470519652003661,0.002334832451415721,-0.33946420621542583
2014-02-11,-0.2590003938664071,-1.3473230166312546,-1.3173990594535339,-0.9693646686915739,-0.7926408569437711,0.6859814767787141,0.7041643651423234,-0.4672043715581275,-0.35980984962687557,0.6328319257557664,1.0159472508261331,1.1052096475727677,-0.8109035978737087,0.212567621387957,0.18335711631445636,-0.32687908563803075,-0.39688083388702394,-0.33946420621542583,-0.3980442724550108
2014-02-12,-0.7379282816793485,-1.8259195847082628,-0.569493131459293,-1.0415763111588343,-0.7492135318803675,-1.4120096000746252,2.348827340484016,0.2989586404728611,-0.5679095413755842,0.871104614852898,0.8865391082543316,0.9928277787947308,-0.6707964221695407,-0.07774414798745591,0.9629260012234245,-0.16994087499199076,-0.5556852046031266,-0.3980442724550108,-0.6437443931951945
2014-02-13,0.22769768158184323,-1.7429430589007253,-1.2444431225695483,-1.1148423884009557,-0.5467641131921344,-1.2424594560570619,-0.5644516258275892,0.13718006064252541,-0.5227607599626634,1.7242732593178018,1.2793073945861224,1.195804232511342,-0.41550556108370196,-0.4305572582170717,-0.4066178117121371,-0.2432714782216454,0.18709161587284923,-0.6437443931951945,-0.5997390011301377
2014-02-14,0.7617996663866659,-1.4655819734052042,-1.2584363956282774,-1.1572469535958234,-0.4521576490557308,0.6759241294666845,-1.4399416036005714,-0.5330231846911806,-0.1346929517255191,1.3758287382378616,1.3784652684245966,1.1922447659249222,-0.7074456907527852,0.3498503435533934,0.72473668815536,-0.09269633429559168,-0.39317847638698056,-0.5997390011301377,-0.18829172560548618
2014-02-15,-0.4036897412059359,-1.0796949024423426,-0.2447647131218647,-1.1800529902192,-0.3486420172126522,0.5767814164883293,-0.561219145914705,0.5850817147663447,0.2684145460091235,0.811414481719027,1.5977091997833515,1.4379576300172157,-0.5295253733022948,-0.32237913296277915,-0.1119026496022946,-0.032055671136972975,0.9155315317752921,-0.18829172560548618,-0.19269167798950954
2014-02-16,-0.11416048803964987,-0.6755389989557299,0.12244450534865026,-1.1767114468723756,-0.248720160708926,-0.04796232378423662,0.9517812630704348,-0.1952016312925968,0.10781933527836252,-0.43681997238014647,1.3030318279596989,0.5874608333024003,-1.138673447902872,-0.30020983451983874,0.027581815044378982,-0.07644902991807037,0.014280997133644523,-0.19269167798950954,-0.29428922513634137
2014-02-17,-0.26853562310122375,-0.15292367651947628,0.6438196384996844,-1.0604618707747535,-0.2150734153216979,0.04784887591813807,1.4929206519659448,-0.2350764539630557,0.33285835009060083,-0.6247295597404777,0.3192438507984334,-1.003092437963835,-0.7639235750821548,0.40174997648246136,-0.5458397986075276,-0.13214501834968923,-0.2478348988058901,-0.29428922513634137,-0.4855463668481538
2014-02-18,0.8561633334671213,0.49787908445364853,0.8250097185120108,-0.974728836648032,-0.13877826190841042,-0.11354662219887753,-0.12489504589710802,0.617435379321931,0.0606717303968641,-0.08554228815652819,-0.4027760398046221,-1.190810337367105,1.2107847211602594,0.42426002664670237,0.004123217232653528,-0.10993835000518172,-0.37260207097145914,-0.4855463668481538,-0.31667973472318967
2014-02-19,-0.4009123140262468,1.2333815780011326,0.5014816778767525,-0.8831877043258252,-0.09897516146086081,-0.5435236147955592,-1.0980370021990273,-0.9707503555126136,-0.5515732811470747,0.6022773846026274,-0.29298155014982863,-0.33686272272494794,1.3277626360339616,0.6317964526179639,0.20866847078724005,-0.014277192175604645,0.3251585763277427,-0.31667973472318967,-0.22807013100592136
2014-02-20,-0.022970969669574626,1.7105450764890942,0.6908278225324265,-0.7582998967210701,-0.0548093420243319,-0.07583635585369682,0.3779065194991603,1.1507570870709702,-0.7265053523172121,0.7112369126554057,0.2087641445591589,0.23872374922682782,1.8538702063838295,0.2216993806174676,0.9723783805295247,0.19263822894500493,-0.028258241742089945,-0.22807013100592136,0.19655584089645076
2014-02-21,-0.045747617907631814,1.5440660284433088,-0.038816374824882996,-0.5247236470607195,-0.0501937078143761,1.047686149617326,0.5771665815500717,-1.2251197483668472,-1.0897188847409305,0.9069633740849782,0.21513127278472924,0.11536914794551242,0.1768662456352336,-0.5788846106973516,1.479381984056568,0.40086756421517694,1.5033982022183827,0.19655584089645076,0.16573833527960288
2014-02-22,-0.2039252223607664,1.1892542771645171,-0.07932978824044218,-0.7524720908257472,0.5639417268208281,0.4308359005770562,-1.5088414714654923,1.0673912044352367,-1.6408666885091512,-0.08171405426320019,0.42721519876462305,-0.0022136707042913436,-0.6068215288066241,0.1581304255624469,1.1343761439935338,0.6956336835502039,-0.144619173613639,0.16573833527960288,0.20422346194128144
2014-02-23,1.1496177646104602,0.8155403538558695,0.6294926415098394,-0.7513091999080668,0.5837527236643258,-1.6416224460403954,0.1683333067379804,-0.9388533221113693,-0.7980842433436682,-0.3401412022105594,0.8927506785160906,0.6682519571876021,-1.0075341636930313,-0.43153553317117893,1.3340859474094797,0.7787116103680244,0.08541965233235534,0.20422346194128144,0.4180885544655277
2014-02-24,-1.1309640844630358,0.1080314961892213,-0.11673455360048651,-0.7156165906155917,0.585517068426779,-1.2735603682325531,0.8745720627229439,0.3393813324972122,-0.41933182698549326,0.026524840219161107,0.7757993528355837,-0.13838157475197405,-1.1665447663856174,0.4134461352784418,0.3759202657630718,0.8844781702902395,0.5680353151367724,0.4180885544655277,0.2957532283360901
2014-02-25,-0.5965016960202506,-0.3272629517617749,0.4855437009552022,-0.6866461713991219,0.5624801588265743,0.6730899595897187,-0.2793191428006152,0.7260633969811618,-0.1814415928459009,-0.1494201606249232,0.02621369104994405,-0.021474386754361814,-0.1740100327106223,0.21767858318403724,0.48383785426830017,0.8171956486102482,-0.04114995332172004,0.2957532283360901,0.5500119492776459
2014-02-26,1.3530962213605748,-0.689684092968228,0.258055095365962,-0.641041178731725,0.5166809783394736,2.042992715674732,-0.6382922803340622,-1.5038333007388263,0.1326540042197764,0.2929143570901098,0.18807236352239848,-0.3108510014708061,-0.38961807743661236,-0.6848582741397854,2.4478402742410235,1.2238127833504393,0.8052119712413699,0.5500119492776459,0.727729185427746
2014-02-27,-0.3227108888880806,-0.8618156266311667,0.38073727492768744,-0.6031487063020179,0.5589605608446984,-0.06617872533198911,0.2253375827609603,1.2529366817650271,0.5847340697274716,0.5516061982934967,0.5607182685193799,0.5572998168004119,-0.8431624204424647,-0.2500606045253321,1.1534352826591936,1.2658565601472227,0.2905931835603496,0.727729185427746,0.7937620825656947
2014-02-28,-0.731324180852988,-0.8188650978294533,0.5358589882202396,-0.48915606918829596,0.5108186612742397,-1.1657078207575433,0.5916114955392208,0.06737404942531323,0.661051122916112,1.0903849425936312,-0.40320833301023074,0.4874959682945092,-0.7088316672116236,-0.31327459747540254,0.9636103464869771,1.4908353804124062,0.7924494148761596,0.7937620825656947,0.949720692480631
2014-03-01,1.3121799000354957,-0.6027796082693005,-1.1886976707197154,-0.31116001784869246,0.36764799673512977,-0.44790169129662694,-0.10390099265249894,-0.9965339340857369,0.4764166871553328,-0.4609963969659711,0.35098925312757495,0.6491761588053713,-0.7971906872965545,0.31336319265181095,1.9715292292678355,1.7661766658573852,-0.051118125341758996,0.8796239836614844,0.7038897660642908
2014-03-02,-0.5643178106811142,-0.24866865539673705,-1.5062509641500454,-0.007540918431777112,0.2452760204225839,0.44758256108523065,0.05518675797182403,1.6743453128502461,1.8313943654101033,-1.7245416376217089,0.4639469286946994,0.08475677177222857,-0.43717644548259316,1.6391941171621915,1.6033545428658507,1.972387277552093,-0.1575075849742159,0.7038897660642908,0.5934725019556576
2014-03-03,0.5198715427222428,0.2598309119970103,0.001683492419581494,0.1746142392603139,0.08431036897404358,0.6052717657760183,-0.3118444135038305,-1.3334284002107317,1.2998333220723415,-0.12629721577658548,0.40406607296588665,-0.3666022012161809,0.001072492440565877,0.16742673629048097,2.606166969131051,2.185408751398494,-0.3685972383022955,0.5934725019556576,0.3219472143687443
2014-03-04,0.6360216341644976,0.5111756457013226,-0.21078664028438013,0.2209283371969708,-0.05888413191681346,0.012378658542750616,-0.27571159400104706,0.6437071836191739,0.24559994571699548,0.5875593143712459,-0.9699777742560582,0.8281143783261115,0.11971347046031668,-1.5253515204878119,1.1881859632353897,2.22658595500918,-0.732667688976686,0.3219472143687443,0.5476347336581895
2014-03-05,-1.248490176899049,0.4972844117501354,0.36445560282721867,0.3725161114850305,-0.1947952266111063,-0.3919018633365302,0.40697326313793575,0.09409735816451088,-0.014443178956815763,1.295074545039135,-0.7810438485866656,1.0466244599008168,0.29052163970779066,-1.8337459298347756,-0.4286747171130637,2.0687016959141835,0.017485425454546386,0.5476347336581895,0.5844581847467394
2014-03-06,0.8342345989322244,0.38465443699038426,0.1010418436403435,0.4381266555996817,-0.29424327912888204,-0.254181267698741,0.13097309999440415,-0.7443585023390429,-0.08633321559073683,1.9447893835215435,-0.2934658474701051,1.0072854517928596,0.30824546081673154,-0.9537517896748411,0.6815032199274271,2.09344784135241,-0.2872558843948891,0.5844581847467394,0.051221286796031315
2014-03-07,0.5494778746240171,0.12190565441932692,-1.0601045358725578,0.5900612967651545,-0.4424577112504663,0.2041628990590093,1.0559930473817687,1.0418154522548029,-0.12847327964615993,1.8155576465254881,0.7795788401806243,1.3132886583953212,-0.3764027697783629,-0.6298527756487672,0.3699543781707705,1.978130762085041,-0.7383939518929971,0.051221286796031315,0.26522089421875356
2014-03-08,-0.9204194578184712,-0.2333575757620058,0.7872785491747858,0.6265464638587817,-0.566821443319384,0.8647213518128769,-0.6798071255132725,-1.138043485501791,0.05741845613583193,0.7896347584599587,0.3398811014520468,1.2233951048787024,-1.0719095240630678,0.23489319794230026,1.0062359719852707,1.903404004014912,0.31410115367653213,0.26522089421875356,0.4055343148316725
2014-03-09,0.3264567762034173,-0.5784772444755242,1.2332975786387077,0.6814303838787958,-0.7137567678369015,0.22941824014088652,-2.420726327518131,1.3147618293621919,1.1520766940651794,-0.8336875479666269,1.6156132584023664,1.5982219329618355,-0.4297374169851705,0.22141275446844594,1.360368020677896,2.0152186648138852,0.3519940070567826,0.4055343148316725,0.18060514852487686
2014-03-10,1.0719706231945245,-0.7457039394304595,-0.4869295026547284,0.7170188448429571,-0.8673901933872907,-1.1221404021292023,0.793911829750439,-1.506329835142306,1.8271467718526007,-0.5831736635184313,1.33194718649261,1.1275209572644629,0.36302787402137476,0.852672004872349,-0.22920693858274213,1.8579046500043905,-0.40038014400031197,0.18060514852487686,-0.16988407988641085
2014-03-11,-2.1418641623165637,-0.7656889466548499,-0.21283324826708325,0.7493979257890688,-1.028629032828763,-1.5924109738721965,2.1911720734087443,1.3749813958892951,1.211059216285933,0.3635600211002307,0.6092660119487476,0.23916825241407214,0.37228884633510956,-0.38481541406383046,-0.10129320423798187,1.5325708027724279,-0.5939825620022676,-0.16988407988641085,-0.19241435307222773
2014-03-12,1.1327685289654847,-0.5806055618724417,1.0737589950386772,0.7981568124581805,-1.2087462242837743,0.7623847243118753,-0.03784884347733783,-0.9028206428148777,0.9095306288704024,0.9166486762682563,-0.3295584954743445,0.784680082876718,-0.098816705165163,-0.6201743924187811,-0.9588083124122116,1.333274975522708,0.08069704485827402,-0.19241435307222773,-0.21827646707215725
2014-03-13,1.0200952661335771,-0.2686705825860577,0.5533161351343783,0.8755353945392593,-1.3637120228332045,2.059272120751413,-1.3727952874988614,0.26639655225014874,0.9053984094106194,0.3995532462750152,-0.3503770549667377,1.7438397806801516,0.50741556891636,0.3524962994060984,0.16275650313462353,1.3848232287409348,0.05974399713622223,-0.21827646707215725,-0.4246014886605023
2014-03-14,-1.1756945895124435,0.22731132238122176,-1.3526504234911696,0.8997041387404413,-1.5018002197982143,0.5529784739103965,-0.08516691890812321,0.3892467249528738,1.3672610381090136,-1.0688596306277887,0.28563129116313213,1.4718452150410706,0.28864545268262665,0.025998671957113077,0.5292260144142263,1.2612966621959005,-0.30957151735987903,-0.4246014886605023,-0.6598376575399187
2014-03-15,-0.19369063679778967,0.6194530440690734,-0.7591237180622963,0.8727958226868362,-1.6295480830848004,-2.0386500596365282,0.7165301291189069,-0.5813780706275837,1.034647087775569,-0.5770322367206036,-0.14312683475710097,0.2780146836243783,-0.11596467144491246,0.12709306314673233,-0.08615153251565785,1.0066687601429056,-0.4497950828390321,-0.6598376575399187,-0.7542975900138572
2014-03-16,0.8984098138749987,0.8063208206740109,1.214257517964716,0.8963807227932417,-1.6001117943835337,-1.6317534918614132,-0.7219828445685198,0.17793059605690303,0.7115029648149147,0.03590886539730485,-0.8320704733869804,-0.4761978492577992,-0.18098515626202133,0.6299348134246932,-0.8294680258602005,0.5215243899131353,-0.3650313612709144,-0.7542975900138572,-0.8488206342417286
2014-03-17,-0.04886240404981662,0.8558229232520705,0.49811305337146317,0.7732967661509701,-1.3627079394617647,1.0150099220350142,0.2729298182766209,0.495418419444941,0.6294822933371281,1.1911310902108205,-0.29059382589787236,0.1948947300849609,0.852800499009468,0.776314208897456,-0.638362606627658,0.23026430900269834,-0.299138437566263,-0.8488206342417286,-0.9575650174298452
2014-03-18,-0.7396438700849802,0.8385946721397993,-0.4959238957453623,0.7456232197910607,-1.1660308796110121,1.694017222146003,0.5290000463152266,-0.8338251588710934,-0.7948051413355933,0.9598541437805264,-0.03839746413414454,1.1118263798333954,0.2934791845849789,-1.3991255221093302,-0.955867938746463,0.07603594214355104,-0.6642193163318274,-0.9575650174298452,-0.9781233788447419
2014-03-19,-0.046551481551763016,0.7940964363160887,-0.15397808674950675,0.6503176176511837,-0.8992014671182511,0.020241163944456204,-0.6578869213922158,0.514150667544492,-1.2027559013561955,0.07175562130735519,0.6664367094818181,0.664044884886787,-1.3962496676349292,-0.9245548433714671,-0.5848810369672619,-0.08045750136733233,-0.1565856380871679,-0.9781233788447419,-1.136924285795448
2014-03-20,1.3057344476991894,0.6781813707659373,-0.3302868545198698,0.4966561094961879,-0.4869987730736922,-0.3518160567794283,0.28424662740033635,0.43880643281054227,-1.181434521755273,-0.40933511938683537,0.8691990887263951,0.47290341567684613,-1.7022280466802964,-0.9345932585526814,-1.3771547027910247,-0.3194327947109289,-0.43663959729140556,-1.136924285795448,-0.812488062151605
2014-03-21,-1.497829457721377,0.40102413694587,0.6697781454802313,0.33499114489078013,-0.22034424089524013,-0.1449375936588607,0.14894800974998165,-1.4672350669775716,-1.1502673789113766,-0.2670679200090093,-0.01365523288282249,-0.4170661003253791,-2.2826839171540527,-0.5328779323216052,-1.4696043184979695,-0.6695948143995392,0.009474270594802844,-0.812488062151605,-1.0537515629698666
2014-03-22,0.4612179873878784,-0.2645492774268468,0.6386526617656274,0.18683477632605816,0.004179932148921209,-0.2641604624729843,-0.41524802667560023,1.911153800417863,-0.39552817525397405,0.20336510561411406,1.314778132798834,-0.3326286796422268,-1.488056957962928,-1.332486702335548,-0.9971095272852945,-0.995305097644876,0.05538246873336749,-1.0537515629698666,-0.7434808142860081
2014-03-23,0.9311687055829271,-0.720700693669579,-1.0743659218394879,0.01603344697049243,0.2600832161388358,-0.10285070870812993,0.276025781854612,-1.556689261518611,-0.8298891723418804,0.21374638052614647,1.6584590919843454,-0.23541795831735662,-0.6470715094068629,-1.0551268020520905,-0.8447603850515162,-1.0491571746935409,-0.24343650805952863,-0.7434808142860081,-0.795733321261563
2014-03-24,-1.9966527706159116,-0.8587665422920492,0.05001830118228444,-0.06736614055982246,0.4111074528629323,0.42589491446863337,-0.37203947500108736,0.17730391660267755,-0.9933966693089131,-0.42310386651887855,0.5755382526731344,-0.16796406774574574,-0.7436294328648368,-2.1081730693649647,-0.5403973774430493,-1.0576826521396732,0.4145456740657915,-0.795733321261563,-0.9213038394994246
2014-03-25,1.6917132477490697,-0.8955680197637915,1.8254528366634584,-0.092094091204413,0.5306667438579372,0.20785409939316385,-0.22892248921114924,0.8792138265630919,0.04121078163216057,0.3947990814521086,-0.07199293802064324,0.13977015904083237,-1.3054811966631679,-0.9510298527172169,-0.39254919633023044,-1.007157071103753,-0.20737023632145296,-0.9213038394994246,-0.8607891786145737
2014-03-26,-0.819481742520308,-0.8652664473094704,-0.2515068523480894,-0.1771355512807812,0.4264987835387121,-0.3886479678406862,0.5355653246891907,-1.0109778078396259,0.5716223930700092,-0.6265826012446981,1.6547220309493846,0.8778630641443376,0.44927973345297423,-0.18829965122800735,-0.10952155781314003,-1.000314830500579,-0.09085876688786686,-0.8607891786145737,-0.8684455791916695
2014-03-27,-0.18068050222841195,-0.741985012546325,-1.1666399771323586,-0.29083978963178797,0.45943555360447813,-0.5311175783725538,0.13791868600472615,0.708149909872447,0.7190703423239319,-0.9841672094289124,1.2896973772793552,0.045733426930362975,2.0028871063501663,-0.2777109994709725,0.4485219056601639,-0.9668505280029609,0.2582725385096198,-0.8684455791916695,-0.97750324414233
2014-03-28,0.5999283497357513,-0.4984762288891196,-1.1275507142406562,-0.4189365925436598,0.5671704439870955,0.04866726672397371,0.15274258778996472,-0.2493996321201433,-0.7873032339373924,0.03205582887559228,0.0011110061966347073,-1.061942418962836,-0.5999128360270356,0.4560664319116491,-1.4984246681318716,-1.0391691433021852,-0.24828319609374686,-0.97750324414233,-1.045961541007391
2014-03-29,-0.9539718669241978,0.32916743984480307,1.2993290355273879,-0.5297525520447907,0.5747949287808685,0.4158315507848039,0.5382737569969283,0.05238134381947727,-1.546227820374346,0.2781615199072856,-1.6525224897040531,-1.060529883022958,-1.2059634993263255,0.06732593091320752,-1.4154271276764234,-1.0813335578836498,-0.38898699623446004,-1.045961541007391,-1.1919017951342739
2014-03-30,0.9446346773568144,1.4432113411740142,1.6645317492587404,-0.6324327381215006,0.681442650457028,-0.022130685243223914,-1.6511790227063585,-0.15736865243240802,-1.3111925023531397,0.08169310831923084,-1.0937756593522596,-0.9508896040974023,-0.9202999601943102,-1.3457988418128977,-1.6846894240717527,-1.1912134281240525,-0.03982986594581018,-1.1919017951342739,-1.2710524966038
2014-03-31,0.40729625011017645,1.7481651553876332,0.07734828354032068,-0.7774782722342836,0.6732539640178034,-0.3157452621125941,-0.5524849815439931,0.3588826488836348,-0.22348929016451863,-0.43216571759773353,0.065409050998788,-0.587754020873559,-0.29969810865893953,-1.8885614118491247,-1.2001446131006752,-1.2771788847673908,0.4344685394733785,-1.2710524966038,-1.0738176344437727
2014-04-01,-1.1470922624342814,1.6291086106776635,-1.3393360849562799,-0.9329533558848458,0.5731932356758095,0.1642799047194816,1.1492152480215367,-0.680644655728124,1.0181589567471694,-0.2679645142845653,1.2202234768755968,-0.225888256982759,-0.08883614578585314,-1.8230594936668074,-0.41560540981663685,-1.3315664513674614,-0.3666289112376809,-1.0738176344437727,-1.1713460375870661
2014-04-02,1.2569028052891065,1.3508314075909296,-1.4520188832089636,-1.1018691280877848,0.44689039273861436,0.5360098315777216,0.7562168883599455,0.884591406135263,0.48708354985104524,-0.473410979593477,-0.9238149923307929,-0.9734072730335217,-0.6116377387732541,-1.2436298975552174,-1.4411676726804157,-1.420606140289006,0.1249188771009891,-1.1713460375870661,-1.2047934214174547
2014-04-03,-0.7083872294406862,0.9822872467341789,0.7233147308552794,-1.2133681077372809,0.2682095525953816,0.07457046274656352,-1.0422412692457128,-0.8703133215289771,-0.2922560766183692,-0.5081110717585827,-1.4307012205131406,-1.190485324246472,-0.252956291028053,-0.8505269048941398,-0.7232504590607935,-1.366388783030291,-0.08497839068911968,-1.2047934214174547,-1.281476923514411
2014-04-04,-0.1987137181599097,0.5158246584057486,0.6200625323024385,-1.3728332097061993,0.08495037125288668,-0.9291552564948816,-1.9244105561379077,1.3020748196574299,-0.5673424915288247,0.45321154429516985,-1.0109412525843486,-1.1251671793144284,0.09545797591252667,0.795700383573517,-0.055913408191442894,-1.2193047099982204,-0.21881691788378066,-1.281476923514411,-0.7572077220335398
2014-04-05,0.8471482221325527,0.010341866569181764,-0.3458514508516858,-1.4690628272974233,-0.047900304351785584,-0.6073383076996332,1.209079784649282,-1.967602984637514,-0.4074227691810951,0.7478904056626816,-0.20433451800392866,0.08239503597139637,0.2012385505313367,1.1769342501186262,-0.03712964909558005,-1.1583354212293915,0.3905737237790119,-0.7572077220335398,-0.9136319131829611
2014-04-06,-0.5457393051050747,-0.4206615941031372,0.26130555971996855,-1.4543825231034884,-0.24480276991570107,0.5032969348858277,0.9523446142876262,2.2012870460879603,-0.880664032037443,0.862211376308921,0.8844059237337267,0.1079228689036994,0.4903152891031775,0.8178153586151704,-0.04712739929706266,-1.1127951322778356,-0.01582185541668487,-0.9136319131829611,-0.9221782193926807
2014-04-07,-0.18376194151006028,-0.5261763913160556,0.21948181322712476,-1.3313547044571579,-0.4756046541232913,0.957392083073402,-1.1795072263077453,-1.9372442134732482,-1.4336160215445715,2.283263308313494,0.08740184861486694,0.18225166700270387,1.0932078250068957,0.1594385004533543,-1.0512402016067124,-1.21057788604148,-0.1760509942934838,-0.9221782193926807,-0.8935214605245206
2014-04-08,0.20387435205080004,-0.4440354147372111,0.14928515379675503,-1.0684823251680495,-0.6701100320975787,-0.06294781643142389,-0.5616155891170546,1.2826958261491237,-1.6426347514579398,2.5010184555558994,0.17863482641883285,0.49580586672682264,-0.804692806845786,1.2862984446958492,-0.6519276679564665,-1.2577237553268372,-0.19998490924021156,-0.8935214605245206,-1.0778002690200754
2014-04-09,0.04642878439454485,-0.2002234147076516,-0.11107236868505252,-0.8603536624095485,-0.8413723172648476,-0.17547982062769313,0.19617753322376968,-0.2644977932677642,-1.6809407355759716,1.5296139644586089,1.0393856914425654,0.6209920836258256,-0.8744315331038703,-0.06325110925090342,-0.9292401062949395,-1.391632296465519,0.16360221312743692,-1.0778002690200754,-1.183832442673507
2014-04-10,0.45194806878594795,0.09396966733047137,-0.28702300072732834,-0.6588475310410751,-1.0871598260369089,0.3208483941344271,0.2768265744703281,-0.6779089047650992,-0.6915934282907793,-0.1495002839488223,1.3022001472402713,0.49757048002607884,-1.2185658426857418,-1.3698907129794629,-1.347775705930727,-1.4747890709270182,-0.264425784729539,-1.183832442673507,-1.316990386255015
2014-04-11,-0.6843921055180904,0.3806114039183034,0.7920343146124997,-0.4818579517699217,-1.1899874597638183,-0.11818244255050948,0.7438969290393206,1.0651825376030126,-0.5984301258595249,-0.3005794846717478,0.37484924905558337,-0.6501676055213536,-1.56297991804456,-1.4478120144234088,-0.7110165824628791,-1.5586877974188305,0.260943639670282,-1.316990386255015,-1.3629922249717075
2014-04-12,-0.18626315149221867,0.6301410530425885,1.4530861000101836,-0.3186376297281586,-1.2417919861601179,-0.6882622720404017,-0.5923013385589547,-0.7841503730346829,-1.1138997551175385,-0.026446601777566567,-0.6336144918908551,-1.8112484449093416,-1.5732546648939845,-1.3939832793627853,-1.318321454747384,-1.5547789808082768,-0.6142522575589908,-1.3629922249717075,-1.5759729300595935
2014-04-13,0.34278520800580947,0.6024692645437266,0.18030973289330834,-0.21244255474956789,-1.240862506015868,-0.15519680845947262,-0.7742196780262809,0.14383353952963224,-1.220387097722073,0.31860549291314044,-0.8443957280130231,-1.4929367406058296,-2.0466703344821853,-1.7215449920138912,-1.3664667902261933,-1.5646602704096264,0.0329414708936888,-1.5759729300595935,-1.4089153852301073
2014-04-14,1.2855621291116397,0.26759315339553547,0.131671699395364,-0.12395950878610408,-1.1437200797006168,0.7572623380173858,0.7705832922417595,0.4888017913130585,-0.8555104003940415,0.4105675965331093,0.5086139696914849,-1.3003167847134378,-1.1297824321647625,-0.5371715486477826,-1.2364200112604016,-1.6605292839604713,0.2221519429258253,-1.4089153852301073,-1.3080284490745395
2014-04-15,-1.7402640518410284,0.08887383036232674,-0.8392538971878416,0.023113551192017433,-1.0649038896864496,0.5099705609698063,-0.22393626765584787,-0.7004391215065632,-0.5146756746702744,0.46791143341538677,-0.9377804552061723,0.06074084012963454,-1.2366985422053072,-0.544939990835698,-0.7279678007358473,-1.5112351479629629,-0.25881724690978625,-1.3080284490745395,-0.7736985975631732
2014-04-16,0.29733060371458764,0.0061810226253811665,-1.5478610148352514,0.18407095719341343,-0.9481487607276097,-0.6316723018968841,-0.7248105297464348,0.1442773717887439,-0.14518947164560286,0.25152426250222737,-0.0704561289930384,0.6784791516484474,-0.04578366164061068,0.4807691133623424,0.24256805357625985,-1.364783933224667,1.202038701899284,-0.7736985975631732,-0.812217774287189
2014-04-17,0.9362808135110521,0.03147091457107369,-0.8820220611623558,0.33005967621862564,-0.8126460818337586,-0.4927201526382395,0.7318023236314959,0.9335785864181532,0.18800737975540177,0.13362254643640087,1.3900695234855427,0.7376008886125159,0.6728861035454592,1.3076404159089097,1.0048600537196464,-1.2179322519675653,-0.08070592763182272,-0.812217774287189,-0.9793299568823016
2014-04-18,-0.08369250278567263,0.17983049445211322,0.6572090155771506,0.5013832479840857,-0.6780498445229833,-0.040759281374240036,0.5233576756301802,-1.3479594049509795,-0.3480310774658353,0.7361059200042896,0.5538609497262864,0.06003522864706865,0.8049183376586061,1.6566282363135822,0.5127272670553362,-1.1007187678341854,-0.35366410569340984,-0.9793299568823016,-0.7776784531689751
2014-04-19,-1.1910665581072208,0.5110863087772504,-0.06513627106680356,0.6366574412189543,-0.5071346023384671,0.3225260875845278,-0.8839557772967898,0.9178370156537285,-0.8871316575019612,0.8962667194494486,-1.20568712821411,-0.6149850547403509,1.6341124014169846,2.3726832013138512,-0.4321998006099813,-1.1362868191040416,0.22042210572879672,-0.7776784531689751,-0.996461267655296
2014-04-20,0.8152662489942923,0.8766441866401482,-0.8613165944157272,0.7688637210207568,-0.33179867554729975,0.333943175651599,-0.1201512532681642,-0.3909247854578032,-1.1480416540819987,1.288391781009105,-0.6824301203128371,-1.0174842174658694,-0.11289116136097216,-0.24319306134106777,0.16716897557412422,-0.9881889091867555,-0.34558806359311783,-0.996461267655296,-1.1311530852337257
2014-04-21,0.43878395508180495,0.5403932078504539,0.5567493781479423,0.8478602541103781,-0.16466896977892756,-0.1205889764612523,1.4039685242016418,-0.009449348964302308,-0.8317573948226543,0.7277080431008891,-0.7217996865186052,-0.5217969879914336,-1.0923821982161768,-0.8416278932818089,0.0442904633758379,-0.8792290636854657,-0.21715649877368653,-1.1311530852337257,-0.7399600999151765
2014-04-22,-0.8857166588858089,0.24864007122528026,1.0726604613818966,0.9625590891269098,-0.009113007665807905,-0.6310140973391236,-0.3432319802230542,-0.024715615672263012,-0.4460882261069217,0.4823107755636569,-0.5731064512022356,-0.26916218721438206,-1.541226425732249,-0.8610567744462061,0.6273602844623586,-0.7085159663802927,0.7591014535513299,-0.7399600999151765,-0.7095486146253384
2014-04-23,0.4868880306396668,-0.018008144768386025,1.1651023119604085,1.0621115607012495,0.13642190106243848,0.013593239570242721,-1.1781212308436073,0.59270657010526,0.16354665686979572,0.3435277415510948,0.25548458686440256,0.3061804376112834,-0.4214581643953162,-0.614845271282608,0.7346326192966185,-0.39757278866316215,0.029050913777848558,-0.7095486146253384,0.8011439172833174
2014-04-24,-0.29170790854833684,-0.30749906814420186,-0.11382638930801169,1.1575572405153227,0.20444065091232774,0.8211881203119308,0.6308192271824925,-1.1912038204709474,0.05788140032839596,1.399767122813115,-0.16109508412001927,0.4365473355523219,-0.08138227400456083,-1.3434926537580512,0.43471730180076235,-0.1938164511436452,1.8326579149168343,0.8011439172833174,0.3425921285145932
2014-04-25,0.498671516549364,-0.6670112603626335,-1.2869936666008595,1.2114299949763991,0.3408746129592703,0.5084525405259824,1.3689114305895222,1.713416301683688,-0.5057135329241692,1.0328502295366706,0.6708930800890947,0.5232031782733303,-0.8463742203586256,1.0271288119251858,2.6830457391825293,0.487396283064755,-0.8141123827799969,0.3425921285145932,0.5230808141421363
2014-04-26,-0.6802789446263883,-1.1089863020951591,-0.29246280937076957,1.1813966765241912,0.44834957128368735,-0.9881607750334204,-1.5838117798957714,-2.1178784050887005,-0.7745674681202555,0.20948318966875867,-0.7064834577359191,0.016258584150230453,-0.6419558309599993,0.47151244013623506,0.07739177647948633,0.6536424843471514,0.1741244547530966,0.5230808141421363,0.2788558873443041
2014-04-27,0.45000595704732965,-1.522956978803985,-0.3905617032874201,1.6211086588996708,0.43313835397105505,-0.7839782049215426,-1.0398976264100304,1.4372858420162329,-0.6918951603909059,0.3842690806234565,0.22110306588254616,0.9738793071253055,-0.6803978585816037,0.7667255692306179,2.5252411423201098,1.2447386279844004,-0.17033227643029328,0.2788558873443041,0.12847489042792246
2014-04-28,0.001269623949772836,-1.488907012706713,0.2858372127022308,1.551916832195181,0.5683130462548607,1.6089498415596568,2.0770614344159513,-0.2680326516057282,-0.18855620180590352,0.6750439829152222,0.747081044435946,0.6770929521409316,0.27003168847632675,-0.2668556515734056,-0.3649506622396221,1.2603603121516547,-0.20349401276538986,0.12847489042792246,0.013070062816254994
2014-04-29,-0.697519713500879,-1.376171446708999,0.9003838775342448,1.373015987929995,0.5315334759977455,1.1879183723547029,-0.24377382079038953,-0.6514521301655212,-0.9761929236391326,0.9931936420958064,-0.319623691490394,-0.1096740181547589,-0.01017422646513963,-0.2382405023695625,-0.5474215305015344,1.115564225811477,-0.19268713121941924,0.013070062816254994,0.15010915833042224
2014-04-30,1.1691870565517757,-1.1097502720152417,-0.04266603996146911,1.152670829093427,0.6056392889775061,-0.7593534401732209,-1.440420555766454,1.1930679098841142,-1.3567376544606937,0.5046920826606693,-0.567126212390074,1.2823583015760875,0.1655314306705627,-0.5547965873642238,0.1573919241039038,1.0701515712313265,0.1993288656234147,0.15010915833042224,0.9499948769590203
2014-05-01,-0.5265607692025048,-0.8418685839647682,0.36008170845386234,0.9311125979807784,0.7099219198294102,-1.7577914177434484,1.2342792362862263,-1.3990001155894662,-1.433257858122903,0.1736399085077374,0.40430710653127505,1.1251670442123909,-1.110894541410088,-0.9249288297117281,-0.33894622242183176,0.9970054157486041,0.9808139134913809,0.9499948769590203,0.4399406327446321
2014-05-02,-1.4277887329602474,-0.5326796477517242,0.5627949425336805,0.6579706202836224,0.7394034825858665,-0.10430099149830607,0.2724501691397295,1.1070728355051744,-0.7926541296057092,0.6988874668809361,-0.6812189655350919,1.1408456571112724,-1.4723687635420868,0.0834142567490658,0.09780570316733511,1.1551171355894856,-0.6604327233818759,0.4399406327446321,0.28430651611061697
2014-05-03,1.8519337620648377,-0.18400340579677854,0.2682633987863529,0.37049028398902156,0.7699136098291347,1.4856784530092895,-1.132593838377462,-0.6615873629773694,-0.41529779867869004,1.0192504089497143,0.2759601380520861,0.3276084107565659,0.2202974869396162,-1.3049638574914089,-0.08392397248233001,1.0993877983299607,-0.2398730570013059,0.28430651611061697,0.4758933103125805
2014-05-04,-1.06966234036904,0.09570186316568545,-0.7637353863394544,0.0954074077162679,0.7904393137833379,0.6145791109892018,-0.34816135827104727,0.3749871804146844,-0.66463179128737,0.8281776323892971,1.1020125663424203,0.527253222267173,0.41401253345762007,-1.1507011818096404,-1.0153184385344456,0.7544630934843856,0.3335493040624854,0.4758933103125805,0.04701058465299484
2014-05-05,-0.07593426451802407,0.21741586811901828,-1.4054772761062169,-0.19795557435679428,0.7587523943527281,-0.4320525998717856,1.8818717278705186,-0.12374836474754798,-0.2907678219116574,0.2749709205516389,-0.49736022456719836,-0.1192739128557671,-1.982937862063632,-1.7631919529179463,-0.49947072153409433,0.5080241222697742,-0.4851821339703905,0.04701058465299484,0.08435652381850425
2014-05-06,-0.02116120055317693,0.2820831126172814,1.4051846830528045,-0.43492085901725086,0.7836631259167085,-0.6565179652261414,-0.25669921390385764,-0.19613074298838143,0.21920839369581852,0.02180813320791385,0.17947150934977296,-0.3849715977032813,-1.5010601794053668,-0.4331223052231592,0.47097732881196647,0.42600277115771595,0.044505624638520654,0.08435652381850425,-0.024673329674282065
2014-05-07,-0.14236201081954028,0.3469982364612127,1.47151742324047,-0.64385477042,0.7574047331149094,-0.34073793660362217,-1.1414285130678359,0.525204554253765,0.30720335117964437,0.6104534809542714,-1.5891859989052628,0.6556818640699108,0.0015770142312600671,-0.8297912404583756,0.29147766059865404,0.379335208693429,-0.15375089192266062,-0.024673329674282065,-0.08754330996374579
2014-05-08,0.6817772057402899,0.48946425909475566,-0.8651963929138531,-0.8241823148559071,0.7646493652914567,0.06966127309105719,0.8341783356095063,-0.9671969625720982,0.20396348569546296,0.10262573585396909,0.38859753228214516,1.7338517521149053,0.10373332908202906,-0.6861915770077688,0.09147755412360456,-0.03349193382458904,-0.09028343852548425,-0.08754330996374579,0.17296369883237786
2014-05-09,-0.692714169096003,0.7323687997163952,-1.7759571392053985,-1.016527346339406,0.7482973517901167,0.40286490201104047,-0.5826953474428417,1.604002292638682,0.44426761135403026,-0.4836921961346748,0.6007399876471603,1.7031298637240724,-0.7750252168934171,-0.5017532888921732,0.36950497524168296,-0.0118270581942281,0.452074575166113,0.17296369883237786,-0.24833618662582418
2014-05-10,-0.25688290564814803,0.980990791418751,-1.738804376727851,-1.1477082406196244,0.7746849662351049,0.23653317549273994,0.00707665028497846,-2.351646926869198,0.8861004628782674,-0.4526458648544863,1.2693404341451875,2.1493951949955497,-0.9381656281253448,0.5074921073428734,1.132504917570863,-0.11611038520344438,-0.42754018168340857,-0.24833618662582418,0.5125984594078665
2014-05-11,0.513733751950977,1.1812056501766883,-0.19818278861162864,-1.2664647191990879,0.7817224615518241,0.008555813193201919,0.8646800497762365,2.228307272696466,0.9059287048657667,-0.8509399879093535,1.0945714478048632,1.642648672626533,-0.5062905697634028,0.5801118263504608,-1.014104656717736,-0.1964288681252047,0.9534701468526852,0.5125984594078665,0.32683019941272035
2014-05-12,-0.1289850330646923,1.3497982798338275,0.3724701608816366,-1.3803204984591666,0.7513415773082868,0.01763771164524247,-0.4565441324916783,-1.297266290469507,1.335872017125574,0.8473317128030274,1.6881258799201455,1.1129185169793054,1.6045758764272222,0.37206345909661176,0.04442164944670357,-0.12087307280038391,-0.04833995471383423,0.32683019941272035,0.6385978003283543
2014-05-13,0.0778666168340679,1.4616866771015442,-0.028430496554424915,-1.4823984763162315,0.7262079075354152,0.09748447248470733,-0.34525958394130773,0.5222375464778265,1.3894296981108092,1.6886832379955112,0.7800911869803676,0.5298756608356888,1.5422137774436173,-0.2704476170281015,-0.7256986001377256,-0.2236127917563754,0.07786176530735099,0.6385978003283543,0.6701226864245858
2014-05-14,0.3381671496538241,1.2604045675796285,2.0422286838726436,-1.5730634012306355,0.6766833862625401,-0.26623572027884984,0.3835707699056271,0.04482042728619728,0.3597738409136241,0.9652157078586259,-0.4655735969941371,-0.5274695616050004,0.18314042419876284,-1.3643635946719466,-1.3534657771419103,-0.27977180872020285,0.036037634505165575,0.6701226864245858,0.23931303878141005
2014-05-15,-1.6364396210638341,1.0328819324084606,1.0154424743293793,-1.5035324005987674,0.6055161469761519,-0.4601559925640666,-0.24406761151283302,-0.4938845898277473,-0.3471449483261614,0.20779838839078035,-1.255288901185799,-0.10090930078298997,0.031841139134327325,-0.9921304992077705,-0.02093860587890581,-0.28888641600086323,-0.4822694248023155,0.23931303878141005,0.2762774770899777
2014-05-16,1.7788582101513761,0.49313835831841046,-1.3028529243969738,-1.4709052309780515,0.43182733337274687,-0.7298561164728672,-1.1620795125551886,0.772036254678047,-0.126212422480803,-0.40813786923671486,0.4406412824330485,-0.15974133717078745,-0.3214969496278741,-0.9818284868206507,-0.8069547431841352,-0.4061892862230257,-0.0774205560136832,0.2762774770899777,-0.20941790819478356
2014-05-17,0.7945300912924878,-0.31562687151060204,0.028708349294542117,-1.422340087903108,0.2853454676939964,0.19329033099637505,1.4327722208405282,-0.42428500310555534,0.195895340370158,-0.6760532509945749,0.12257559400417231,-0.7610746119803429,-0.9172328757876698,0.06305106204372286,-0.6852410543704264,-0.21732913743370613,-0.9330134331670528,-0.20941790819478356,-0.3187683257364656
2014-05-18,-1.884521105722882,-0.9895626228084289,0.9539716707558399,-1.2563665214461952,0.173642934518788,1.4643256192476035,1.6272300785439453,-0.19503207238806888,0.31122023065949017,-1.1382722155757288,-0.21197931176424645,-0.9329097226042652,-0.7383736705658237,-0.309889854636133,1.4917863104865743,0.16231629222906893,-0.19237110409567237,-0.3187683257364656,0.5774970150809924
2014-05-19,0.8476688318089219,-1.2710381474207857,0.42897329377351945,-1.0460225435889763,0.004850498679422324,1.0683271625956425,-0.9412385014816748,0.583638603019797,0.30052266531838956,-1.074239271812294,-1.215024901962293,-1.5751183656932712,-0.7200204095365439,-1.221669324199614,-0.5420347272502645,-0.04451628873469138,1.454427248711651,0.5774970150809924,0.609064113373854
2014-05-20,1.0959853375936615,-1.3209228363727328,0.8084659585587504,-0.6964523820490899,-0.2067349871882308,-0.7372829305900525,-1.471728810721295,-0.7699078226985833,0.21715415041868716,-1.0010000317558403,-1.5968525809895164,-2.2392850289374446,-0.23068685439790493,-0.8773293494030636,-0.850322758469144,-0.29267652968116636,-0.2953275731863633,0.609064113373854,0.10586397817878808
2014-05-21,-1.3193868308417112,-1.2190425151629898,-0.45933534093785583,-0.35451230300140313,-0.325467732715896,-1.8933206644679956,-0.035387993344679895,0.6644045055424254,0.013554747722455258,-0.7594687724726341,-1.3961410386143647,-1.797175645365705,0.12113470334725765,0.45981543084405624,0.6342720837567698,-0.17394801830011444,-0.7349139074284261,0.10586397817878808,0.46464799829564485
2014-05-22,0.2278117614559707,-0.9567211211618736,-1.0491782828032405,-0.003254375126088148,-0.42755678489815924,-0.6774272846516058,1.6222551200251412,-0.3113414243588971,-0.3436568618118713,-0.6834764000121721,-0.32013757229894024,-0.5482655273493802,0.25230971963378673,0.1632459472772277,-1.109736915502723,-0.46801426712926014,0.3753556722965756,0.46464799829564485,0.170323099174946
2014-05-23,0.004501755245792172,-0.4694152430711923,-0.654042892374779,0.3321186963951723,-0.5129842550042579,1.2067299097461712,-0.39056637187928833,-0.127611279345933,-0.5931444075365749,-0.7922712189889572,-1.6384123476442793,-0.9890434214963533,0.7056980152415904,-0.35984618739896373,-0.8352953500280481,-0.9172435348134005,-0.49910189632128255,0.170323099174946,-0.09359670001142148
2014-05-24,-0.3062620199066676,0.19618984011642054,-0.5997628245140477,0.5931764754108039,-0.5954125652201668,1.4843414581257144,-0.9436254207532675,0.47735277621499317,-0.7753477671765772,-0.7651878127442091,-1.2718713392392542,-0.11498792707717073,0.3514327430138344,-1.4749631048769096,-0.7853434709116942,-0.8338297529884054,-0.2535461453865377,-0.09359670001142148,-0.29977349658730224
2014-05-25,0.8200871563009849,0.8536741505066756,0.07460445848943063,0.7919199345740967,-0.6740736910551957,-0.13158329953032935,0.07925527964179642,-0.6333643720853889,-0.6458880462665656,-1.2159154165443706,0.2907733093795674,-0.36407850685382476,-0.3933394004783171,-1.8518621089375062,-2.072358739152738,-1.046149168617821,-0.26935293765044405,-0.29977349658730224,-0.5017860247407797
2014-05-26,-1.0233602700803819,1.3830535038048044,0.44188630325487604,0.9198620330682473,-0.7295518435492624,-0.11655846440606209,0.7353616398349868,0.4846037449490929,-0.7195941244551842,-1.0587879872188006,-2.0021702315096865,-0.60087632851625,-1.289314387683431,-1.4785340153000537,-1.3068329395976057,-1.3190803618640736,-0.39608079889182807,-0.5017860247407797,-0.9074528681852985
2014-05-27,0.03752994361171749,1.7049193693839564,-1.1979254532581793,1.0160005626465418,-0.8137276182612927,-0.32914593182840346,1.4596800566211694,-0.04612931084111517,-1.0275774883849096,-0.9676942879046292,-0.4451431363774824,-1.163524192869015,-0.8844180262612188,-0.8867449854525514,-1.2174555519593266,-1.4871934545007606,-0.41035445562490236,-0.9074528681852985,-0.6932504126840081
2014-05-28,0.8982646309609414,1.539395610617665,-0.47320657402772015,1.1300427331930054,-0.9667096968628612,-1.2630696487150876,-0.976977388312551,-0.38772927164483195,-0.7580217149963268,-0.6682043845523629,0.7295434759846446,-1.0453837132633894,-1.0766161985602252,-0.8731356340083719,0.0385419359802529,-1.4067201833203977,-0.16185799208076632,-0.6932504126840081,-0.7725077379545926
2014-05-29,-0.5641742407165331,0.6713218662736763,1.1095685242143711,0.4926737484564706,-1.429721064370565,-0.7807139685200324,-1.6989906356093332,0.4758994875871573,-0.5861852535666616,-0.4978106381679363,-0.8331061909378376,-0.7910323626715865,-0.38118851252212954,-0.8951192672441479,1.0390013326668563,-1.0297063002735636,0.0055330905067444,-0.7725077379545926,-1.088979553613273
2014-05-30,-0.43240341652489633,-0.3152969400680799,-0.3595738256795599,0.3847865087865832,-1.6613304704286884,1.1842794623270976,0.432783622606594,-0.042957667668547875,-0.5848690324683116,-0.1692151223832802,-0.09175121543796813,0.14469541037608524,-0.5941442005182048,2.1149374632103823,0.5656826613312294,-0.8730972661539464,-0.383006789279206,-1.088979553613273,-0.7607756523513669
2014-05-31,0.8175723420036725,-1.026167649508097,-0.781781540776041,0.3192097472775929,-1.9587330219705756,1.5356319504166593,1.6641702802954987,-0.4734691842619398,-0.3223001595358817,-0.27692592991506365,1.0375586413723827,0.05992170280258732,0.3823160861468839,1.6789175943132804,-0.8683213238277444,-1.1262188115599152,0.5026948287487927,-0.7607756523513669,-0.988148743849738
2014-06-01,-0.11499413664188618,-1.5208069415232996,0.21613921199249056,0.20417836308668685,-2.0720937654542326,0.06974699013894663,0.6415092665959513,0.8727594582353959,-0.32515572396230497,-0.3645689170461604,-0.5723655789990029,-0.8605243584893957,0.4680272306231003,-0.836207975255721,-1.0810890813608531,-1.2020710818312936,-0.08401483541129462,-0.988148743849738,-1.0562445725140948
2014-06-02,-1.5600965110283593,-1.8892156329166185,-0.23447307273403642,0.12689946331863405,-2.0586090065787066,-1.3087927495436276,-0.739872677312858,-1.177071405135836,-0.6212762629695435,-0.9148049260337182,-0.11204455167197837,-0.46155623953235336,0.7395574074130078,-1.3499844406081967,-1.447906377773438,-1.2423559511855893,0.16799046079799962,-1.0562445725140948,-1.4562692785586455
2014-06-03,2.0445588529782572,-2.0057220191633713,0.010536043932752539,-0.047887945761759386,-2.0747563049452267,-1.0888132809194537,-0.824031659458375,1.2593368775792053,-0.7272664162615804,-0.8394774513919958,0.7275338757718872,-0.8917346909991166,-0.9835940813179459,-1.3836007340274683,-0.3025907133385761,-1.2924367843844886,0.06562382559976356,-1.4562692785586455,-1.2732189754842105
2014-06-04,-1.5297822852859124,-1.768852266570066,0.12121230972729537,-0.19246417939949267,-1.9943935695708959,0.045558625220933444,-1.6875954193762024,-1.0018701414554345,-0.1665449499125398,-0.587068888132354,-0.14381414834088374,0.3204370132064353,-1.2465797709759692,-1.0250034880726142,0.24738072266924055,-1.1261028853201887,-0.3548267656925208,-1.2732189754842105,-1.4384874750873389
2014-06-05,-0.5352766429037971,-1.0789474814196125,0.4496716932159107,-0.3430284732250397,-1.8591364789029035,1.0156048240242097,0.9254359338218342,0.7208351601088501,-0.26133586083181914,-0.6212703301550623,-1.5542391077066091,0.05369385591444909,-1.3245450089898767,-0.0309767320335672,-1.7432955585444692,-1.2128110292818388,0.45613102142331435,-1.4384874750873389,-1.3264861629630722
2014-06-06,1.7883492933906262,0.05171080703013667,0.6915385168515003,-0.49511729081684064,-1.7257134581364417,1.6782479775416153,2.293904558386372,-0.5779336383054045,-0.411943424378325,-0.8959332130866566,-0.448640825803071,-0.4146223414126021,-1.0738532481243166,-1.3598242463336148,-1.2341861131370149,-1.3049633168295303,-0.8767269020793459,-1.3264861629630722,-1.5472611693823293
2014-06-07,-1.4442151690747347,0.922848416848827,0.3338273428670681,-0.6457149434567881,-1.465662364281703,-0.17232461431455914,-0.530522706846359,0.5596472949053827,-0.5465286866329376,-0.9508432099743387,-1.2141511298199006,-1.4460308825394155,-1.7787254187595996,-1.269285182047687,-0.9064762548274102,-1.231745951669316,0.14551338247325366,-1.5472611693823293,-1.0912965263772278
2014-06-08,-0.15958534786645667,1.2776129588839318,0.1879083482088951,-0.7609276266088043,-1.1238992151514584,-1.9645210216426332,-0.9800714382413436,-0.5316997478412068,-0.47699951783620176,-1.0989455004092061,-0.9253491286687301,-0.7159997374242887,-1.3768608490974186,-0.8917976589228027,0.48558002806217165,-1.0431238621274919,0.6993801949893681,-1.0912965263772278,-0.9997139292200476
2014-06-09,0.410056017832352,1.3663483812125545,0.42224712803012293,-0.855362199423518,-0.7720165947154731,-1.1557828239259043,-0.7629146571102622,0.4866904327657716,-0.10030655366677606,-1.0557614631096095,0.48883804848910445,-0.25222619716728406,-2.1511467138627607,-0.178897797425871,2.03300541589886,-0.5772573327019128,-0.25487874935283755,-0.9997139292200476,-1.0528008467025407
2014-06-10,-0.0780226992671166,1.1687813295163723,-0.4523104104196853,-0.8746447087347677,-0.4306153756362365,1.4903213858787052,-0.13652740613453734,-0.3857122689701597,0.05610895013733465,-0.6512708264845134,-0.5906465679827794,0.9009493888117519,-0.667475664262597,-0.10957237574026557,1.4395631459179332,-0.4286111034208168,0.46805163019016044,-1.0528008467025407,-1.1472568097973612
2014-06-11,0.07898125172199223,0.7746006385682441,-1.8628263521578377,-0.8870501267805309,0.009052280373070312,1.7160286047238305,0.8497619920363749,0.18982063073709285,-0.6683162236224819,0.2185933903754959,-0.6940745100503427,0.006238173735550163,-0.695300532323654,0.07346379329775858,-0.21200848680377665,-0.8120465824191282,0.03977692527687675,-1.1472568097973612,-1.26570995637967
2014-06-12,-0.16532089598483796,0.1863969739428781,-0.11857589230559426,-0.8879389333901334,0.36659736741445814,-0.8689475243321558,0.8826693383298682,0.07901875853513084,-1.2574448354420995,-0.014027314503019693,-1.645397800162607,-1.037884174563937,-1.5039064121526289,-0.9486906932935155,-0.9168597768215858,-1.1087608212367308,-0.4523396438492625,-1.26570995637967,-1.276414483863269
2014-06-13,-0.3200244952085528,-0.35700896563505363,1.3805183424814806,-0.8090195456251886,0.6923017674521269,-1.2347894020746073,-0.0020868786679910044,-0.38934275621198655,-1.3938813961072747,-0.5698816770745775,-1.4490492873467198,0.16010928589517048,-1.605293171658983,-0.4378341594778201,-0.3172061577940522,-1.0829220586821813,0.14514246498127195,-1.276414483863269,-1.3684808910923199
2014-06-14,0.1215447267159459,-0.6013281659743565,-0.38855313011328435,-0.7445976069652765,1.010071243055154,-0.02874925426447202,-0.6127966869082717,0.5994451648583062,-1.62118765947402,-0.4337106961515412,-0.5242778632875285,0.26686984697937033,0.43242068867241135,1.6063075564766531,-0.8891866145743836,-0.9557019135056044,0.059110839306321654,-1.3684808910923199,-1.2358143067622878
2014-06-15,1.2468148957697922,-0.586976322298143,-2.070387101826414,-0.6546479071081848,1.2866927556625056,0.2390989139752182,-0.7946943511693411,-0.5919073011946521,-1.5012589400452996,-0.1486476411380268,0.43322152107902817,-0.6344265831882249,-0.8147314264200705,-0.4279318672373401,-0.2806655443511578,-0.6873294528166491,1.0371131998205971,-1.2358143067622878,-1.1187960976336613
2014-06-16,-1.816980006617289,-0.20802704318559462,-0.641866333565967,-0.6488081336365046,1.3744778685191612,0.40570007769097016,0.1363600584989637,0.28566172436457743,-1.5977238760245451,0.07519402010200625,0.30734598263529095,0.44721666628111667,-1.932823811681298,-1.0133412193249869,1.0924851071232868,-0.37928112061777247,0.6334236118452454,-1.1187960976336613,-1.3349194500331185
2014-06-17,1.627867775475175,0.4067143686412826,0.10184398812100763,-0.48484708861179043,1.4957017097472913,0.4660826421650943,1.2159954611995882,0.14740888361617124,-1.801751533622734,0.4464452743661745,-0.12418267003723726,-0.7203820982874698,-1.2915969561548077,0.547837580507129,-0.20235483585489591,-0.4717109498870028,-0.37844068654570795,-1.3349194500331185,-1.366656101042851
2014-06-18,-0.4187708125517432,0.8692994118795181,-0.06776221776029569,-0.36805349153382416,1.5951608064876857,-0.04968907464363392,-1.1894801576666527,-0.5687951677429506,-0.9445045704870275,0.17943695252875294,0.12587948690599707,-1.1217074999898624,-1.1950691197799894,1.3180623302695242,-0.41381209491713644,-0.2540372103028911,0.15627452948403442,-1.366656101042851,-0.9760997301789827
2014-06-19,0.13715876412082073,1.0760459371158344,-0.23868859023517253,-0.28693458093660995,1.777993541408912,-1.0599057277994854,0.6403587305824766,0.9529513406411904,-0.16119250508534216,0.01919835944025177,-0.5352967481308761,-0.637925129716588,0.3290361561904257,0.7052337204729003,0.1813129525376632,0.11620283802255288,-0.20862347414329346,-0.9760997301789827,-1.2055046495497541
2014-06-20,-0.008399130956595864,1.0677276385566143,1.2106945015043817,-0.1579348559128438,1.766706781478154,-0.3010559559136374,1.5510924690597283,-0.9995359476311945,-0.004320096541381736,0.49788643579533687,-0.7664939341704027,-0.7087931659902192,-0.6848568840735516,0.8330099009998214,0.847000080139005,0.5515450601427881,0.32615772282222033,-1.2055046495497541,-0.626728802874426
2014-06-21,-0.9371229921559359,0.9017821219399542,1.5224901981267676,-0.07210181176878673,1.7517887800724543,1.1090465093912736,-1.7483873157377856,0.4914420383656051,-0.44653339969404837,1.0424867598225325,-1.5770439923036552,-1.2716833850723082,0.10085246910982035,0.7932210785353158,-0.07597057566364566,0.3265652206454139,0.7917245027431496,-0.626728802874426,-0.48934139429434403
2014-06-22,1.6537488422321056,0.6372859441917992,0.6304004153437107,0.07478384043679528,1.6266720294750516,0.3870600411513587,-1.0012691347997842,-0.12693913883040453,-0.49237939950614024,0.7614529411561473,-2.102277383154182,-0.8537524328193544,0.38405434438990416,2.2627597067639575,-0.0823924972289339,-0.03480336058785915,0.47731022518333927,-0.48934139429434403,-0.4924667172173508
2014-06-23,-0.4279743176494905,0.27822105875169745,0.9707261698590639,0.20746878341807176,1.4666785621316962,-0.45901550238606414,0.7343834041003126,-0.13198815124399935,-0.6144648193813497,-0.3141799539298175,-1.9895590897828124,-0.9177176070144473,0.84769329558282,1.3893079587694912,-0.1410011706760355,-0.25947452166866747,-0.27909952162190493,-0.4924667172173508,-0.6316581509823805
2014-06-24,-1.75074706886911,-0.3394181878769912,-0.18442092762025014,0.20123997923466988,1.247838317924634,0.1684333551066898,1.1124738909713676,0.4285941399042404,-0.6805076816870801,-0.20576816752562016,-0.9780706416843763,1.1427801598681393,2.393684948161532,-0.8329238956546797,0.22679170183420785,-0.1945690310496915,-0.017597438451776595,-0.6316581509823805,-0.7218149754089291
2014-06-25,1.0486837380437812,-0.88992599715648,-2.568563116081718,0.275351407093832,1.033411437375659,0.23166317959960694,0.5034707527198988,-0.812037586300666,-0.3161296384723946,-0.5662111372292262,0.6594085624434891,-0.45477181193059474,2.3181754734309514,-1.569171450657699,0.7746718714417573,0.09559821182674895,-0.09962391937181361,-0.7218149754089291,-0.7491212014101089
2014-06-26,0.6742079168189714,-1.0740724604780543,-0.7078570055356406,0.32960747521607364,0.7992700821071159,-0.929861676515907,-2.162999830099365,1.1354552625585856,0.18654792148737712,-0.07229875880142661,0.9187059602231936,-0.1853192080127887,1.3075827065303016,-1.366997635814243,1.5940062709418579,0.710718106881427,-0.32675918487666444,-0.7491212014101089,-1.121676607195898
2014-06-27,-0.9684565824583804,-1.0401444326230562,0.09555326232616272,0.3441205214724397,0.5485803467440654,-0.5293710714784309,-0.2615115159105588,-1.2726710972396746,-0.4002188226303929,0.09564972953948969,-0.7343959695673856,0.9070333250314776,-0.3739849031665135,-0.04452347411234003,0.29474362269740023,0.8934217033338764,-0.04926617085226789,-1.121676607195898,-1.370533148221879
2014-06-28,-0.387180355296139,-0.9578341851018853,-1.1384961260333604,0.361615999779912,0.30074344129882613,1.0057780650431818,2.0314908899626527,1.2436213322855043,0.41284352293186766,-0.937595633812026,-0.16750918843488172,0.9094695754542753,-1.0907101788981446,-0.16508958251799835,-1.363613304640509,0.6574564129110174,0.08241397500347061,-1.370533148221879,-1.2055320772203955
2014-06-29,1.6538007875375735,-0.9076125725885724,-0.8408042692078852,0.39849178781907857,0.10726255598220157,1.093775084727538,-0.7045174938047382,-0.9724305385909401,0.1885642368926483,-0.5764527484977503,1.2170077654822848,-1.6520578533212065,0.10680344218306498,-1.6260259738686298,1.3526431851405742,0.656721085676224,0.019037102090884973,-1.2055320772203955,-1.2874803172296339
2014-06-30,-2.260218422627306,-0.9038036496307548,0.05991512511344847,-0.4023809815336365,-0.7635846196616141,-0.7620222667241932,-0.3863008977093061,0.2689158978499392,-0.16320834425578815,-0.7014956430619698,-2.0844910533514898,-1.9899354852080346,-0.8051017196276838,-0.4146541140544766,-0.1277959781337623,0.6436936338866935,-0.4107290482687281,-1.2874803172296339,-1.4758503675627033
2014-07-01,1.1876400030465244,-0.9767364883080424,-0.20716009135144323,-0.508510869591611,-0.8369102416961768,-1.1857123293047678,-0.47846253760542135,1.1904413948070693,-0.07820981915670601,0.18055633527065537,-1.5733554444983635,0.4018533605846482,-0.3053511548167907,0.5544871935841342,0.440174218550305,0.7097955390982091,0.18668049861619382,-1.4758503675627033,-1.1970064856580935
2014-07-02,0.17012864597744243,-0.42387754807579603,0.13958308530799515,-0.6998672373847348,-1.0191433042214348,0.37697342409754314,-0.24863153158945153,-2.1899397537668093,0.04456009584653421,0.8355842033834877,0.38539648795770554,0.3010171154484941,0.037750290803818705,-0.23111115797759335,0.2518224753928846,0.741273415742528,0.5788118289917965,-1.1970064856580935,-1.063638231930547
2014-07-03,-0.5028491435721988,-0.12385292955496757,1.4378912802496027,-0.8022063205062642,-1.0741120973762142,1.129039111487491,1.0371686074891495,2.0471899965769196,-0.29762771111552444,0.1954807890968508,0.11642876417027506,-0.5303688459185224,0.32441088755638425,1.1196015397920673,0.7897761697531107,0.7109169813872666,0.5530335207588631,-1.063638231930547,-1.2849185568873955
2014-07-04,-0.8549653240581314,0.22836962614338438,0.9867235976487576,-1.0024934525585922,-1.0470197991474384,0.5964330076661369,-0.19616952330916543,-1.2185453658515861,0.27765936566833954,0.1224843800124996,-0.3674748351656451,-0.9076823379177151,-0.4926888100102903,-0.6291437781009953,-0.273785244648204,0.6878903566762444,0.10690568270467031,-1.2849185568873955,-0.6361359178948855
2014-07-05,2.285144059506776,0.4526625914078602,-0.2425427981794648,-1.0725426550003354,-1.076454666660484,-0.7035640232354698,0.8226573969770016,-0.05653486299852004,-0.3871741280404153,-0.04100882153650659,-0.8893749349511508,-0.5207088211253085,-0.7745895875153498,-1.269382323234455,-0.6310061172636039,0.5509319382347002,0.8254295981323456,-0.6361359178948855,-0.6057109433901101
2014-07-06,-2.5404890006365806,0.5451779878883092,1.0863871746087284,-1.1013162760752677,-1.0156902433818833,-0.756585175440802,-0.5777466702410299,1.3161293360354651,-0.028353507984568208,-0.9733720480279848,-1.654842624596121,-0.48172359956474214,-0.8454324659542151,-0.03252651311929601,-0.310690379724774,0.5805984763035343,-0.42392741705874293,-0.6057109433901101,-0.6694701764356285
2014-07-07,1.6415400637408823,0.5546117108623996,0.5598337961075174,-1.0975358805647912,-0.9259722525004703,-0.34970779259367235,0.9387333902883518,-2.0766290038145905,0.26715974603391607,0.025657035087292623,-1.4207938375684404,-1.3900616497005527,-1.0711353993852284,-0.8459985813855214,-0.9613952152995169,0.43260317685650956,-0.59208541656329,-0.6694701764356285,-0.673850204720705
2014-07-08,0.07302088968132463,0.36012385380131595,-1.2048048641448805,-1.125155746371723,-0.8181199308817259,0.6167288398413682,-0.20921340077938969,2.0655973807538692,-0.5047014681742381,-0.0697040566144115,0.5504802970929673,-1.9554971822655467,-0.04106593284181562,-0.38667152918146913,1.0879951741779974,0.45698424467201365,0.45018957635994616,-0.673850204720705,-0.3082840075010328
2014-07-09,0.2965135157848632,0.16026397979678292,-0.6848738534121659,-1.0318009506859798,-0.6967573495924425,0.7346118029985155,-1.4208476359737108,-1.119770645161982,-0.7876381538733911,-1.2561562911745812,-2.0997686319825606,-1.942538686026086,-0.9024845114607902,-0.3164680776789054,1.175360503767708,0.14500355460146103,1.1432260982327098,-0.3082840075010328,-0.18161091540956958
2014-07-10,-1.1328530041369262,0.03697855581822414,-0.5311553590109065,-0.9241895836549685,-0.5699458776536653,-0.16152319125684406,1.4284705936238462,-0.17904418988833146,0.053132557972865244,-0.5518691907127208,-2.878689260181171,-1.94077484297604,-1.4865561500408206,0.7262332325397597,0.040226553324179064,0.10555804954186439,0.3390992803108703,-0.18161091540956958,-0.07391449426391589
2014-07-11,0.8452642912289162,-0.02053213975067313,-0.15855747535232917,-0.7843287695678768,-0.42712480410378584,-0.6972314433386462,0.8002143063345101,1.30624150105185,-0.0969037788453045,-0.4142346327163122,-2.1196192269875946,-2.319662464613676,-1.7102977880609136,0.0771374922902786,0.045813259068393536,0.33926856577805037,0.4484750537560861,-0.07391449426391589,0.09870039995533014
2014-07-12,0.2385169427083653,0.04604767839305503,1.5447875834226894,-0.6617448720711577,-0.27400855467908075,-0.49811181503685087,-1.467811862473977,-2.0687473766476403,-1.6342892689050972,1.0388664061045305,-2.5086891352545817,-2.1774641726516877,0.39478691550032413,0.6026257567980898,-0.5853704558922493,0.04083545095854461,0.486520896905951,0.09870039995533014,0.2471575268481694
2014-07-13,-0.7158825905441777,0.17479679817501695,0.505953139762653,-0.5474024374742014,-0.24182974461012005,0.36182940273195774,-0.12620936064290614,2.260887788502168,-2.1857248227536625,1.2243390757398516,-2.6666138736569636,-0.9303844923452598,-0.35117223685509213,0.43532323606400997,0.8850139040575717,0.21031813425366305,0.6406542464825452,0.2471575268481694,0.11873003029682791
2014-07-14,1.3806636010048932,0.3660017513232618,0.03512342944614294,-0.3298686097785234,-0.0781307019514396,0.7468311890268083,1.2990204851128468,-1.8174123692082125,-1.6118725394040845,0.09474804946739743,-1.586977981798912,-0.007942517640201069,-0.521460847407619,0.8951472963835596,-0.13963794574920727,0.12639615618033062,-0.8213587284735849,0.11873003029682791,-0.04923657222080427
2014-07-15,-1.9502481945694965,0.4220319930287147,-0.7737681196341891,-0.19513866335176186,0.02900352725993474,0.786988359341992,-0.9579028706707321,1.3322581080741505,-0.3866391648066026,0.14733393909507855,-0.9711692716180402,-0.7728419445534458,-0.8057839091476062,0.28413245145074134,-0.4301259168724344,0.03330623262594252,-0.5219038889626009,-0.04923657222080427,-0.270688780954222
2014-07-16,1.6458494611043002,0.4293979504626537,-0.8387158083532054,0.06957111172520537,0.21184321787540622,-0.2444146812968845,-0.4693951689514643,-1.1131460727940137,0.3315013869005901,0.6797574021663347,-0.6910561607543432,-0.3707529939980787,-1.5262113032379598,0.25562129074774276,-0.9077795586362595,-0.2417661600976613,-0.5934907979781748,-0.270688780954222,-0.3924695636203712
2014-07-17,-1.2146223498431445,0.31227069624001075,0.4622881085985825,0.3500462553411587,0.38468961046700817,-1.6317063317757294,0.03951550681297792,1.245145252604254,-0.4525481333043427,0.11901181690805071,-0.6188342439122178,-0.15079907291792474,-0.6554852459196481,-0.22135230244639012,-0.7796354491939883,-0.3178376985320782,-0.4847110456742154,-0.3924695636203712,-0.41304281310154206
2014-07-18,0.548725752883135,0.013822287525380218,-0.28232675000709145,0.7096037666699677,0.5566991446815923,-1.0529621156729565,0.4216773876985337,-1.5678589302959158,-0.9381845473356327,1.0787030151312014,-0.7977364003414373,0.21860499775357967,-0.5767672366987848,-0.5065492194021045,-1.4852718404856398,-0.4028629579702402,0.22207846790780203,-0.41304281310154206,-0.6372843393611475
2014-07-19,-0.5633700423656953,-0.32176061718013027,-0.8021024983965784,0.8978209263939603,0.5990177472315428,0.7419183164101246,1.0785137803412612,1.7298984239609672,-0.7752682609419942,0.2507491322757615,0.11183624852323698,-0.5732045766025936,-1.0774924757179167,-0.6818518584709633,-1.0565708778650627,-0.5042622996768641,0.10657442554758444,-0.6372843393611475,-0.6170553406325276
2014-07-20,1.1693447298645125,-0.6265410936121559,0.12768136121482562,1.1696698182221315,0.7469727720876481,2.7436347990742234,-1.142806373656229,-1.4927879725522468,-0.7920893685708655,0.09279567896966938,-0.817328217654608,-1.0353769265510626,-1.9741871477719446,-0.28775436785051195,-1.5796608229977096,-0.6563310747655147,-0.42956387503868176,-0.6170553406325276,-0.7569358864851335
2014-07-21,-1.450657148997275,-0.8357979198917854,-1.024851705417814,1.4080467465962445,0.886579866386785,0.8630701917943222,-0.9459052143430488,0.9392679043829267,-0.984410326397755,0.6405628800808436,-1.6989932855103986,0.2421052687063343,-1.01615109793383,-0.22893242369010716,-1.6104796159281443,-1.0172637558911575,-0.0730710527528981,-0.7569358864851335,-0.8578618983267281
2014-07-22,1.1190481204747578,-0.9829260570892507,-0.7334094831328294,1.537577682466812,1.020856690996913,-1.8483473619313577,0.3043415304117369,-0.22607197044192057,-1.4225432737518844,0.18627943737780578,-1.1406859158119471,0.5670477780610852,-0.11781822863167998,-0.07645153622222606,-0.6862303248888635,-1.2855372451732971,0.11292572872262029,-0.8578618983267281,-1.1705333740126036
2014-07-23,-0.4095544271413431,-0.9412318576606785,1.2820784815048705,1.6100141824752465,1.1398096646401974,-2.529184763105515,1.4909642076308336,-0.6240770275235917,-1.0769014925711737,-0.46609854293981307,-0.520648440533151,-0.9349479422226458,-0.76197615597796,0.05121892094833458,-1.5643007936414355,-1.5396573544285228,-0.17801036013233926,-1.1705333740126036,-1.1366870487791252
2014-07-24,0.02997750060923026,-0.4697907505141465,2.200352372411167,1.6369959367494749,1.2441283461615047,-0.050521074477754585,-0.339921379071103,1.48079998965114,-0.8324613058379046,-0.7250180312973409,-0.5110457088598316,-0.10711770288818862,0.7652483777193515,0.013676250766573144,-1.4087443195825846,-1.7273318831001603,-0.2664072108198426,-1.1366870487791252,-0.98385673229757
2014-07-25,-0.31336252424031735,0.2581065527763746,1.054949789408756,1.62589955188381,1.3312096748037594,2.558987005415659,-1.9441878278442177,-1.6902380714850975,-1.7378166156244244,-0.7001265314714237,-0.5716511817251587,0.013493596584584489,-0.6722700508370216,-0.6454958974140458,-1.3681553065146592,-1.7810845422987918,-0.16667441389288748,-0.98385673229757,-1.1650004713258888
2014-07-26,0.6041181127605714,0.9468597038804154,-1.6410898505636446,1.7235853971642212,1.3996024870588941,1.312868419923479,0.964850318132943,1.2983227360532887,-1.3440881235380735,-0.6123825275759386,-0.7832915162703341,0.07977594773183218,-1.4193565349048802,-0.30224259118055957,-1.5925694751226531,-2.0393502535607797,0.3791354401061867,-1.1650004713258888,-1.2269428561921971
2014-07-27,-0.8281562172915985,1.4617694347640724,-1.7407947957907974,1.6819443381316541,1.442402078882485,-1.2590190480201866,1.1647963398020489,-0.8973312881145731,-1.182167778119701,1.3639879029879853,0.40290279767908416,1.1903740726994962,-1.864173684178749,-0.8375848280080427,-1.193207242514672,-2.082996849973712,0.2363436577162191,-1.2269428561921971,-0.9213943511663439
2014-07-28,1.33333827715827,1.6269805227930487,-0.7186305739137556,1.6015489330106472,1.452457872458633,-1.3359607901273627,-0.6334123808931948,0.6566535572631217,-0.9757228624523345,0.8647552893563264,0.7935302919535115,0.4537543107974305,-0.76488279844146,-0.9294581168903082,-0.5078918485594288,-2.0589068109765147,-0.29947242128056284,-0.9213943511663439,-0.9006383174618121
2014-07-29,-1.6720900155707135,1.47299375335592,0.3295683040209525,1.479314991113976,1.3604948660643608,0.1363575088297735,-1.184172309172639,-0.6226382125547307,-0.365753286047152,-0.13159994392520422,-0.5075021240124596,-0.6828419407225734,0.7998950912646325,0.5008628977671354,-1.5008262649806794,-2.3535820918729766,-0.13919671472669387,-0.9006383174618121,-1.2901591208097558
2014-07-30,1.3770787658405432,1.1917133655967371,0.7560716906557597,1.3124114890000427,1.2892962429978927,0.6104273231246994,0.5211092192206939,0.7569569735109459,0.6786831761209225,-0.14431571084907385,-0.9247013314144746,-1.2597844598897763,-0.0795995730003005,-0.8188267019462969,-0.9109784108006704,-2.486922445990231,0.2899612354446751,-1.2901591208097558,-1.1148494487119267
2014-07-31,-5.187178358152338e-06,1.092267335694643,1.1687625335088165,1.1382783971575994,1.1909348552949024,0.05532677534261991,0.2763622552645395,-0.9948537629104777,0.9984280891509005,-0.4166138722940674,-1.5308470353062171,-1.496113836068951,-0.0459775964126949,-0.9447627975915441,-0.3212750636243822,-2.3809804540901363,0.855730452725163,-1.1148494487119267,-1.0966709643254031
2014-08-01,0.6254468610221098,0.7640136958014756,1.8134237339933408,0.7478688825808156,2.030238013309272,-0.08391690022152554,-0.25953678030029054,0.4141600041362652,0.47597964458523684,-0.5970875405011099,-2.144254505527964,-1.6985036087524887,-0.33270910550507554,0.8354493089088287,-0.3956891133732214,-2.3257627642956775,-0.24523561150913661,-1.0966709643254031,-1.0983690548396392
2014-08-02,-1.1167164845352102,0.33109867594577896,1.058964300022604,0.7427030718772456,1.9945217729253997,-0.21832753986578585,0.630299026158492,-0.6998188647692593,0.05899925781998821,-0.1915880205561358,-1.4206791596630308,-1.0476914911900108,-0.4559779726433327,0.45880619658933847,-0.2603015051353923,-2.0837742341612935,0.2453417723183907,-1.0983690548396392,-0.6701288554757874
2014-08-03,1.079628599568423,1.1988713208739183,-0.8355409619269537,0.6859189199358932,1.9799085644433312,-0.15729396360920833,-0.6643014514240914,0.837444788375746,0.16192472191451712,1.3219213312350637,-0.26079460422980827,1.7246232004401023,-0.03918614845602313,-0.11191068557773484,1.073946445520705,-1.6577805362850233,0.4836596471633981,-0.6701288554757874,-0.6172591279816632
2014-08-04,-0.32127626337888354,0.3654713161706159,-1.378580740735973,0.6610460443807207,1.8022554082056874,0.38187622754339495,0.22729026876269728,-0.652930837424601,0.5009771655058319,1.155992380245795,0.5689602822717289,0.806092587404711,-0.04206176603769588,0.5881466584539796,-0.049958540095315314,-1.3637646556841156,0.48245485332789334,-0.6172591279816632,-0.6540620762009014
2014-08-05,-0.3752036868713603,-0.10246784637649538,-1.604723607493601,0.6447091717310135,1.5377878706844612,0.5950667155588116,0.9791291067459958,0.06197160060978485,0.16500991362851866,-1.4570910087844833,0.7040099489728472,-0.7405520179978502,-1.21556002601467,0.8542414683544649,-1.4704493508713963,-1.2675127403010131,-0.4606972377931836,-0.6540620762009014,-0.9485876001674918
2014-08-06,0.4328824495346123,-0.34695168051217823,-1.4978972073540169,0.6626853573040055,1.3094974945020759,-0.10221847393922343,-1.7478860786272945,0.5323914910297266,-0.15401320545595412,-0.8374319436526503,-0.1791435643187299,-0.8792646276358234,0.5165634263072449,-1.9145559223856146,-1.5972809039083005,-1.3105428665121734,0.07061454699182636,-0.9485876001674918,-0.614265852540305
2014-08-07,-0.6368229448855134,-0.4943569777671428,-0.7762869527250755,0.6126146776818988,1.1191202843420855,-1.0303210438997241,-0.474286414686138,-0.4718178298885918,-0.045045396968134824,0.5272768543460644,-0.46804509205031514,-0.049952478430755516,0.8041696917925296,-2.5186472636873396,1.0603942406186335,-0.924613467834314,0.6277173215212899,-0.614265852540305,-0.6026841709882015
2014-08-08,0.4304556035974339,-0.6761503663450494,-0.4936073417459854,0.5466340250826883,0.8957452717379386,-0.20839781363452498,2.371856989732064,-0.016956551010626146,0.10354142528252003,0.37033223627106315,-0.5000073699956645,0.6637600413547189,-2.0444983598898467,0.7359884841988982,0.5962165090206536,-0.655396149474092,-0.14193052138756768,-0.6026841709882015,-0.7225650545493948
2014-08-09,1.581853433414422,-0.8591443257683112,1.1241772627700306,0.5019149234123055,0.7997167424810319,0.9974840518248743,-0.19523236483555073,0.6458099609947789,-0.050609251355046306,0.03712572890924242,-0.3917391746489296,-0.4402072025241429,-0.3914635295389143,0.3430739224395976,-0.20570074841807204,-0.5575086934627274,-0.4984311587403788,-0.7225650545493948,-0.901325372973444
2014-08-10,-1.8034425706537844,-1.1045916853499782,1.9660345633033307,0.3961339412761315,0.467213756840639,0.6603656170059639,-1.508895475473985,-1.0885615795522339,-0.34194079981120473,0.5495249016942142,-0.9416601152690557,-0.7260962122586578,-0.2601127486120543,-0.8462493006657171,-0.8930812805842953,-0.678033701602364,-0.09479721724603175,-0.901325372973444,-0.44477943557102056
2014-08-11,1.6904072256505498,-1.3508900119283602,-0.00755132703757111,0.4386498045308743,0.17966218440579862,-0.552946167008257,0.8977412840555583,1.2395904344437814,-0.6527737236014831,-0.048769281519239135,-0.08710341715848034,-0.46857475378623054,-0.3509339126730728,-0.31755000570107217,2.8351540065130663,-0.10723608752997059,0.9076197292123794,-0.44477943557102056,-0.47250097174434386
2014-08-12,0.06466963040863082,-1.5240827975427682,0.6823567421786939,0.29316749594233793,-0.23577627122127742,-1.24894998571653,0.11561332950286848,-1.0790123009672878,0.06890401725801874,-0.4431910393419727,0.2315976449787217,0.2381172331786983,1.5508411353367257,-0.7805274071897649,-0.3831765905081534,-0.043350938121666495,-0.15016809254681354,-0.47250097174434386,-0.7968514084405228
2014-08-13,-0.3788123637903567,-1.7674146414023006,-0.2179533083295109,0.15464317544867587,-0.5332371269502235,-0.48951847866628606,-0.9537605585874841,0.2558601217655615,-0.21576990432821358,0.06361861218952962,-0.03599241710467173,0.3421819187122749,2.1932121678400196,-1.7570921049347017,0.3253696507278647,0.05996826622206778,-0.6853763604302529,-0.7968514084405228,-0.42286556970475475
2014-08-14,-0.7821954203892914,-1.996789040539493,-2.753610797803734,-0.05358197348399924,-0.8042888639942073,1.251144587380094,0.4462409238993558,0.5067415282149861,-0.6416591861123165,-0.5336337050253815,-0.06320038785454389,-1.3861762420065291,0.7072236096737328,-1.0993792457559457,0.02576691631620142,0.12522034241253013,1.0914709980347999,-0.42286556970475475,-0.6299848202151386
2014-08-15,0.908932653165917,-2.1949102534951774,0.3105159221840834,-0.23994900061303445,-1.0800228118638369,1.70366221618486,-0.146535231649614,-0.63727674215845,-0.6742980396598336,-0.05199121353052616,-1.447181056390301,-1.754223651568696,-1.4291880325301352,0.6141651813254466,-0.27385736429112567,0.08590478584851012,-0.4741886903830415,-0.6299848202151386,-0.8169132448352064
2014-08-16,-0.3459150915540686,-2.2586472050981414,2.54731127649194,-0.43162034193580845,-1.2846880967564254,-0.16290493779202722,0.26439636252470405,0.5215304291843296,-0.9769410173918219,-0.7740478917508049,-2.4587745163415637,-1.609280069028684,-0.9682716997953702,-0.3088989828057667,-1.1635131459506203,-0.194161182748028,-0.2605886571851358,-0.8169132448352064,-0.9707336734779957
2014-08-17,-0.0725526529066319,-1.6593323952385794,1.2873068572432442,-0.5818408430652163,-1.4759525779133231,-1.901335934186631,0.2552665108331649,-0.4199314763259485,-0.7142376112680265,-0.36121561629288484,-1.3994224850809545,0.07664112566529584,0.7590911688874415,1.5219217415640354,-0.3656738264335097,-0.23998152621499813,-0.15842190986179602,-0.9707336734779957,-0.876346297829044
2014-08-18,0.10372276924906777,-0.6030136547288332,0.15980225403724593,-0.709955560914432,-1.6312543367391221,-1.8232629562572376,-0.815889115637502,0.511206144580351,-0.9561130697018956,0.37055802153943823,-0.3207770567779664,-0.932844448555499,1.2022935201161873,0.6664132324204984,1.4592933154428838,0.06075302859549599,0.20484530585284066,-0.876346297829044,-0.5126006483291633
2014-08-19,-0.4243070673302184,0.2695911752024369,-0.6022050966619288,-0.8376544317572107,-1.7913416037818375,1.3453600238099117,0.12173660235353226,-0.8402063699235806,-1.6757226457699321,-0.549442691824533,-0.06943937444335774,-0.09159570028955058,0.2333721120903477,1.466854126900918,0.3658017576079119,0.24988811358329593,0.22115097191933242,-0.5126006483291633,-0.34409747463918616
2014-08-20,0.8711960238363885,0.8261477961241902,-2.1005178814826695,-0.9298611888404062,-1.9067431666913333,2.3905167888165724,0.25298288446688094,1.2014752399150244,-0.5944778824563413,-0.47206012629306576,0.21970764064504106,0.031053224411661765,-0.4514662771778884,1.9045288955883937,0.7321455458455935,0.15835265635013834,0.6266112703165586,-0.34409747463918616,-0.10346557747589218
2014-08-21,-0.7792649804976297,1.1991143700767943,-1.1755577438535434,-1.0130629622321727,-1.9836216383204226,0.44540635822357916,0.22225326232600717,-1.4492605090096582,-0.025476733285820525,-1.4509278081685735,-0.5805694739764042,0.12666779199648712,-0.3185407743452983,1.5103416227647093,-0.7045926531371072,-0.025879671078507534,0.20967727326753147,-0.10346557747589218,0.06534721690136404
2014-08-22,0.6754061507407212,1.4742597661318615,0.755654734371329,-1.096305799545457,-1.9289738628318025,-2.4434341716917127,-0.3616380261747911,1.149350851492756,0.1593083410247092,-1.8196849066470917,-2.0646232130710653,-1.1886391059874424,0.7022252790642165,1.6917287367253269,-0.5034016978132767,-0.0673328788440949,0.33363342123546946,0.06534721690136404,0.5112839035051677
2014-08-23,-1.7666029716611358,1.6945364319984935,-0.35387232437446475,-1.1572921839347843,-1.9380529612535637,-2.132019739240451,0.531427799698823,-0.2501951223000843,0.9118029891334691,-0.2621456396314152,-1.3120789984875108,0.827136696894924,1.2712481856152764,0.7606958396778247,0.901895031029241,0.19698025780204473,0.9267237118329196,0.5112839035051677,0.19677195580053683
2014-08-24,2.157671460921843,1.823574383150137,-0.6349231300204339,-1.3249055268135543,-1.9701959479466142,1.4135360704377877,0.18166309257536614,-0.4193639618917589,1.472616897303202,1.591830326865458,0.5215510210909142,-0.3196674040401273,1.3243931179881514,0.39729340774367206,0.39582118768298935,-0.020167286096073468,-0.3320147853031804,0.19677195580053683,0.006496611384443004
2014-08-25,-1.6122029725726588,1.596245031697821,0.8095677815363997,-1.3325760031452814,-1.9344984934373997,2.3580011540067485,-1.4105104502557426,0.6405962101828638,1.4372700203685524,0.9317551160225269,-0.23183273934684923,-1.0374960211915305,0.2984743944090264,1.2501693061477066,-0.4169412707582886,-0.021953665482301706,-0.4137932949018093,0.006496611384443004,1.1765807420463419
2014-08-26,0.2925847601252732,1.1110968766402225,0.3454831151440587,-1.3128290059399994,-1.8562012967996495,0.37045981751690493,0.19745774816655726,-0.524628480440186,1.1957016927145563,1.0892277500934777,-1.2030750960317167,-0.33449097208679335,-0.7102242425928942,0.7176647005171302,-0.9054942272794878,-0.15194007499285844,1.9514037933803836,1.1765807420463419,0.869439012692561
2014-08-27,0.6090004511543651,0.5847880549992144,-0.5622894328151864,-1.3395149979530914,-1.8344893962962867,-1.6633975331239144,1.6688409795058845,0.15546341263276106,0.7615214245980578,0.7123515909889248,-0.47475143498936523,0.33821997465667963,0.012499098179583912,-0.928971052824666,1.0852217456023143,-0.005657625292361087,-0.29526222998398705,0.869439012692561,0.9636810619935811
2014-08-28,-0.7507470661554609,0.18907574460205986,-1.1152115645800371,-1.238428990497441,-1.6103534898874161,-1.2208690725025348,-0.49495609272215585,0.07031928518505717,-0.36067236756534654,-0.6504804971881442,0.10227340395102032,0.3998977051469635,-0.3534570385402611,-0.5676542110562292,0.17682814088990872,0.07290065022240057,-0.07931288951863594,0.9636810619935811,0.7073387155868972
2014-08-29,0.6159809269148493,-0.05530438208007459,-0.7439003369907902,-1.1076727760448164,-1.3274633686426998,0.7383286050104162,-1.4153834448947555,0.10935285726624994,-0.4477805826221047,0.518367045428035,-0.8706148256758668,-0.3856784238023287,-1.2923577320215485,1.0315641314482642,1.6091817692228652,0.5089908208256338,-0.28393283347222315,0.7073387155868972,0.862539724367408
2014-08-30,-0.2228908987605327,-0.268838590053691,0.4616113469487471,-0.9818486775444029,-0.99967904727546,1.4191861334861493,-0.3322548849511107,-0.38797871090004626,-0.18788283800454073,0.7656280154314483,-1.3670928535243603,-0.811716137841313,-0.20495102388545214,-0.6603307639921664,-1.5468267559991848,0.3585328866547532,-0.21222726113330695,0.862539724367408,0.11186745439067992
2014-08-31,-0.29487602857576406,-0.4142279483242656,0.6038607415930198,-0.7989406375927328,-0.65162259585842,0.5267876798297112,0.3029838466016544,0.5264270608779267,-0.4848788316530403,-0.38697368224380346,-1.5223438052141725,-0.9024886438400738,-0.05203495141735257,-0.038766072538154665,-1.393561429480606,-0.03946013368178547,-0.5426226256018464,0.11186745439067992,-0.05097728946616492
2014-09-01,0.8235567555419153,-0.49242177578318763,1.423652033391776,-0.6097371718609884,-0.27033059432511786,-1.125196061760911,1.6347559284202327,-0.540154236539107,-0.8529266338249817,-0.4100708762183875,-2.5677163856901397,-1.1178064710114668,-0.735902802956738,-0.4613961003794841,-1.7308311180023037,-0.3135905282931837,-0.17297926466645538,-0.05097728946616492,-0.274166228617056
2014-09-02,-0.11077574585978152,-0.4592235053122215,1.682419059294912,-0.17428473597437935,-0.3163080956993988,-1.2106620004729938,-0.7569653766207222,0.18870625929660959,-1.0156304647282082,-0.43963410572970185,-1.3420945567955413,-0.26413405029055553,0.880429106777231,-0.5878323643979149,-1.591078950860316,-0.6344295098024554,-0.6028083842751246,-0.274166228617056,-0.3374697288179138
2014-09-03,-0.7003128597491473,-0.4014599642412219,-0.6088466337637495,-0.06063164144629284,-0.1499307240010533,-0.07161653195522301,-0.17557833546084892,0.343668354958872,-0.9659822275144003,0.424952072904464,-0.025165993526213987,0.1247443597325063,1.2156817787465883,-0.17277537967967496,-0.4830241623516769,-0.5960862826050498,-0.14865354600504124,-0.3374697288179138,-0.2823951321318021
2014-09-04,0.657022023112729,0.14066759335512663,-1.54485417199957,0.033990122952920504,-0.04348405067956236,1.2328350235214756,0.3667298497196055,-0.7525764654599874,-0.9040654578731518,-0.1818603579197336,1.0346211637448977,1.047016761930871,0.42931890880711,-0.19263945465997204,-0.26731684422289814,-0.5068315060754028,0.13439847339349337,-0.2823951321318021,-0.2097488499360256
2014-09-05,0.4040987123670934,0.3353322899492597,-0.9661430319344032,0.17209304809882864,0.12625102006368968,1.43143224188783,-0.9083726321569906,0.7743346942386828,-1.1273279764070838,-0.11400058415400958,0.8732645694820313,0.21398052609143167,-0.4978214139442587,-0.797263041574275,0.6510056852790761,-0.5490044651403084,-0.07668260390421447,-0.2097488499360256,-0.36930934287858846
2014-09-06,-0.9041091697793362,0.5323419550277281,-0.31735481193789794,0.22053440469253174,0.2647896845584658,-0.05707500612414629,0.05701321886448964,-0.5310892606448671,-1.3422072589331726,0.4046097848321715,0.35869321574131474,0.43161265527692083,-0.3580545436600902,0.7219443451113793,-1.1517200984821183,-0.8485153211578786,-0.3520792857250405,-0.36930934287858846,-0.4487617488799471
2014-09-07,-0.11956618350519908,0.5863761127331585,1.2100827988273943,0.22023291366964368,0.4137482986232579,-1.7826701353199281,-0.28338629406901744,0.26164502041364507,-1.463105174505369,0.6845203935566432,-0.9241185104244509,0.319711836876179,-1.7167445109566732,-0.31701567103205003,-0.8548493797464315,-0.8883314044288368,0.21316674591979815,-0.4487617488799471,-0.6540279958771539
2014-09-08,0.42027582559228266,0.5081339686592393,1.1600294797459505,0.31275013641719285,0.5672313579935614,-1.6403980732790757,1.050547523350339,-0.10526307985387862,-1.72344143334797,1.3681795238685552,0.012354985081873762,0.4335580391572644,-0.36437967473418353,-0.3675701072111654,-1.1070027003029002,-0.9764481930509976,-0.33674396916752475,-0.6540279958771539,-1.0491029918888957
2014-09-09,0.5837233502514716,0.3351972930154582,0.03726165365349935,0.37650139349969713,0.69990391961962,0.7708754631594098,0.6305865014273303,0.1246092951653734,-1.5383685629910449,1.4128807165487047,-0.07883512407162374,-0.5697494470724773,-0.2922110938156388,1.0267506449651673,-0.5648477479966852,-1.3060889644358908,-0.8826577309346431,-1.0491029918888957,-0.8745552394722063
2014-09-10,-0.9928529972849567,0.014648857803125916,1.0162506089476142,0.43727272787412075,0.774528376985246,2.1686581618909564,-0.5449552274502295,-0.27364184956655724,-1.6744984232401843,0.10880241801830942,0.04710110053575863,-0.4543124438065254,-1.284140524785378,0.6150136390068045,-0.7793831211068253,-1.5054450980793646,-0.13749263148704644,-0.8745552394722063,-1.0538747696437478
2014-09-11,-0.5023148819073647,-0.4195060127431544,1.195405090571313,0.45456340890935554,0.8183950162180242,0.5508490101545873,-0.8218772361053369,0.4468528456573265,-1.174836771563688,-0.3727832702664631,0.34273114593837584,0.38973488413110324,-0.4300825046979683,-0.15793481130619355,-0.013559810247086787,-1.671747455940571,-0.043890475756475526,-1.0538747696437478,-1.0069680319535836
2014-09-12,0.7348664172932258,-0.8801518921234744,-0.08772593294035033,0.46279529005798375,0.769343889447879,-1.2372545328478506,-0.9047636871315725,-0.6248253276106128,-0.9685138466701797,0.23242588590262145,1.2007461044827454,0.5356561924800312,0.8444054791614382,-1.5058913122459465,0.4586953385681802,-1.4056768967380495,0.033294794915523444,-1.0069680319535836,-0.756039301855336
2014-09-13,1.1002639274279864,-1.1220562307521826,-0.7254751056466222,0.46527099784498693,0.7369292595239528,-1.3817808089857957,1.2497474884132822,0.7558284284306048,-1.1387810564286776,0.8268969571224768,1.3399315465659627,0.8160195660360864,-0.1999563650944113,-1.4502517000005237,1.6725299058982994,-0.8448173011331471,0.00880866326534572,-0.756039301855336,-0.5729547368031581
2014-09-14,-1.8769386645427315,-1.015925930449614,-0.22546246846210508,0.39036031209550404,0.5783709091665332,-0.4287082157508608,0.7058379595298724,-0.6771829991793702,-1.3167555567332114,-0.22173278781538594,-0.24597148088993726,1.675120836728742,-1.2151000756860213,-1.1241295749949285,1.5921814758056132,-0.2601517267550534,-0.23647649396733253,-0.5729547368031581,-0.8166690037702066
2014-09-15,0.5950044159076033,-0.7207896671352241,-0.8727507963103345,0.3791807773814266,0.5267721621134291,0.33921602569075493,-0.9281450211492503,0.16941554494192115,-1.5220664225021157,-0.1604340870349367,-0.4263649804464398,0.7774111016871867,-1.30576478962413,-0.5268077749686509,0.4512592159093782,0.058407272020266354,0.24922191905587374,-0.8166690037702066,-1.13651366269062
2014-09-16,1.8390275476981306,-0.36582124444792063,-0.7475755145086604,0.39534725577931945,0.473406088840788,1.457486984342541,0.7779651227073844,0.7261431264710788,-0.41955499548471625,-1.077622671388946,0.7080922970858837,-1.1189315310969794,-0.8716784123247775,-0.8272513728780517,1.0533513947933906,0.25564124744848676,-0.23230131874226914,-1.13651366269062,-0.9453032067685819
2014-09-17,-2.5468257499408367,0.06011271086710337,0.6657891187986047,0.4302663158888375,0.41421713214725897,1.5944135208574868,0.5773766732418616,-1.4867002901031854,0.4366121007529831,-0.7098666120057243,-0.5945664446246658,-1.1859109962358456,-0.36901119927009474,-0.3340833904963169,0.42924742912596275,0.3586406680045136,-0.05304583346449953,-0.9453032067685819,-0.7670838510646325
2014-09-18,1.2464410912480974,0.5086554350399398,0.13554020793820312,0.4510799898279564,0.35574741557417994,-0.9485160257282427,-2.082402099712722,1.677819440314776,0.4088127512118263,-0.6299320065821135,-1.2011653390756571,-1.2765394460249486,-0.04652345641045979,-0.6205193258123499,-0.8201589074942889,0.2126700395303938,0.684084540876273,-0.7670838510646325,-0.8141279363947768
2014-09-19,1.0366742980958614,0.8482212173984841,0.4959839359114324,0.472662298232086,0.29752547544141883,-2.401563119035584,0.40859083400019397,-1.3339194002528125,0.09026732265130827,-0.964636910485602,-0.9983010575369637,-0.2713078876177736,0.5652035471228398,-0.5302600299052774,0.7475304762473473,0.5961899950582384,-0.35510151849677973,-0.8141279363947768,-1.2767387575109301
2014-09-20,-1.6316914398957372,0.8307205235450537,0.34339275544143366,0.3458523002386901,0.2192755823623175,-0.8677141274483028,1.5946440489124194,0.6938224881374472,-0.15731880408596216,-0.7703874804743431,-1.9542363473239115,0.6640584821377967,2.056423406110933,-0.9537257700772559,0.7751962600300635,0.8765326415263832,-0.06364614197900263,-1.2767387575109301,-0.8239603912368761
2014-09-21,1.1554445152861355,0.4058132702246625,-1.6248874174571484,0.43483885599288485,0.14240362322295233,2.210622304428645,0.28807491465075624,0.06179314081012036,-0.4602622298402073,0.4921317992486498,-0.35566299664175044,0.5379907726525459,1.0271386173836983,0.016860794714990312,1.2911328802213895,1.359642987717434,0.06956303423694471,-0.8239603912368761,-0.643577423223013
2014-09-22,0.05019203920058158,-0.24901566044110954,-1.2353639557805611,0.442819899712828,0.09539134916160485,1.579553089767262,-0.31433672792733114,-0.6270245070731769,-0.3155616070680669,0.03517096934027122,0.40565043572837944,-0.9499721308493596,-0.41888791866982045,0.7477666020735928,1.2595186957537803,1.8056058137596713,0.1674949576310601,-0.643577423223013,-0.16517884095038746
2014-09-23,-0.9552820653543882,-0.9936981447010474,-0.9276260858801788,0.478100116338377,0.08128467893036995,0.1744514314072311,-0.9937543711468911,0.5984709832883849,-0.2933058140265123,0.30404823204375814,-0.35947663713726846,-1.239705820030657,-0.4571265223011255,0.5670341791109739,-0.1972535492532511,1.9511304428648097,1.0585660827434145,-0.16517884095038746,-0.006791590750140664
2014-09-24,1.0382870018565387,-1.47140835740991,-0.14075839419587782,0.4406827902882277,0.036544112334770076,-0.9268147473013917,0.7638143823376888,-0.1793189590143368,0.20292259489613051,1.0149015145143272,0.15488312775646157,1.3812109937571326,-0.4832511263856325,0.19533073713603788,2.0187376978345783,2.2061912871144806,0.210168402684666,-0.006791590750140664,-0.26490990995907887
2014-09-25,-0.3340914143756048,-1.5984235214695128,1.535285921329479,0.32259869819766845,-0.005601374107991202,-0.9916971437611791,0.35649020944403675,-0.23190211816202289,0.032137443831903825,-0.09909295061874711,-0.07159791799596214,1.9795222751571206,0.516653816662019,-0.3730769348690898,0.47364416576651364,2.211422625878085,-0.6634711451025542,-0.26490990995907887,0.08807777543879175
2014-09-26,-0.7867328080163488,-1.5951080502953956,1.1003330474357487,0.273680689754432,-0.05396392002339956,-0.6056044448033975,-0.5647887894447752,0.2783185248650287,-0.2033918692923995,-0.5180588271314552,0.0751251938064362,1.305684984908082,1.0261780683197776,0.7018464213156177,-0.790063036424575,1.8322221174123703,0.5273028710253386,0.08807777543879175,0.38364566364607494
2014-09-27,0.5586037032027021,-1.4061438762805683,0.6610707278829905,0.23183991522028288,-0.102899325834912,0.4021217708854828,-0.021249390849021117,0.1233722025838508,0.6223434597478847,0.08948743346877532,0.6231628824072261,0.35235706376638554,-0.15697250829005113,-0.49619888174890403,-0.08925732879900697,1.4917239376098925,0.3213923713493365,0.38364566364607494,0.12515715687773712
2014-09-28,-0.19687010590043874,-0.8040387193032819,1.6969618591066866,0.22147549805771152,0.007560272600305781,0.7552554384626945,-0.0632697278642973,-0.7576111336393965,0.6972078219635653,0.3396599742509707,0.5283283670863008,-0.777595785329353,0.11270720592526383,-0.5405657381683893,-0.45787932544386756,1.2019196893474302,-0.3478225764281809,0.12515715687773712,0.012261688256641519
2014-09-29,0.475538095205638,0.2790061055658133,0.3993447781400686,0.18884993608862108,-0.020865616023379323,0.8175526243854218,-0.3043615375954945,1.2077604462046225,-0.21119155826967959,0.3226254791040689,-0.5547881973442486,-0.8479179850687332,-0.3366063532475389,0.6414200061054065,-1.1126531565722302,0.588473533486702,-0.2927404473599958,0.012261688256641519,0.012607480086085646
2014-09-30,-1.181739575875016,1.519656290549228,0.060305377561404104,0.1597900949206462,-0.04419986714657572,0.08605663656404669,0.8237338456139913,-1.296432040175356,-0.36666054046665936,0.3861835900742276,0.12815458080322445,-0.561980336988001,-1.579676879424428,0.49015340177864286,-1.4122027790569542,0.14124014906168347,-0.005191473145816256,0.012607480086085646,-0.13721998382606643
2014-10-01,1.095725214599048,2.321552023614449,-0.1627590032689389,0.13371048783903156,-0.04021392514403193,-0.7287985728235212,0.8293154918768948,1.0721140306202799,-0.7091459389393847,0.020874633308676407,0.010342794354749947,-0.8628926517212915,-1.455896039323794,0.2721759996247387,-1.6112234512035775,0.0064265828303366876,-0.20844475054330341,-0.13721998382606643,-0.4169308152685434
2014-10-02,-0.44536593461237767,2.6689536790544865,-0.5376077763387768,0.10761112991961291,-0.05092129633646293,-1.5551623441748996,-1.5207558654645323,-0.6176443160065984,-1.184907837215709,-0.6158010375969168,-1.5974356452997418,0.11517811611908994,-0.7498443543140176,0.41172814338929775,-0.9891085378766741,-0.2798472301158489,-0.4778026775188592,-0.4169308152685434,-0.37231309855904143
2014-10-03,-0.5281514753424618,2.7503674847140815,-0.9064912174602112,0.07428264662648239,-0.028905398581211387,-0.20531299031818648,-1.1674712362322033,0.25490248832037804,-1.2211839765428416,-0.4002273636504564,-0.6769341099534201,-0.48805407605298645,-1.277452779465167,0.276667235229749,-0.20379732175260157,-0.43441275872436813,0.07170552526647062,-0.37231309855904143,-0.6912835955269424
2014-10-04,1.4331261069947516,2.5105537909175113,-1.6419496535348492,0.2683642160551838,0.19282644266028828,1.5070317629947976,1.0335946984990856,-0.4231480175266369,-0.9934578207151111,-0.7277651972876601,-0.6321825730793638,-0.7443682820462008,-1.8338058649359783,0.12104740581615833,-0.6684271738837994,-0.7769843802926274,-0.25471639085053116,-0.6912835955269424,-0.37957474857556867
2014-10-05,-1.0737070226468393,1.890598758023118,1.008197135691704,0.2283563174858945,0.26461059306771767,0.60877977382297,1.4381505971650481,0.7453347022335373,-0.6096372670817302,-0.457909438797316,-0.7100628916159707,-0.6437509458096379,-0.18475362244221236,-0.7903404418989897,-1.0652801135796455,-1.1190406466552971,0.11671826185110964,-0.37957474857556867,-0.2750555466124091
2014-10-06,-0.30365723312381193,0.9229168447981508,0.9850189641477322,0.24586318564117915,0.3023372022234386,-0.7165038270940913,-0.783701657465471,-0.9687847385593489,-0.8657303724663125,-0.5282943590510784,-1.4487156448206702,-0.3231075176690278,1.6691520953772663,-0.033041791552556876,0.657401979951658,-0.8641742211909503,-0.057452659000736934,-0.2750555466124091,-0.26332393519686664
2014-10-07,0.8703090794447431,-0.3760312233401078,-0.1638782259784326,0.17521040548000524,0.34197843952446016,-0.9798747358522084,-0.988713958705852,1.0283778105380148,-1.2245101016997033,-0.5377496903581274,-0.04002744892841421,0.7065722569750644,2.651217236842921,-0.8450867862722783,1.60912204981179,-0.801793983826125,0.06958862103553323,-0.26332393519686664,-0.017296805703607684
2014-10-08,0.2625009441617409,-1.4599918122112536,0.09050933381246767,-0.00455380323311424,0.3510761993747163,0.4142596827238106,0.17528150846081025,-0.6698323970699313,-1.1269500306171725,-0.9411215026580254,0.11555142330750688,1.487801236922917,1.8727887428969878,-0.1464297559677769,-0.07633166334157247,-0.8925969677258432,1.062887322812697,-0.017296805703607684,0.09038979828729216
2014-10-09,-0.6747380997618775,-1.8822583385543423,-1.1096913586851662,-0.15724272728097885,0.31880645181718104,1.0380476635518647,0.3952060818668785,-0.2180962643119742,-0.6638567069250092,-0.8017978749080189,0.5533306334043353,0.8687434229988262,0.6145654356145152,1.500114588874959,0.6823881601788959,-0.6429215409324422,0.18037532042979418,0.09038979828729216,0.1928735650976778
2014-10-10,-0.12342138147666538,-1.8755060725996804,-1.4232548517365005,-0.24140287611850283,0.3242309681793451,0.19269479949234683,0.17010115288755517,0.8042995734661328,0.13216732115828886,-0.3130034290263512,1.2639458319342347,0.9318777007022364,0.7241876798148161,-0.09783239488477452,2.8844296127439883,0.23630154628395672,0.3566347558386578,0.1928735650976778,-0.028648901699031497
2014-10-11,0.49476102740307154,-1.6323299334989103,-0.9258656749454932,-0.3068041697580048,0.3174157175534581,-0.2438450774052685,-0.17417888798136313,-1.0434771156539457,0.5285109253236273,0.19510947295725395,-0.2512530433810728,1.3823622561727824,0.8400421721935519,-0.5257261733800027,0.7573002600048088,0.4375497435939548,-0.2851203884403201,-0.028648901699031497,0.19464506240791715
2014-10-12,-0.028127799561714496,-1.2404238417594564,0.2530394818032162,-0.4280456817990354,0.19297529249406953,-0.12149046482470297,0.15425276972243973,1.0829661000647888,0.1984881367751193,-0.06444835066712742,-1.5289797434426728,-0.08334329082765002,0.7956227346848445,0.352292401036346,0.9575295633250095,0.8007930070585566,0.3113903020426637,0.19464506240791715,0.17901034048705272
2014-10-13,0.026998832435496757,-0.6730506083529346,1.5833024003228084,-0.4664265987680636,0.15088900394690283,-1.0981002767507728,-1.0320291710000165,-0.7740282025965566,-0.6791240897839004,-0.10711482376427228,-1.4521274183298774,-0.9364681055780082,-0.36490908558865853,0.891513218242854,1.4909487567974442,1.3135566963220031,0.04037228241438804,0.17901034048705272,0.33585660680384744
2014-10-14,-0.7945100930591419,0.033098162411517515,1.5312694542012042,-0.5031646054014561,0.1198422558263454,-1.1719847063824538,0.13145423569775727,0.11571687376584634,-1.051178251660952,0.07051248368841585,-1.4549207129792583,-0.30292090516385817,-1.8836742559611375,2.0079576873892755,0.8336292306702302,1.635961053570545,0.19139509018040649,0.33585660680384744,0.2313249201963271
2014-10-15,0.28518160158732236,0.6026943137227855,-0.06030550599675858,-0.5360108221116471,0.0544251414205184,0.9866845191704942,1.4718096923092,0.1328394972011566,-0.5342892751612449,-0.1481343534800598,-0.011600754037604293,0.10674965587467736,-0.5020213150820376,0.09895359248280612,0.293232559215937,1.842879730191697,-0.24678743990166388,0.2313249201963271,-0.14574436695795565
2014-10-16,0.6171485807490135,0.8059410890242196,-0.43687023330932995,-0.43758996850548704,0.007172496714030032,1.9318880751881573,0.24826681720657318,0.021059170154883646,-0.03277458148672676,-0.7262764042291411,-0.2002281207222572,-1.6888698541480924,0.7851289111439426,0.40851228228203246,-0.5940038206026245,1.7786429365060648,-0.604144799967502,-0.14574436695795565,-0.1943981902160727
2014-10-17,-0.6291005759277677,0.735213608238388,0.18759149572190634,-0.4565703385951129,-0.07266390879824954,0.30625942717749194,-2.134757300656653,-0.2948458008691749,0.00044838545218314296,-0.7086454796858652,-0.5471041673230981,-2.5771558492645985,0.9012451436410396,1.115904431217713,-0.8928863622649303,1.6885932856170438,-0.10695784307302163,-0.1943981902160727,-0.11408183546960915
2014-10-18,0.20334739324701945,0.5159005833122754,0.5400069049590175,-0.450241727974558,-0.18717207995096283,-1.7895366730068563,-0.4767973409848389,0.6081018774233052,-0.20144808654935778,-0.4628636283815691,-0.9404582314523423,-1.2043378473689101,0.7647333095379926,-0.027443934657104346,0.12301558546949094,1.7987108660700606,0.17140164492205476,-0.11408183546960915,-0.34728987416065527
2014-10-19,-0.1361786367817448,0.32793989345586305,0.25520016423121605,-0.4821502154478547,-0.29093280290055323,-1.6297349926920985,1.8561282138391493,-0.522792856253182,-0.20111364645179156,-0.41991927579070554,-0.6330885833576804,0.16304887841421684,1.6581048999873753,-0.1023535227314827,0.1967888953760449,1.8458624751013266,-0.22939370507715184,-0.34728987416065527,0.0895330056420969
2014-10-20,-0.5903241928162618,0.24691783533552517,-0.5616905156487675,-0.45972514055789443,-0.39486568122020055,0.6518183446167446,-0.5488743059441215,0.09435476777803162,-0.3537736023099565,-0.03537469331647927,-0.61323753650981,1.4841366389587145,1.5834417437378763,1.737910917047796,-0.11159807861036855,1.5370700685867187,0.9194894205528804,0.0895330056420969,0.45729318509910016
2014-10-21,1.8292968034190085,0.26741797434272724,-0.5092186275827008,-0.4273873533291246,-0.4810251431801723,1.4549690100519785,-0.10512228317195944,0.3944350287451955,-0.35962334769499654,1.2586395719983718,-0.6315963397722124,0.8575642045414622,0.7324538538061365,0.44927903990875767,-0.9148247695273095,1.3182807885795687,0.7094557020747809,0.45729318509910016,0.1190120860793094
2014-10-22,-2.3890539953791237,0.36454969837897644,-0.25823510146415096,-0.2562084905316997,-0.5467795735455507,0.4224262183067404,0.9061217734603169,-0.6263082142777291,-0.5669773904018368,1.2598544760207906,-1.2110552310706744,0.3188157288985824,-0.39492989124931593,-0.4998692663444418,0.38369431873997095,1.2908360042365132,-0.4548286117857582,0.1190120860793094,-0.06679245081943921
2014-10-23,1.528811212887566,0.49316372778713197,0.2504533589677778,-0.1886074890386316,-0.6054555064909188,-0.2503019000717603,-1.4853964472479821,0.39706294367602085,-0.47065613668257705,0.6759728785602144,-1.6522159643766465,-0.45468123176635195,-0.2645482889964873,-0.03201335574291106,0.09814402877986428,0.4473638898066609,-0.32895645844243354,-0.06679245081943921,-0.10014229719629972
2014-10-24,-0.9943504433785559,0.5571289410304606,0.7950541578806494,-0.09572296998041567,-0.5972533247145574,-0.3202438552527475,0.921913527242462,0.01273889555159367,-0.1762792544500838,0.4275048230848885,-0.5896300647807651,-0.9040019142151481,0.5535674038081123,-0.13391732883217358,-0.7388807079949705,0.14289303882481488,-0.03163957137092175,-0.10014229719629972,-0.5318288666010618
2014-10-25,2.084067492265033,0.630566208708779,0.19301266805509049,0.0965907224404105,-0.5771152780299575,-0.337709578070715,0.2713407131830345,-0.46716718348639585,-0.10977551511974774,0.537245526317568,-0.4329288439527922,-0.6180751833836854,1.2154262535381761,1.0485063722329764,-0.6133984799796297,-0.25136695705982876,-0.5966786891885439,-0.5318288666010618,-0.6464540536081747
2014-10-26,-1.2278235249300826,0.2790939951615507,-1.2904618696644663,0.2185560031791285,-0.549560428654134,-0.897022378554682,-1.3479381040853464,0.8370841609570497,0.3886440221753271,1.0874862000523513,0.08141547922589401,0.6026950944072914,2.0087087467886198,0.6981941685477377,0.3646890803442839,-0.4226051902317843,0.1357268538601155,-0.6464540536081747,-0.02407847773768926
2014-10-27,-0.10658237089524786,-0.12611956208860062,-1.5944438247506747,0.2694811022043783,-0.4663481862790937,-0.22721606361562502,1.574143061955407,-0.6236276088861992,0.7033867085677676,0.8072192037710166,0.46925885911923015,1.304692275117982,1.1156249308149964,-0.19582288042763338,0.03237221861896412,-0.6323494894326344,0.5523632384851149,-0.02407847773768926,-0.15331812366723038
2014-10-28,0.851991338525258,-0.44003872453254883,-0.4369820814582143,0.34615785930496046,-0.4252243377446683,1.2672112711679142,0.19099205511848633,-0.05556173362654064,0.677018442216648,0.14772335174310675,1.355995944910845,0.16730103368912524,0.4514257726622968,-0.31332331261707963,-1.241442824158105,-0.9606860737296262,-0.1364085678025636,-0.15331812366723038,-0.8311957862043243
2014-10-29,0.3673883236240446,-0.6200581263713915,1.157250719555418,0.3945371555595182,-0.3729624324880824,1.3190067837672257,-1.750624671927081,0.7187580580780283,-0.2646245685521091,-0.7849145183428351,-0.8773187496901997,-1.1949581247074315,0.9545195720263191,0.9181970732547449,-0.7495739062262522,-0.9118808200087216,-0.8949966004889538,-0.8311957862043243,-0.7887592001460545
2014-10-30,-0.8921379076414602,-0.6447819450380061,1.4837488123195177,0.4263765589690343,-0.3267219780988389,-0.8244978324890393,0.30366794745611664,-1.1615526364865094,-0.3639819743587372,-0.8981911042489152,-0.9280013979173811,-0.8081184027909917,0.5563089825909152,0.2128585581965525,-0.4159801417817169,-0.758251371641185,-0.2557404196148729,-0.7887592001460545,-1.1192369837432958
2014-10-31,-0.7534386924800024,-0.4991397735154845,0.7595620481873754,0.44016088052004754,-0.2585335700662272,-1.8714925615621172,-0.08427304802989656,1.3558887041350534,0.023646552762076216,0.08071640500085633,-1.524290179599268,-0.19588954945863887,-1.3454218304633179,0.012207488037369978,-0.0734877033574512,-0.741693947249076,-0.38821435526669057,-1.1192369837432958,-0.8962111039842994
2014-11-01,1.8350694664959162,-0.15471494785637963,-0.9582774972437433,0.44362322114212877,-0.1722558919439993,-0.025908696312804545,1.0597655672091058,-1.3464401642832922,0.4868981680980772,0.22128542578820212,0.1693145043073786,0.7916442305215168,-1.1180159130238974,-0.01624523046815043,0.2464388074817934,-0.7637847764133846,0.5432515869822883,-0.8962111039842994,-1.207066930839258
2014-11-02,-1.7672136122791329,0.22293899943845177,-1.96733441904523,0.5062435375677066,-0.052759523349590026,2.073542231659085,0.4928193570492435,1.0898152578882536,0.2648650550250031,-1.0060973890077274,0.19807786963512988,-0.22618779200574207,-1.0208440222695907,0.24332919747274945,-0.16691083532519127,-0.8036011311755008,-0.08877259910994616,-1.207066930839258,-1.1510985105927223
2014-11-03,0.7588709502827454,0.47327574878553935,1.0265507691592222,0.5038313864477311,0.08151753316115891,0.7781265665450311,-1.1365033748076434,-0.5336652201725521,-0.40461734442886865,-1.8802740883757758,-0.6608614333148742,-1.7291618606403454,-1.4369989597706387,0.24454865412736335,-1.0634102986799547,-0.8827146134490748,-0.3063905544450913,-1.1510985105927223,-1.0469281018205412
2014-11-04,-0.06876721536871391,0.6074044433878261,2.110324789442188,0.4561742618149053,0.19067526038922938,-1.715879175754435,-1.2774252407182771,-0.13033091299006402,-1.035949736897144,-2.0608272615490812,-1.5406145653109182,-1.232667601282389,-1.4275890574347474,-1.2581228518490608,-0.901756228748465,-1.1519096173015604,-0.1755370704455829,-1.0469281018205412,0.18706988814551226
2014-11-05,-0.9224043523089718,0.5379492239797249,0.13578460575216117,0.33647049343549434,1.445621884272292,-1.4374433415585464,0.8595753170124163,0.5426674395684304,-0.8285203219931648,-1.402574153104196,-1.0224107248878682,-0.2977967601403076,-0.9398564356930784,-0.2727672272234321,-0.284418110154073,-1.2509375564554674,1.3432953705746684,0.18706988814551226,1.0776465297722693
2014-11-06,1.138172528555753,0.2173553503574141,-1.716197882003467,0.36180253164358545,1.31577816676923,1.702485673278887,1.2301063130980843,-0.5632777163950106,-0.20875088695716365,0.15195273239774362,0.9900790194530175,0.6022438853383705,-0.16214409828936927,-0.48544745602848294,0.38615342121098184,-1.1806250816974133,0.9491267032574285,1.0776465297722693,1.4629233499045229
2014-11-07,-0.5211987035340258,-0.3103407433929806,-1.407024009454073,0.3550037938516276,1.1253867587472417,1.6183282426213133,-0.36909752758868,0.5196600207015044,0.0744878731629346,0.26333103308486966,0.9684651340189024,-0.13227320691508726,0.032615857079429024,-0.4153545490618476,0.37848112123078714,-1.0482983498496679,0.9804694972280533,1.4629233499045229,0.7807371458215312
2014-11-08,-0.343437825697401,-0.6762210481547257,1.0277832901558757,0.3896503898602218,0.9134884293434435,-1.1509072342924882,-0.3125028753462754,-0.557520795298371,0.6743439119712125,0.19621501254799634,-0.009211689918105866,0.5852657243570701,-0.2360415841894678,0.3304397956802894,-0.5103997557374005,-1.209652161939037,-0.5291631719147555,0.7807371458215312,1.5656882468012316
2014-11-09,0.6867376351859287,-1.069203681470343,0.7885683502604742,0.2930852013199786,0.5937900160733973,-1.5470266941411077,0.00827944392745649,0.8188697476547052,0.6282383740247308,1.102844359777216,-0.6116314328195227,-0.37614267659810274,-0.43785467529050925,0.43698225338543417,-0.40656382244346584,-1.1511644019563585,0.8080020613916106,1.5656882468012316,1.0717523621010523
2014-11-10,-0.6761873737664985,-1.323620143863094,-0.1870566309656809,0.2431007851549395,0.35559433986647593,0.3010878201871517,1.3420646179052165,-1.124677079818918,0.7838820976176157,0.8201338768500919,-0.5402996977164077,0.23733624645131784,0.19130803145385875,0.2754075026909393,-0.30881254836485206,-0.9944224707904664,-0.28012027161687564,1.0717523621010523,1.954798137918149
2014-11-11,0.23320717912495773,-1.4702759938161103,-0.0864929560654574,0.2625077593498796,0.2109798576564971,1.2237181562261086,-1.0671806580552003,1.151912965261656,1.1046899993415362,0.6383384271782513,-0.3256923765627139,0.19148992742967022,-0.5531794338454572,0.7352416605316114,0.4133581194673617,-0.7674042977210342,0.25538607156925225,1.954798137918149,1.1323176677392248
2014-11-12,1.0871375987929968,-1.3936534426657643,0.09158496254288907,0.2767654436362314,0.07059369536756359,-0.5905833016457038,-1.0050489090209647,-1.0297210570370232,1.2328206929628518,0.5124849205927111,-0.3105989215585454,-0.3364468173097303,-0.3505051025131922,-0.11127675739983615,2.0278253687893772,-0.10629510407003254,-0.42215214982778543,1.1323176677392248,1.7081742850325374
2014-11-13,-1.5800519594482965,-1.1486222980027436,-0.35327687457931,0.2612424313078772,-0.05530856881469896,-1.2756698634915342,1.0855469173648338,0.8847674068839646,0.8815874529132233,0.9923131129464305,0.0021876700719521297,0.11144374718024315,0.6052846869788925,-0.22654463107396436,0.7351705066655158,0.14950775301183392,0.8521520696260986,1.7081742850325374,1.5675201214080121
2014-11-14,0.5947952476762409,-0.7502974567455182,-1.128746271576981,0.26504802164566155,-0.18390424953856785,0.7746572157213558,-0.36034889217712773,-0.7014121256037961,0.8463664004846497,0.6349595646272402,0.8165562231595216,-0.693981312630759,2.023798694496864,-0.03341622317061138,-0.09427409545699007,0.06063737556391791,-0.4007473563509516,1.5675201214080121,1.6706530867290783
2014-11-15,1.6228742005347012,-0.16748711155364368,-0.9115653546760327,0.26996476964380706,-0.27330426765466337,1.535388830510446,-0.0654553976938612,0.48086880710865354,0.8480812063857187,-0.009716148444393597,-0.10710666065767106,0.11242415169972184,0.8217325615039962,-1.1016910316684805,-1.0039128078050135,-0.08686535633548968,-0.4949046571254295,1.6706530867290783,0.5430047863972312
2014-11-16,-1.8745206960693321,0.6278526608608272,0.19112357045240302,0.25903979337912064,-0.40271449067651993,-0.26286010286657663,0.5926277518363837,-0.2318485709373037,0.3585593238663488,-0.3200219649041975,-1.0260941090953277,0.3947720335092592,-0.5594476002153742,-1.2565214662461262,0.041247032041375926,0.11037738595543889,-0.46892325176251115,0.5430047863972312,0.49097023247145666
2014-11-17,0.22647007800546792,1.4570103286911513,1.1225099053854375,0.2786482745350668,-0.5194520948758328,-1.122015241905651,0.06987974173853931,0.07422367892217932,-0.8136283494997134,0.7190945497130073,-1.4786216611921776,-0.11280026219453099,-1.7576417301393543,-0.5887807332451495,0.6946647772992645,0.4253309511131886,-0.3107542504367485,0.49097023247145666,0.7008491967527678
2014-11-18,0.907250279103586,1.9042071204834217,2.397962939771383,0.2566731493777045,-0.6996130813459274,-0.35124177987624294,-0.14090655353287287,0.06954597427679339,-1.7616057427843947,0.8837006789270389,-1.2303550542869242,-0.23244069486716756,-0.9957209704650211,1.3183599996994664,-0.9426421456061936,0.2346336132773577,0.05492279790088178,0.7008491967527678,0.42485553249127156
2014-11-19,-0.9447530690189729,2.199595966087301,0.8509732913950051,0.2003604205009972,-0.8552882703786664,0.386357939333288,-1.385197477107321,-0.313167754121802,-1.7571980186400418,0.1265048051955181,0.6367166347906695,-0.3632198708544394,-0.9889443498571229,2.3537147416848567,-0.21290819333044678,0.13862394140128373,-0.48909714579740315,0.42485553249127156,0.537872641789209
2014-11-20,0.44586666270480013,1.8632154527093254,-1.3259775783899217,0.09902915791934765,-0.9984540527676445,-0.13947222329125034,-0.34631995754888,0.8686429559510848,-1.5040289657403116,0.41338644517675854,1.0806988512194864,0.74820337895704,1.052248463033637,-0.07865178708956022,0.7690186716143763,0.16748102927682548,-0.02937602091485906,0.537872641789209,0.008892014927755642
2014-11-21,0.6632101353063917,1.3827728009122715,-1.1334927170617541,0.03139107853362621,-1.1056931125699454,-0.14017283610451156,1.9912509286450417,-1.526579475878615,-0.9135267074299465,0.5232578167003894,0.8760850330558524,1.2968537308281984,1.692965065099187,-1.4342908314647842,-0.23231749467709847,0.18991374717244583,-0.4185981516668284,0.008892014927755642,0.1375328563585451
2014-11-22,-1.28950316091528,0.8591482772613326,-0.9113482256737766,-0.03632277149651842,-1.1540726659632112,0.574491041006494,-0.026107229617338707,1.740660204652814,-0.6264086454574006,-0.13422984799915003,-0.5090368539631588,0.7443181783869722,0.07782287518697827,-1.02800135173688,-0.8859152468167969,0.08288707693714512,0.11974748638092182,0.1375328563585451,-0.004291968395973148
2014-11-23,0.6802222546391058,0.38649155420564424,-0.5105396150214283,-0.18475248088690777,-1.1351382552852083,0.7859254479825138,-0.6017905179799533,-1.4803433077165369,-0.4031110508948899,1.4769983654604992,-0.23625347958427914,-0.268136884004441,-0.6680241063917249,-0.8346780455098243,0.2522915225338602,0.15106205754243357,-0.19403954038269633,-0.004291968395973148,-0.25139888124001036
2014-11-24,1.018227384074537,-0.11136566231123708,1.2968989247632283,-0.24416088649559833,-0.9243688896690769,0.3035555265224916,0.3560286580390598,0.9827911779801144,-0.8485121224142038,2.105848650310858,0.6655771674407785,-0.2372839384056765,-0.6447092948350474,-0.5797482107651558,-0.11695689839669571,0.08613235512626212,-0.5971929724078758,-0.25139888124001036,-0.5222691394782683
2014-11-25,-1.3921360126169013,-0.627848100636175,0.9818308150856542,-0.3204589687573942,-0.7922117056444651,-0.882415058269262,-1.0580304872663413,-0.41371332361078167,-1.5723106373973066,1.7138252943188312,-0.6432396281775113,-0.20770339992514172,0.11422038172209095,0.6689179006185989,-0.9988115423115741,-0.33130341064295843,-0.41223703166208603,-0.5222691394782683,-0.6544151451311987
2014-11-26,-0.14830111545557031,-1.0346897035546871,-0.6629804831792028,-0.35779825731999976,-0.6180655390906862,-1.9165254795907611,-1.0452250090343556,-0.258994458333493,-1.6780294097544477,1.5743685571873176,-0.02198790295524239,0.48496554625776955,-0.4053459769321006,0.19167289616940947,-0.575067159868181,-0.5331781407872311,-0.34197843408759715,-0.6544151451311987,-0.41797925559870686
2014-11-27,0.7721519042267256,-1.0907946476995902,-1.871417544017823,-0.40846309035466255,-0.4568622750009579,-0.9943014461500602,0.7582954193966503,1.0585628968471752,-0.942167932880349,-0.1137679466777431,1.2806224151977028,0.5923340772351592,-1.1268670812090626,0.09536022662593574,-0.47197400410996027,-0.569307680466521,0.37424470815977795,-0.41797925559870686,-0.684723481793141
2014-11-28,0.05476549233099859,-0.9391158119849142,-1.3013644796629855,-0.45878663911716766,-0.36823464474902645,2.1231410919879354,2.369395522944097,-1.780211544009784,-0.06335238182210967,0.31853480472751844,1.3655893172922597,0.36296385601383624,-1.4254313772065952,-0.8420913032697542,-0.47555110750159524,-0.5044512423745513,-0.3922362020377142,-0.684723481793141,-0.7013812434848906
2014-11-29,-0.5221758136828373,-0.7573759864212464,1.272910158893292,-0.4849043975229819,-0.20389134364918138,2.5145986009848973,-0.6024523455990128,1.9818046184898426,0.37566679755948473,-0.2787473835337499,-1.673322437055573,-1.2885668226993825,-0.7015788184759315,-1.7472931945444212,-1.0161861610436276,-0.6158933008463479,-0.08029447000427925,-0.7013812434848906,-0.8540247389683081
2014-11-30,-0.45435060897664675,-0.618661678503452,1.4828112189234535,-0.5015839637300927,-0.04130988292284114,0.39079773216894115,-1.926054093916802,-1.424371440708083,-0.15964066524121956,-0.0975060724251543,-2.3713040175487454,-1.457107207208899,-1.3504340918580484,-0.8326952508440679,-0.6553477676761216,-0.7253703109362063,-0.45926420344839003,-0.8540247389683081,-0.7747765538082162
2014-12-01,0.895322477309587,-0.5330010354531421,0.1312071037805279,-0.5009432920172339,0.06629818402998836,-2.7299979764284314,-0.9025428806338318,0.46010339860258803,-1.1412068092806906,0.028358333104981443,-1.5418027873492366,-1.3194474067536817,-1.8656275676668788,0.8593573188483676,0.10365084402746179,-0.6077195713991247,0.8844373937945449,-0.7747765538082162,-0.7098756355653106
2014-12-02,0.17601596774398873,-0.48128086650939944,-0.31426065342411946,-0.5050350419796735,0.22321448350752507,-2.203544034692918,1.5524931814399672,0.42345118384076946,-1.6863145430421804,-0.1450106558980971,-0.7719598650300874,-0.372401336579398,-1.2958082159579503,0.5477845153553259,-0.1580016767412442,-0.5951191013291576,0.06757634911573611,-0.7098756355653106,-0.7780688449274569
2014-12-03,-0.5356279068192938,-0.3451116508822526,0.7423222242018259,-0.4994476786214002,0.3823472079194217,0.8750665509123501,1.9578382785004587,-1.006954343521784,-1.3808903209590648,-0.2880102341637344,-0.12604212601290993,0.2831890147078591,-0.23919921657376225,0.42387289766878306,-0.2510409932498686,-0.6879832921683054,-0.6555774903715363,-0.7780688449274569,-0.7197254911286798
2014-12-04,0.10932124588727525,-0.20675075144363408,1.2279763513924586,-0.5071657528504198,0.5582213392737807,2.2954562003564942,-1.2045651121633336,1.0387174173151923,-0.7666463369205068,-0.18034053583494994,0.4637949783709765,0.3948392737313281,-1.1303531460427367,0.4349482057268199,-0.5575412217070363,-0.7545950743309239,-0.30884515073594226,-0.7197254911286798,-0.6912407858152838
2014-12-05,-0.23739370027519283,-0.10506442364070952,0.2204302463114353,-0.48819938913530475,0.7169199971375336,1.9007348484564799,-1.6838946297889406,-0.3700643555694297,-0.06294698270014835,-0.47028211137403425,1.2538078870845917,1.2728644138266492,-0.8813990654286693,0.5276959307090233,-0.5587891853047241,-0.6706261239262586,0.3630966209626435,-0.6912407858152838,-0.5560210801493919
2014-12-06,0.8603167057554684,-0.016851871898859425,-0.6160173581557513,-0.463294206734234,1.0904701087165338,-1.4564022502489473,-0.4605937502904163,-0.28230092649429367,0.3266177651401959,-1.3199349699701932,0.8117630054438078,1.1459666815187186,-0.31700030458835304,1.133493185895006,-0.28322696552329113,-0.7357816157856313,0.948205634294494,-0.5560210801493919,0.016453393479426256
2014-12-07,-0.8294038960854656,0.16629972573280974,-0.3655199494403276,-0.2020197605940363,1.732313082023083,-1.7926987713369267,1.1540668779535068,0.40373767396790233,0.39500035089494523,-0.6132737318920917,0.9776496101012808,1.449710041633462,0.7094558821573532,0.9492668016834007,0.6597958389468519,-0.6694676137286606,1.3901460881412235,0.016453393479426256,0.08522663844151576
2014-12-08,-0.6396661599491934,0.3898318218785477,-0.028825091015416016,-0.13121405667249472,1.7729175097502239,0.5286534187951644,2.275507405487642,-0.3187119693458883,0.9827481668589986,-0.1368989759125795,1.0910224644073714,1.741976411841252,2.4617781417810725,0.9361915322954202,-0.046273508421369174,-0.5021738883752515,0.1114696046909549,0.08522663844151576,0.14797264402909346
2014-12-09,0.29920618025105905,0.9764601434899601,0.14517666607942176,-0.06022120568189681,1.7367486919349835,1.471466074114879,-0.9662401602815914,0.0891476891631107,1.6510560235749507,-0.49864490951707463,0.6171337426739355,0.28847521764319733,2.0082804398773595,1.0751639689793264,0.7765604317066455,-0.3900113772165367,0.18251304602875634,0.14797264402909346,0.3160886773252359
2014-12-10,0.6406764813062769,1.3415987132196108,-1.021985578667506,0.018391738722152395,1.6525350403346812,-0.22695521895257,-2.062633798339452,0.37232646328225866,1.9490189072854132,-0.9898077088525676,-0.6715373961984162,-1.4325596821085609,0.12617141305885082,0.35849509608723057,2.3904992725628937,-0.09645890982383665,0.4445546792822292,0.3160886773252359,1.28116191331921
2014-12-11,-0.7782789265903661,1.2976621314825156,-2.5337694290828594,0.12070311888812682,1.5070227895782122,-0.28263669725719387,1.3066347281316208,-0.6771252339096414,1.5775341070476636,-0.6276552864233551,-1.5842555364001556,-1.9762923809461523,-1.2661144602959644,0.3323632982869656,2.21554439471717,0.24610439146954208,2.271882531683197,1.28116191331921,2.548535108523818
2014-12-12,1.0289667976413406,1.0414338274870576,-0.5616920247456997,0.17739930233264983,1.3950347191621157,1.272085368508939,0.8937113160961845,0.5940833776940938,0.635458791667264,0.43338117625130373,-0.6806243430235356,-0.9161487094113705,-1.60171032552815,0.3059685082461662,2.5715105320894676,0.5847547743818401,2.197083734277397,2.548535108523818,2.300192603097578
2014-12-13,-1.3131667644137623,0.4804109533945208,1.7152382115556641,0.23902893193807645,1.2507871838640343,0.24201285081291896,-1.575653063616045,-0.3400754817015758,0.012640461046774394,0.17647267062863012,-1.1040120610512298,-0.5264087949326071,-0.634561644658838,-0.5554044168250405,0.09455617995070117,0.7270710790845422,-1.0347656093027064,2.300192603097578,2.0895304586271815
2014-12-14,-0.12971657657178123,-0.2912422507372307,0.13636006516670637,0.28758292590565004,1.0814899758820449,-1.5018292391445762,1.102217272720536,0.08050956820338415,0.648975916664699,0.8040832430060614,-0.5351612636928529,0.9669060158117733,-1.1308434606766262,-0.3007682552822496,0.45730313963107766,0.804752407759851,0.47225916699217096,2.0895304586271815,2.4507022359992514
2014-12-15,1.898924216374294,-0.9482455747782167,-0.9932679024659394,0.3154295848620274,0.941906777368658,-1.6917427624133907,1.3350728198995478,0.10497132518730946,1.5242197292692041,0.4244236197755171,1.3046617439864894,1.1282941314155515,-0.6297013073045716,0.23230482310737868,1.2585287258465048,1.0163355790779975,-0.010515167504279563,2.4507022359992514,3.0451480644324964
2014-12-16,-1.7633576877803545,-1.3001347859143835,-0.31685860326782594,0.3403350576329174,0.6963820625583796,1.239966360038614,-0.9889914208670817,-0.18955017116558526,1.533649772909946,0.8757334085353433,-0.15581653177929505,-0.15787644571190015,-0.17212299261299158,0.5373507102983133,-0.17726942061938122,1.0768522962951523,2.5859419298621997,3.0451480644324964,2.790834283602313
2014-12-17,-0.7779528234095885,-1.4118949011072432,0.7300399889093597,0.31611135405206964,0.4390369613192731,2.1466786590969837,-1.1391134684671627,0.21029096986643908,1.4281061735445006,0.5751867993567575,-0.7935907616542964,-0.6522404978741259,-0.09885765942070401,-0.13679687123278175,-0.2894327596235562,1.2308221477167864,-1.1710317098443004,2.790834283602313,2.5225184684706354
2014-12-18,0.32758610763256457,-1.2020602368858817,0.7882383621942939,0.3339981658805697,0.09479249352884718,-0.06590261813221202,-0.39200428821965894,-0.14339897757392508,1.011549929871254,0.30472553767700944,-1.032518615693253,-0.43998690913795063,-0.5481151080909819,-0.5765960817402194,-0.9658759101431256,1.1400859105829895,-0.9267006696890677,2.5225184684706354,1.8722021904868709
2014-12-19,2.6793070015024316,-0.3354525206733361,-0.4429086477723788,0.4455720029100393,-0.38457243851578593,-1.7354870748591662,1.3329762751613168,0.054627238220419524,0.18436437702530895,-0.09062804602226363,-0.002410126079753655,0.8073555257639269,-0.9070753093152918,-0.12133633459253232,-1.2571343031584474,1.0585928901258628,-0.5032234976233564,1.8722021904868709,1.4968204526283473
2014-12-20,-2.3383562266958537,0.5783247869169388,-0.20791546232971633,0.37876834691239675,-0.7405392634836984,-1.7842504047190397,0.6306786063143073,0.06091267930308193,0.05729702568888826,0.6922682428706353,0.35449964065586886,0.3842983579788835,-0.2679687764001232,-0.008435440383945633,-1.1243305649407387,0.82267814306279,-0.7438016592531895,1.4968204526283473,2.6713104972018393
2014-12-21,-0.5571228787954607,0.9906468198067596,1.0703263980849356,0.37355791164209173,-1.0653226319455449,0.7435230295020275,-1.1016634625305655,-0.2169290004215396,0.15304075974577486,0.8318552910611404,0.3922554425731055,0.7836365488439665,-0.10527779296038096,-0.935507579916647,-0.7461833877368445,0.8936339337052815,1.4271100289597247,2.6713104972018393,2.159093495203613
2014-12-22,1.8220342275905534,1.1776469050544998,0.4618860712677371,0.3739674051971765,-1.2744157608603304,1.8741386650959915,-0.5628933190919928,0.36314221790517937,-0.21640217930018893,1.1984568501974562,0.5313905993679355,-0.16025276953933462,-0.27720107939332483,-0.7112981917243634,-0.8781146191199891,0.717175957730794,-1.7911058944277674,2.159093495203613,2.5064600091283773
2014-12-23,-0.018668154883162678,1.1224688520655575,-0.8739959817461743,0.3624221242760051,-1.429742257586683,1.2736611947823242,-0.0371716692756313,-0.4381822656340905,-0.7376433895143266,1.120661691711985,-0.2659134641443393,-0.3134713338463209,-1.6939665436166225,-1.043254840477333,-1.3465828403428375,0.0853972828514329,-0.5300338099935656,2.5064600091283773,2.240887899377938
2014-12-24,-1.3143926480010921,0.7988128472190892,1.1076343647579785,0.34801979560512836,-1.5136065779613392,-1.3972982588035017,0.5488989560930295,0.492149354071939,-0.9196539870133602,1.602028820278748,-1.1597016860596612,0.9682633272992383,-1.1521195330168925,-1.1164498826401166,-1.251364814512594,-0.7344092892946787,-1.0048624490089442,2.240887899377938,1.496398310327608
2014-12-25,-0.47683182145703534,0.21873775419238428,0.5616781166042562,0.4019287194012412,-1.542415463844468,-1.9749701892264575,-0.1108847711080337,-0.1937576669100355,-0.8619122073207979,-0.4111880799293704,0.20081855618975242,1.6658238867573862,-1.537835350521242,-1.1518241504770037,-1.147604657958413,-1.2314455294221212,-0.8614909130056524,1.496398310327608,1.1584987306740444
2014-12-26,1.3078975424134303,-0.4409804749848143,-0.5987686733203421,0.410872092062778,-1.52053048012266,-0.11296197416154907,0.8623219294369893,-0.04291652999124592,-0.31661355012561027,-0.8250510300328706,0.10844578141671003,-0.46267194489529906,-0.6573011831020985,-0.23384228273369687,-1.4670873505488582,-1.3599854728919942,-0.5964823654107866,1.1584987306740444,0.5094417113297971
2014-12-27,1.2691719310783969,-0.957667590618169,0.09787688750003225,0.40288450046062385,-1.5042832895534761,1.2419499551074449,0.7021910267664425,0.21914569901982697,-0.792940831175782,-0.15607239451846955,-0.7995287210759511,-1.0081707182314694,-0.6197410180101136,0.24003260561934578,-1.2515821649863965,-1.524410722596872,-1.0763168716149305,0.5094417113297971,0.3230623630047966
2014-12-28,-1.6162144992953829,-1.2658531785810965,-0.6183097394845628,0.4298010423514431,-1.4663540635868844,1.7239845537742908,-1.9324611080881913,-0.4654509654815811,-1.2030962697661165,0.22942105688715264,-1.0518344570219278,-0.6350052217615914,0.27582762484742324,-0.7875460738871036,-1.2546812874748057,-1.7861291695969086,-0.34104964386088377,0.3230623630047966,0.28303624176131137
2014-12-29,-0.2685034919967623,-1.3592300140436533,-2.1158779694767222,0.38498885314887865,-1.4028645628352745,-0.09017818523951059,-0.5854761358846386,0.791713003912045,-0.5746763598794677,-0.01732929501396604,0.09728363166106595,-0.38202230550512456,-1.1251917720135745,-0.35537538582966693,-1.119545296378738,-2.0147962763131337,-0.2779890623592299,0.28303624176131137,0.2521046328750889
2014-12-30,1.982431176163815,-1.3299006595402028,-1.3486309959907392,0.35315463556745363,-1.3101519194028746,-1.7560697046530114,2.523228229954293,-1.0468567189264053,0.03737602454583442,0.7339632053612929,0.8625992855177985,0.10037659834758537,-1.4559689872134685,-0.3664160987214841,-1.2152351190725164,-2.1726662250315267,-0.15620394354816278,0.2521046328750889,1.0403368252177958
2014-12-31,0.11789831273732654,-1.1159692460904338,-0.590232740712627,0.2860378458570325,-1.2102392716776267,-0.9929344205225876,-0.31043888600431047,0.9973606092979791,-0.1706794204931289,0.20530951700755412,-0.06253521791102004,0.16278244742066628,-0.6806221638163024,0.0691024283820269,0.242370354127211,-2.0533607146754305,1.5634383414673663,1.0403368252177958,0.691181540844136
2015-01-01,-1.1813085816712219,-0.8078744000293799,0.9582763764770931,0.21531560466567845,-1.1356307064060116,0.47500349737468694,-1.305860229225324,-0.787597245259695,-0.010550514203576868,0.35456754064127055,-0.02757025573029829,-0.4748895432166818,-0.06304802140147264,0.25822592960392066,-0.4280391314345447,-1.9312882793263613,-0.41061352328721273,0.9415174271158441,-0.41491434222183876
2015-01-02,-0.06732287890590555,-0.4282620644115778,1.178555859700666,0.19731963786097653,-0.9764615314542221,2.2116972736034946,0.74560889916205,0.5087006367109568,-0.4951709637205485,0.30533270066974383,-0.8601829518235478,-0.9345021570201713,-1.3627246715091266,0.018758784425250415,-0.8075309587487705,-1.8421202808626465,-1.4232411233614735,-0.41491434222183876,-0.18898234691769827
2015-01-03,0.8259608851751069,-0.18727754362791602,0.12175124564326258,0.13691582251593906,-0.8000255260356742,1.0766862002688187,0.08369517064520501,-0.12289525626660174,-1.9048635134774405,0.47504141379228515,-1.5239381348626246,-1.2322343321069824,-1.559182810921064,-0.7228187170211542,-1.111927730414018,-1.9136421392699978,0.888019051960952,-0.18898234691769827,0.001430691774508841
2015-01-04,0.1261856574333285,0.30995759789164323,0.39030488644269457,0.08458716883358997,-0.6017538375624332,-1.704075090697609,-0.9720562430354373,-0.08250262098981753,-2.436743642023265,0.7330670906191333,-1.222835371282176,-0.3566262355152318,-0.8442569761824614,-0.3616829654326271,-1.2247915172562522,-2.0914146906819666,0.6317487470692073,0.001430691774508841,0.08384609957246236
2015-01-05,-0.9875755184807353,0.7323501842812414,1.1030711887137765,0.19721111429372273,-0.3541063519737092,-1.6350772444238333,-0.08780348772682008,-0.0034425834253851667,-1.9916270704024917,-0.1788911632967621,-0.6209977375040928,0.24172741444014875,-0.8425974813807172,-0.3590852545901332,-0.9483631498154642,-2.0412787341938943,0.2713947936275584,0.08384609957246236,-0.1579001185351881
2015-01-06,0.005290950611866566,1.1000287828068525,0.2761834221022638,0.13766195993883104,-0.11716455577699073,0.17546554683184712,1.08389974884532,0.3343328362976657,-1.3693352180892484,-0.38393842210634105,0.5164098448176945,-0.6158068154795435,-0.9010787049699255,-0.8814295989105214,-0.8700181366949948,-1.8664394473363446,-0.3716419818720142,-0.1579001185351881,-0.02653919619328833
2015-01-07,1.053087060762593,1.3763282746938343,0.6365485589942502,0.05842456798598891,0.11232901463557571,1.3507141798740214,-0.06158546710224847,-0.7640129019557605,-1.3018157021073562,-0.038734931986521275,-0.24627519982342946,-1.1538827616871015,0.24319136497216476,-0.0940705204465742,-1.3447897621493201,-1.839192348663313,0.378068799806822,-0.02653919619328833,-0.13168140813296783
2015-01-08,-0.1526787144936608,1.5009676487116994,0.8587903570235436,-0.4259907954775683,-0.2893499494338681,0.703885843575522,-0.925127051079828,0.9825847011223233,-1.0611019533533312,-0.5973687252905754,-1.4869018446954805,-0.7278917962415776,-0.018328284131657935,-1.3414919138985733,-1.2311783870645914,-1.6914124570036844,-0.2677453951396458,-0.13168140813296783,-0.23508642711869318
2015-01-09,-0.6218437458910524,1.4855482885814564,0.10551322872215878,-0.5884996338945246,-0.2299818926587739,0.023912721968685612,0.14530813860755779,-0.6003043066967503,-0.3498715803485194,-0.015985788451491383,-1.0265805733674311,-1.3751444222925406,0.0074332264002624935,-1.0634637554688442,-0.8821781591593125,-1.521678582050565,-0.30581029014958916,-0.23508642711869318,-0.2702806746544641
2015-01-10,0.24025864033612798,1.296464703907609,-0.43484097054301335,-0.7036191888000991,-0.12866504559274453,-0.11646396685149224,0.5464211220513796,0.26087488060269304,-0.5735949439335947,-0.24225611742760744,-1.4450416159595272,-1.4595599789125335,-0.025605314842621164,0.12393053806051943,-0.9218826723547652,-1.4095472025365074,-0.236468114327061,-0.2702806746544641,-0.31360124317020316
2015-01-11,0.191534217770847,1.0349193837026482,0.5708802564681653,-0.8458959240720143,-0.04461511137974727,-0.7489739727169484,-0.21674842532902336,-0.05660308440776025,-0.7574876953324932,-0.024611620035918776,-1.6690293933402318,-1.3380316065682654,0.34577587690152733,0.7600041855906343,0.8348456845503343,-1.2774032877364592,-0.09037591471905555,-0.31360124317020316,-0.2654358498180443
2015-01-12,0.01027326329668796,0.6891008557146339,0.7387310288006383,-0.9847693799150313,-0.0008855433821358739,-0.7670368381204129,-0.1619914920584695,0.12121321576866442,-1.4970443436805292,0.6109147045172079,-1.4575817699596023,-0.5235849922965736,-0.373169924104296,0.22681440766470695,-0.9686809265888748,-1.2647222812407837,0.21026129639820587,-0.2654358498180443,-0.15262273913254387
2015-01-13,0.09368697568854299,0.27099462568783284,0.41353826384015135,-1.1102724057103044,0.09370123121525564,0.3852897341339841,-1.2316769856371257,-0.33262615216329405,-1.9315288142496174,0.913842666544299,-0.993743670262219,0.3169791096011014,-0.8012263600924544,1.5890806351279447,-0.6563688888432867,-1.2878473526303098,0.3607774208275021,-0.15262273913254387,-0.11965873523490861
2015-01-14,-0.4077775281082088,-0.07881499802048472,0.5185536179526606,-1.2118990497171456,0.1830190814430444,1.1663127486435925,0.19595419409024853,0.5750713480020532,-1.2838097137410798,0.3810631855012743,0.2523067628427095,0.4653765121413451,-0.308417921784967,0.7981180585774452,0.20975767277600485,-1.2462836601437512,0.0809775239697272,-0.11965873523490861,0.10809901757204937
2015-01-15,0.02727051405579082,-0.3600554010589616,-0.5513657075429006,-1.272076356730178,0.2673485765725446,0.5629736258064774,1.4964885533141306,-0.5956413410056647,-0.6260590758561706,0.20881919271692287,0.7153083832822406,0.3483541670019215,-0.10146276589691326,0.4598361398592495,-0.4448920225306866,-1.2184560649781002,0.4046576317238524,0.10809901757204937,0.011676317728966074
2015-01-16,0.46928137552777444,-0.5089297679988172,-0.8830326156098978,-1.3891025092630673,0.3538554299886524,-0.8361749069644645,-1.4531370270136583,0.19639030911582583,-0.15428122534027308,-0.2696961191058421,0.17479756404271835,0.8115273071854184,-0.32841017201112854,0.4353269620315708,0.3310199124824529,-1.076139175014518,-0.16437381433578857,0.011676317728966074,0.004068409772066767
2015-01-17,-0.22445927007151906,-0.5858256050692702,-0.016530986311664667,-1.2854393414851562,0.43311883277313634,-1.2994045785350221,0.718680001376898,0.3556928229508591,0.9270667762837315,-1.28643921160652,-0.21537880728509715,-0.2269498425139873,-0.1582831008188698,1.060635074925757,0.1785452019074665,-0.8778632125980932,-0.01261779550472674,0.004068409772066767,-0.15116960876383953
2015-01-18,-0.022001495894771236,-0.6460160587049071,-0.36755774714110945,-0.9631414014063258,0.4957889488008286,-0.26095928300197757,0.2218243637026026,-0.8175460812773181,1.2858805986517754,-0.4469215129874062,0.04594211935771797,-0.4784873684161117,-0.8380578756179126,2.3233299885009226,1.250340821442232,-0.6452097199694008,-0.27907934685277613,-0.15116960876383953,-0.260811128928531
2015-01-19,-0.5469540363488853,-0.7154088855157074,-0.6416802415172297,-0.7361404904440021,0.5730424131882673,1.4814636930319087,-2.7553793348597786,1.1470097365403848,0.930753986062625,-0.46564112740205604,-0.22560428991481526,-0.45983542209115175,-0.9172231976113476,1.1750993231591536,1.086910858478405,-0.4298684236894774,-0.33037072608877543,-0.260811128928531,0.23302490773420556
2015-01-20,0.8073132201668703,-0.9241740140586835,0.44097336434273976,-0.6540941838274401,0.6470653557440129,1.6304465633001768,0.6816445111907607,-1.2731111490398521,1.0287335956357904,0.19588105071412792,-0.6775853852319217,-0.33593724272987324,-1.0103007261079853,1.345508104704995,-0.3049353987222115,-0.3304799919808975,0.6019289167072865,0.23302490773420556,0.035867102407087965
2015-01-21,0.47660777193404064,-0.9865872378738152,0.5355615635486969,-0.45239762891554697,0.9745857310070994,-1.3676863066165337,0.9409827378293272,1.1389997855926801,0.16990008569005507,0.2196556911891072,-0.531561253097389,0.5174734657726631,-1.057587232675812,0.612663695147319,0.015544667410570584,-0.09300487587280468,-0.2651805563629483,0.035867102407087965,0.10902402664356875
2015-01-22,-1.9006824725036275,-1.0460875177948665,-1.3425456335909656,-0.21631031809226603,1.0018443089274576,-2.207782087572858,1.6912239251538714,-0.9991187441212457,0.4157324815871438,-0.7075824473636676,0.7940547006369216,1.190902427634236,-0.7256217573386565,0.9106301501248456,2.116961749147496,0.37245980204906026,0.17556563518024398,0.10902402664356875,-0.11080284514310912
2015-01-23,1.239820131427533,-1.0828006460274362,-1.781585066441555,-0.021227778938681198,1.0269810671936221,0.7658267802971235,-0.5142744702993762,0.9770061480099432,0.5433407517463407,0.0678283623263641,0.9257535229150589,0.9114102766953913,-1.2623443814689883,1.7098649806132658,1.9174861453149088,0.856732288451703,-0.30162403042757996,-0.11080284514310912,0.10258256191007445
2015-01-24,0.6419443984346285,-1.057226327852993,-1.2094579635183555,0.21813538238058727,1.0031781461235474,2.109620425220427,-1.1114185043811668,-0.9619701932155703,0.23492033846335808,1.2146673824575784,0.291944504723485,0.6817244122570136,-1.014420993074556,1.3470415235872806,0.7838977966947261,0.8566732476766925,0.4967424445775637,0.10258256191007445,0.10873593934680859
2015-01-25,-1.1837158546982098,-0.762229223591791,1.1991626273593392,0.4446345258642395,0.9514904513714918,0.3274244660872787,-0.20681268520478174,0.9271559626124711,0.2212102186071696,0.8487068539653962,-0.6182642936543621,0.9270312273350019,-0.1087438858447486,1.4823647569921403,0.5850699808374209,0.9814092862184745,0.046308203770314346,0.10873593934680859,0.09866445196685111
2015-01-26,0.4540864306650064,-0.1631768881056726,2.022047157784907,0.6764149699884184,0.88477028823964,-1.4371476796837899,0.6843084536234002,-0.8502541919012112,0.35394149517420614,0.8515035175212348,-0.6823186735399522,0.22122609795349518,1.1900647120874734,-0.9284124379819875,-0.26234472787233754,1.1221508397879014,-0.0683203907484261,0.09866445196685111,0.2646197561316885
2015-01-27,0.4727585241018228,0.5701799564196063,1.619202078361009,0.7570379540723466,0.7842156492081277,-1.4366856751102022,0.16624785863569025,0.6079618364738325,0.43449486728922404,-0.18183957906748896,-1.1476942177318916,-0.787322153540678,0.7089625550462797,0.24941313286922537,-0.6574087449777619,1.041409910271023,0.3642888379305412,0.2646197561316885,0.16301389116305137
2015-01-28,-0.7748497587878579,1.0875151851247795,-0.36536358271649516,0.9533131665864439,0.6924906247878324,0.5117007461000512,-0.813379231415543,-0.05241289687315627,1.6684357033213717,-0.517903313448107,-0.5829773252873073,-0.6339546142852651,-0.3071201518929397,0.8290163129402337,-0.021502471719367037,1.168008864281962,-0.07431967035369591,0.16301389116305137,0.30566308166137485
2015-01-29,0.5738791718108246,1.2822219738704799,0.5004944606711365,1.0717482731861967,0.6345587825813869,1.3074601822246696,1.4944626781660788,-0.6491282979735593,1.3316000240983192,-0.9418624395699359,-0.3065835817502089,-0.5309488888908944,-1.3343658365887565,0.2482290636900776,-0.23562391696030435,1.088430298559103,0.2595442878717684,0.30566308166137485,0.20814838070119573
2015-01-30,0.06571944847155027,1.1607259646156927,0.35797468059000376,1.2276082262348977,0.5134045533054994,0.5975876115015006,-0.024490886309458518,0.8494454154943177,0.5279660817635172,-1.275566719319613,-1.1319204312621982,-1.684245350762053,-1.792410329733342,-0.1393980929792186,-0.6961176599408269,0.8786685123715049,-0.10248962116174105,0.20814838070119573,0.33549135803948293
2015-01-31,-0.06904293588499953,0.8577502453910121,-1.9776376543179255,1.391898973618542,0.4395244710514862,-0.605168035577348,-1.1750950544339251,-0.5721591940844596,0.18759111752531832,-1.2959168489773871,-2.0045165858936382,-1.0873727592359368,-1.589715373103341,1.1543537636895889,0.773007436997496,0.7978863796019757,0.18802537006234343,0.33549135803948293,0.18608298857635888
2015-02-01,0.06802393463950124,0.4469425956385658,-1.1257478325070096,1.469756982451028,0.31187777774378383,-1.1081836567831829,0.679511074947221,-0.027702845313346287,0.6422287911587892,-0.6114417384097903,-0.7544752672620306,-0.6078789579254762,-0.6817024428514654,1.8933191310448756,1.2587256060439347,0.8832838579575019,-0.11894463883742272,0.18608298857635888,0.1681070343759532
2015-02-02,-0.11718271879810756,0.035998346392783626,-0.0531321891590912,1.4655166653408895,0.19910472623779263,-0.3034085656995814,0.04267062213504256,0.5010515445767482,-0.22584371462564992,1.0939019554807372,-0.9295394310696502,-1.1690313043199625,-1.5199920037843142,1.2202902504832047,1.7913852289695409,1.1953190000452187,-0.0700061273992991,0.1681070343759532,0.2957389026366492
2015-02-03,0.03621243585154555,-0.39729608914477,-0.045511883262404663,1.4246065729331137,0.13213081937401056,0.378941268031475,-0.4711055522863972,-0.9706719006716409,-0.7991104194337431,0.6829965733302548,-1.5864667152753973,-0.5505196082660664,-1.377995561657895,0.761298320263711,0.6435792332059845,1.2307526274697986,0.35188022119104245,0.2957389026366492,0.59861127777946
2015-02-04,-0.3044102023965914,-0.6400873080657651,1.2022230782099013,1.3157679305809642,0.04102945805903532,0.2646776813088468,0.47658283725518147,0.9526366435039477,-0.7077535724598926,0.19663253571949887,-0.33616048142334665,0.5794891438140578,-1.2622018925115286,1.4793110070362105,0.47389646210703,0.9466137185304887,0.5788127388316657,0.59861127777946,0.4740340354979777
2015-02-05,1.2389172346949822,-0.39316952672056393,1.1430168574551651,1.1623564488816456,-0.05023419121064115,0.45478483814610543,0.575303096667975,-0.46195093392064157,-0.8884149606037073,1.3278858274526162,0.17902653243547098,0.39347095717391,-0.8618737301999637,0.8589511260972,-0.28127476546033986,0.547700343885749,-0.6398090095305647,0.4740340354979777,0.23252795466604043
2015-02-06,-1.6284667868676401,0.06177585345279845,0.0953428730467191,0.9001376989693515,-0.1515326310623081,0.40531597169282124,-0.5681254713497879,-0.2166789652458403,-0.8357267201826647,0.28603655845234255,-0.5084201567365576,1.1532539587847839,-1.6764323097486635,1.4961072861711333,-0.14035627962157876,0.4110991556856571,-0.49112692204304875,0.23252795466604043,0.260207162577513
2015-02-07,0.6290931728484893,0.4120694905447726,0.13667778133097905,0.7001695834916036,-0.24499884260943666,-0.7503192077412596,-0.7933130132896342,0.8476850888536488,0.5585029191401513,-0.4552292824587858,1.2849394078210616,0.6486356526484104,-0.9142732652426935,-0.3784052086115134,1.3024130653867287,0.5921777539516216,0.083295549855099,0.260207162577513,0.11248005316075177
2015-02-08,0.3437726705743605,0.6667826268866371,-0.8761183172087446,0.4728529994453099,-0.39188249157851346,-0.774553680988496,0.7896406317658597,-1.0333047281419088,1.2824790985960994,0.1259542466873273,1.05790568669095,0.8189218485550488,-1.2520234495578475,-0.31781607371997184,1.5249108585840283,0.7825945127379624,-0.23458389296501178,0.11248005316075177,0.22737303568980055
2015-02-09,-0.4912742438931211,0.8898092892601012,-1.8646026902713837,0.06415212864979111,0.11089879284558449,0.5462570972455909,0.7714490514451655,0.7843462327144191,1.0384640692302363,1.8954530074722538,0.6182780310603598,0.7344172641612056,0.02632109699096746,0.21603946688073725,0.8288127894032633,0.9023785303605081,0.47222002965192705,0.22737303568980055,0.6172428763997065
2015-02-10,0.7031890027339791,0.9941972672772766,-1.0373394162797824,-0.06173933210305342,0.1828861634764496,0.9797297886731062,-0.39638472484097304,-0.5262274083441261,1.5967346990844622,2.2453048447230226,0.5173842670358588,1.822674453778238,0.7233563483636274,0.558661032855204,0.7437885066922815,0.9991792643458447,0.4038787916063585,0.6172428763997065,0.05639242484612553
2015-02-11,-0.8608298989568927,0.37200464988974297,0.8136029990382341,-0.19225762813449343,0.21879986484090386,-0.6890195097360037,-1.6248656607557297,0.1441259586456546,2.6932870891555623,-0.7592180898173514,1.8987612659948685,2.037993831600108,0.2502843955924233,0.13991495096733547,0.07241337808230837,1.0322061274849537,-0.27361931430091685,0.05639242484612553,-0.009271900945698762
2015-02-12,0.35989947767296127,-0.19927274840282735,0.1353036767762492,-0.3087389177275305,0.2831303416976181,-1.2523335646508857,0.7683599846681879,0.31237929304937767,2.7237052232160193,-1.0180665633995807,1.1733081058735673,1.723562931854714,0.2788537293910983,1.3030417927981524,-0.22279317187432301,1.0776689950803173,-0.2925055643205321,-0.009271900945698762,0.2574844037195707
2015-02-13,0.01763962505556381,-0.7975151760453758,1.2006602270328988,-0.4329687862679092,0.4040772544553442,-0.70850623632008,1.7922784036587949,-0.6480340759776477,2.210189733906113,-0.5808901979163171,0.1947248127193096,0.418449245491074,-0.5672265045042257,1.8711419043301993,-0.21020300728691538,0.964944418516333,0.18062013421128675,0.2574844037195707,0.018337114140781836
2015-02-14,1.1901000198653642,-1.258587935494137,1.775837320581044,-0.5414499009893591,0.4326596964381472,0.8036352916664788,-0.17409057421537913,0.9139855806737917,1.7234287747094716,-1.1159427859429847,-0.487236217355325,-1.1826883903857432,-0.8665098807103182,2.380254480584271,0.9782499045961744,0.9250621398321311,-0.2817208700108048,0.018337114140781836,0.08781604095078382
2015-02-15,-2.112786968477736,-1.598271158779366,1.242088042039214,-0.6461937147044244,0.43791829827796025,1.272006463884849,-1.117045981803991,-0.9904013112558643,1.317409571960968,-1.819893386920597,-1.3634741285057896,-1.8132449719157946,-0.9356700074370725,1.9414595211422696,-0.010536900710153499,0.7216468853921425,0.10739145481680891,0.08781604095078382,0.1647172293731047
2015-02-16,2.3022934592546878,-1.9338402942578425,-0.1359867039134924,-0.7448363632774258,0.4224083013682266,0.48303151405929795,-1.0247269639476537,0.798462555324272,1.3313579349957785,-0.905543281557995,-1.1827613904529692,-1.9797363651091096,-1.3222474520367573,0.883947485212847,-0.3738547010158379,0.6136026615584135,0.1832813973551004,0.1647172293731047,0.14132950811806164
2015-02-17,-0.042443402859854915,-2.1300801782768874,-0.5460763764921451,-0.7969979664873601,0.35058828517303126,-0.9343942445443337,1.2747166089388122,-0.6480914313239666,-0.48008870346174926,1.6446930123811314,-1.4842475710288414,-1.4177058886806215,-2.4042862297976306,1.2011186673615466,-0.7746267008374388,0.44178075312841114,-0.13647685298281773,0.14132950811806164,0.10477318514533623
2015-02-18,-1.1169783680101204,-2.064224569202277,0.7710754139150475,-0.8437027902573252,0.3122072891913292,-1.3737881055968453,0.7122558930334552,0.68378108062806,-1.3057453250960087,1.92698923829558,-1.6740165292477842,0.1815347921555268,-0.32036528771090883,0.8179677263361794,-1.0679329367051789,0.3448707576236897,-0.14700879033852998,0.10477318514533623,0.03836334965982298
2015-02-19,0.5121849636241813,-1.515171090946971,-0.22900738859265088,-0.8931769386179866,0.24355050434109218,0.304584999191548,-0.44902472651550285,-0.956550396790835,-0.8492539147166807,0.33261131877992123,-0.021831562824951033,1.1270515834313282,-0.46437639896228605,-0.26975049005717544,-0.5760510110988374,0.30527184330780166,-0.16997579114896377,0.03836334965982298,-0.1896356159131817
2015-02-20,-1.3265525723883316,-0.3865680594950783,-1.8792128676499977,-0.9064448050541405,0.1937765138231909,1.2677724133635122,0.365708007586574,1.2937397500060936,0.9260420505945763,-1.0250802991672283,0.6067313938206736,0.7527095021503615,-0.8342538597637963,-0.8461491261564091,-0.8056637897593295,-0.028289915234933,-0.34238965879135297,-0.1896356159131817,-0.194926600566276
2015-02-21,2.9772150132216817,0.7622728367079241,-1.0718642045102147,-0.8218876381617484,0.11827201945451724,0.23045133469625878,-0.12721948586765988,-1.6621348026299325,1.2269861778278635,-0.9788788891751271,0.4104529718384956,0.14972003691784094,-0.36803924199950355,-2.1829151890433955,-0.11727496114600339,-0.2012602540727435,0.06971186628990395,-0.194926600566276,0.06841412714340857
2015-02-22,-2.213108143958401,1.5697701750744808,-0.45642251711753046,-0.7595112528564317,0.003940500081765838,-0.47939174842099735,-0.9046544942586957,1.9379251443842451,-0.1498666498746173,-0.35180564304662515,-0.5384495414433429,-0.565812265091282,-0.3888826023852247,-2.65033494499247,-0.9830111628172638,-0.4708880467856074,0.805057372281034,0.06841412714340857,-0.07879731840236644
2015-02-23,0.19566215211701862,2.0279980134462408,1.753796450932719,-0.7122183943194973,-0.07650761044885376,0.37550881224454963,0.7326376741659212,-1.8559599798720854,-1.2539221059257857,-0.9276094004283473,-1.1706258393051092,-0.9403801526857211,-0.27631009960977587,-0.9166434197684352,-0.7743132127805858,-0.7169968527242934,-0.28016776290675727,-0.07879731840236644,-0.22493079504972063
2015-02-24,0.6328268721059472,2.300314849606734,2.0279317448606173,-0.6424913973251332,-0.1660331209282653,0.21352172042503773,1.1558813257258365,1.4968887005322158,-0.8871907172053959,-0.6828938052793593,-1.127103001759505,-1.2067739056139333,-0.4887206322395424,-0.7193284791586982,-0.9800051315851528,-0.9603792758136567,-0.38359227291815323,-0.22493079504972063,-0.28341439058140167
2015-02-25,0.5847004371162964,2.2308965771918765,0.3317533489148799,-0.5927962137292374,-0.2665759338903932,-0.7467884713680635,-1.576025260653108,-0.8553746359902866,-0.13952105029100736,0.7910717545365628,-0.29650832268074095,0.3805730757745194,1.1331783339234496,0.18675180061304822,-0.3103666801274107,-1.0021432108867605,-0.31978950387185057,-0.28341439058140167,-0.32343337159103747
2015-02-26,-0.7157163545813024,1.8014271544718934,-1.1275602311239514,-0.5417877692855676,-0.3720087880760878,-0.968620609532358,-0.5670726043824961,0.27130485529254106,-0.2335739013736766,1.6093553179361182,0.4460099069611657,0.5815581094524094,1.2147084335101692,0.307631285788284,0.03273168837872041,-0.851505390292345,-0.026067002134485664,-0.32343337159103747,-0.02735670289923744
2015-02-27,-0.9378403828989241,1.1618376874262015,-1.5550230258912219,-0.520514889541404,-0.4096393892064856,0.7957573720465174,1.0703339092015323,-0.1272509562661629,-0.697608914347574,0.5195959669345414,0.6200962945270326,-0.009062441732856532,0.3550822346308369,0.15638853530693042,-0.5409463045484365,-0.9887738875812253,0.8033771206564577,-0.02735670289923744,-0.2176807246952347
2015-02-28,1.7705098031024722,0.49490478069411775,-0.32359573803371366,-0.4279161645291733,-0.44746448350416645,1.469432732490288,0.691712926664344,0.4400331324914039,-1.065770929605729,-0.2534117871002109,1.4626573823997011,0.3591040432947223,-0.19092690935360293,0.6420856031757591,-0.1863305342262902,-1.0547535625124422,-0.5663963411355364,-0.2176807246952347,-0.1500089439436589
2015-03-01,0.7668786929200659,-0.09298418974496772,0.1639844328716346,-0.3039236727825493,-0.4297805381269572,-0.6299188849044273,0.36717105294166535,-0.29157555563793935,-1.3497145799140913,-0.8882207899964354,1.3191959543391445,0.5053946505074136,-0.19776072326475766,1.0034276658772707,0.1625999873030749,-0.9612947887993946,0.0870489095558263,-0.18036291034036725,-0.14440462259762235
2015-03-02,-2.1456029080334513,-0.3541297527783515,-0.17036524190033236,-0.07630161756458217,-0.37937656527924807,-2.2171550528588244,-1.4154477619265282,0.41333257004494645,-1.390188498552584,-1.046464646508745,0.6140231353686691,0.19176894113713214,-0.38527729476790373,-0.26628752822089163,0.9185770858563007,-0.6387668956397516,0.03200926465712232,-0.14440462259762235,-0.1708692794964709
2015-03-03,2.003296737603415,-0.16794740428640395,-0.9048944601283704,0.012913718994373536,-0.3784409080505803,-0.2340206627916033,-0.6077292408247451,-0.24812909552187862,-0.5729855509933254,-1.1086334111982363,0.011441902590212494,-0.7694469354359809,-0.30452740498467307,-1.2226874939705124,0.016515545165465436,-0.4570560312304216,-0.12939910199303067,-0.1708692794964709,-0.2412024971435853
2015-03-04,-1.4196285086386258,0.148512740281524,-0.6705134044076333,-0.04083700164532405,-0.35331131641965524,1.9880079793547296,1.2443361331240508,0.032711044184451754,-0.3368096165084503,-0.03702591784635384,-0.5460605659382295,-1.300004154186107,0.17429841227743248,-0.6796702745660713,-0.583318549383071,-0.4549772169461449,-0.35082198619047805,-0.2412024971435853,-0.21397558795512966
2015-03-05,0.23016759172828358,0.3624952322795439,0.3857581315657339,0.024491577060563194,-0.3210276322500534,1.217293057512607,0.8062262344173045,0.1485126466244021,-1.2224294709811396,0.6144717659778921,-1.6538684125351537,-0.333768455056941,0.7757628229787752,-0.8961268448911935,-0.5574726385757731,-0.41655375397859784,0.22074620683083568,-0.21397558795512966,-0.23455857854313988
2015-03-06,0.44052879677981577,0.45956932532462996,0.5788808964582343,0.025747514599839018,-0.2524933246935579,-1.2557689823180131,-0.38240870801690396,-0.21466185830766993,-1.7264337071572473,0.09220350647996797,-0.48777706098108203,0.10785704518496529,0.6930321222201263,-0.9359761042889171,0.41907886408030603,-0.36925285352975135,0.09884939092606662,-0.23455857854313988,-0.20608036859177203
2015-03-07,-1.0063931632709122,0.3103924632640827,0.34134851239381975,0.12745278679424804,-0.2429227092631924,-1.083695245511855,-1.067045043327574,0.13609510743674344,-1.2803041677220084,-0.13641557830793322,0.0696429723594137,0.12083125650397816,-0.4751062815177731,-1.1042677372622183,0.5856639922870394,-0.18188646466358352,-0.12087152926447912,-0.20608036859177203,-0.3004153515804141
2015-03-08,0.002367149102348437,-0.10650761087517785,0.6249887939562374,0.1282319040066656,-0.20377182006060038,0.32310857137138244,-0.0502989757438875,-0.07079358656945507,-0.9326274235040808,-0.4833704004255004,0.1999906321328161,-0.5046048174179535,-1.536467418061096,-1.4306346617655048,0.7185931737379019,-0.0015160309057352913,-0.08017177038068742,-0.3004153515804141,-0.4045841518903531
2015-03-09,0.731549452069535,-0.7506723462412139,0.7816550361472094,0.1478249714107477,-0.1091968852595419,0.31557629679870075,0.347567158099989,0.10649005448954894,-1.312152919249821,-0.34666162981097143,-1.0513453183451342,-1.4303517694023238,-2.0356093259386068,-1.7618247706519659,-0.559392225943368,0.026357533913078962,-0.25458422903990746,-0.4045841518903531,-0.7114009824401346
2015-03-10,-0.23889338658249998,-1.347990102890556,0.22498664417150918,0.16028363944819768,-0.05421613398405973,0.25544951625096235,0.3187313480130942,-0.2565277027007618,-2.1259460251133717,0.8115582294070603,-0.8642621144482475,-0.9739180502076887,-1.3237470367057125,-0.3856593250584356,-0.43516392017078387,-0.01643263221323827,-0.39930980016525164,-0.7114009824401346,-0.6609830988629256
2015-03-11,-0.5184063087478407,-1.79310876649082,-0.0015326464225482843,0.1772672033296825,0.010463166812893245,1.0912764188213497,0.6240422915874793,0.4066323501668897,-2.5094271143925915,0.7507467726010636,-0.2599062933316692,0.009264342040179122,-1.581383661613835,-0.22213700834831926,-0.404462612024283,-0.07132164905042578,-0.3740447345227462,-0.6609830988629256,-0.5994618521861376
2015-03-12,0.26454742130490594,-1.9520988683923954,0.19860254402823552,0.2184631605118589,0.009086770121518775,0.23601716756173496,-0.6661736028523934,-0.4521257851754191,-2.4482365438501534,0.07505611360685102,0.20754541047345232,-0.022835142684381252,-2.070362191916232,0.5430124828114302,1.490474107619484,0.11352611660442549,0.7154438787625035,-0.5994618521861376,-0.5352479106919606
2015-03-13,0.23781832777041095,-1.9113098282798675,0.9052087478128237,-0.46005216420888856,1.465217181752623,-1.3569236472479027,-0.466048683886574,0.23650636314341458,-1.8072194555053234,-0.3354595367727973,0.46720495710132975,0.3462553365383849,-1.3438285452718777,-0.709264646080129,-0.4113155128009107,0.13525959110310126,0.5316830390995849,-0.5352479106919606,-0.5814607969243955
2015-03-14,-0.4606025709630128,-1.451869168252462,0.9294011587132016,-0.18456607290461438,1.4609894295905737,-1.8139279544769142,0.4138177160071836,-0.06250182793175123,-1.4986866668162704,-0.11067673738961706,0.6616605608430045,-0.3134806563705182,-1.828114947680544,-1.1901175670067492,1.488803942900736,0.332390600687873,-0.07585041445382153,-0.5814607969243955,-0.8515313782155619
2015-03-15,0.6755897376788603,-0.3231165773997222,0.7122873663533152,0.12764926999241588,1.50443630662486,0.8697747742825918,0.21635666334027226,0.15962421631462728,-1.463571325490113,0.10145298282939898,0.5306053845259755,-0.03473922478021069,-1.2718782323655635,-1.197432315394827,0.6293567717107755,0.31151592161519587,-0.5171145968723108,-0.8515313782155619,-0.5619920773214185
2015-03-16,-0.844397647200798,0.0787590758617208,0.19850097073176604,0.5457703524991505,1.2857000616341787,1.9139707775557493,-0.2679114206628534,-0.632036401493677,-1.4766089590362923,-0.8152678108642387,0.7289688791816827,-0.00464014760699788,-0.6524116153466014,-1.0155099641346226,0.47055213391964473,0.37228097571953345,0.7621532514227533,-0.5619920773214185,-0.607601946265948
2015-03-17,0.4467861281026332,0.2759160336150974,0.3950107776229604,0.9248552952375011,0.5780301185968304,0.5990745058482516,0.45804650039786154,1.3129362219327907,0.3742372625552183,-0.5672674325461975,0.45136223672972364,-0.342228161743067,-0.9163383004535247,-0.9339645706772675,0.5853161701085676,0.558408234080135,-0.1696001248281239,-0.607601946265948,-0.6560888241958679
2015-03-18,0.7346181339889104,0.2941210824813243,-0.672870327917444,1.497857111159758,0.26381125472291755,-0.37946888120474936,-0.19910904756560857,-1.808740943533412,1.2693016185020798,-0.1951964840306791,0.06346280507938461,-0.2554102622741264,-0.316990642940402,-0.888607677330681,-0.7230842788998312,0.43940339732195804,-0.41618432617500206,-0.6560888241958679,-0.8064883667728536
2015-03-19,-0.8494588576477841,0.2275124257280929,-1.5842029921840906,2.042656499296625,-0.053078669139100886,-0.4530580484710646,-1.1451357917228309,1.8962886300398538,0.5582564558144386,-0.1631867064090101,-0.8051116334238646,0.15045052220671862,1.78280282127009,-0.58585541705661,0.1739495314009378,0.38019157480899574,-0.38041819389636733,-0.8064883667728536,-0.22240892446873914
2015-03-20,0.19266432689108848,0.08616190613620751,-1.6470746190334145,2.4076104396584013,-0.2129830158043678,-0.7100056310475192,0.6923007059197509,-1.4852769467570472,0.7961687548428736,-0.19562505578560505,-0.7570007114947801,0.9473317589560245,1.3164852167137637,-0.21749108473960416,0.4726284873234579,0.3705697883395576,1.0133927421645585,-0.22240892446873914,0.16307571466074652
2015-03-21,-0.047494048402169114,-0.09413268054898608,-1.116926832825552,2.5623224468481474,-0.40988765839092667,-0.8717063853886096,0.6119082830672466,0.7413793721972152,1.100287182202226,-0.3281327260208492,0.020330598561613362,0.894003537549326,-0.286991035081418,0.039529800215873705,0.994779065168231,0.40869200968687547,0.654189005735997,0.16307571466074652,0.8729757435488967
2015-03-22,0.7131032198036585,-0.23551588720770902,-0.5154394303794749,2.560902612871684,-0.5595221113727183,0.16507758042226583,1.012944500077543,-0.24670948591866507,1.2648015103191277,-0.029764219182680005,-0.25257202864016903,1.0312609649666822,-0.277320294408278,-0.3736429050429393,1.052004859232052,0.6468095405709499,0.9108925251286439,0.8729757435488967,0.031183861270418424
2015-03-23,-0.5480518227105039,-0.07535767014689661,0.016309036757750948,2.342394824822888,-0.5854198313207571,1.3910880539091819,-0.20370073738217195,0.3764977068317069,1.2923608818533863,0.3239611814705238,-0.4700060986697258,0.7662639018598658,1.425584580387694,-0.39984755480903,-0.8271401563301992,0.5848913187759551,-0.7760377728461532,0.031183861270418424,-0.32936898983662377
2015-03-24,-0.8188971066590128,0.13538211357040605,-0.1414438639765193,2.2587740416300917,-0.6791275919129401,0.9781636853304561,-1.710707560745195,-1.0537703226426316,1.2913038235445649,0.08622382118286934,-0.34134685175077134,0.551384022767468,1.663180825066209,-1.8302805238711544,-0.7430166450883706,0.48291344911100653,-1.0979539532436002,-0.32936898983662377,-0.4259010982471214
2015-03-25,1.3712485667128167,0.26106527002410207,0.7330694453477745,2.0918614597579013,-0.7728293585026423,-0.8667974936656868,-0.8574454722486672,1.477941813464827,1.1693904657502883,-0.28091913157720455,0.19284279227316486,0.6538137207742422,0.3583697931386997,-0.9226316183625991,-0.75920267125874,0.24608441737947692,-0.23587356190306225,-0.4259010982471214,-0.578168446455099
2015-03-26,-0.6556164280338665,0.37135368393132206,1.8733351020225808,1.984166146585786,-0.8345807302448124,-1.7390420249853755,0.7635404616037478,-1.458535329893146,0.39902478998141516,0.13633118817135453,-0.056223350618030944,0.4751171834528163,0.7949991555226631,-1.1176063250906403,-1.0448323657085026,0.12614987552702842,-0.5745555843399225,-0.578168446455099,-0.3216299100306402
2015-03-27,-0.8076073473772367,0.4278470097252611,1.5824396979068003,1.8726217223533146,-0.8906180017137731,-0.0015700935505547672,2.7200770570141977,0.9162197833568693,-0.11985657336191405,1.4189365480310348,-0.47922982255456315,0.23419226709885224,0.7132045307021001,-1.2223211553999749,-1.000167473948653,-0.1336785485725651,0.8519184495559379,-0.3216299100306402,-0.5200102584991121
2015-03-28,0.8439563308053808,0.32259156354816537,1.1449050728808685,1.7345634341150256,-0.9051043870562344,1.6655282723149925,-0.47397633628771074,0.7265296413845413,-0.4417361033045973,0.7672996138218179,-0.45328280928671283,0.16199465277446187,-0.4183229893021675,-0.9800117067894107,-1.1822345903555265,-0.30534109901236567,-0.38006218749110937,-0.5200102584991121,-0.5485452459762274
2015-03-29,-1.169615568081031,-0.1278289905130383,0.12130243535417856,1.6119420466888548,-0.9475747967281708,0.8678818483471902,-1.909905341352322,-1.9065859902671538,-0.2435886549326232,0.1302358936664118,-0.08351096761811713,0.20598829145025607,-0.46357863987658837,-0.37992914834638397,1.4020022540327224,-0.22135635027655404,-0.17284472356321556,-0.5485452459762274,0.16030408841286825
2015-03-30,1.858493568526763,-0.8533312098301037,-1.0681652025763506,1.6773693577323143,-0.9853055704034912,-1.0960688903356073,-0.12109001703981015,2.2409111296190627,0.03242779785192524,-0.33807280247987664,0.8662362458373499,0.9487409634509893,-0.9576789651872178,-0.7740112052646522,0.8932016131151103,-0.20513700672035293,1.723591102714964,0.16030408841286825,-0.1178226483151639
2015-03-31,-0.389307395756573,-1.1694235592889224,-1.7902531511948947,1.5099365676689982,-0.9741331585612577,-1.0536308739317157,-0.14111085510778898,-2.368214008769804,0.4266879187333704,-0.10969510490994226,0.02775606824839346,0.46264608297282356,-1.3679761987158494,-0.9470796810107469,-0.6450579672314337,-0.1894612563209677,-0.6585255311626378,-0.1178226483151639,-0.004704462645706721
2015-04-01,-0.9357505788509247,-1.1678001842699959,-0.14686412574864297,1.3141013772437269,-0.9461881067697693,0.510167124823097,-0.24362921082584643,2.257383393971648,0.9448252569664857,-0.05856745748359091,0.19329634693310002,-0.024541012540442685,0.03715165220121321,-0.02946432356916775,-0.1884788624209266,-0.24586833647343936,0.1638966655390858,-0.004704462645706721,-0.26492386508575266
2015-04-02,1.1030984660377345,-0.9938531904496065,0.6499052598910691,1.0516641198222434,-0.8934761077950716,0.8258107048670977,1.4487301712560066,-0.6036630695581416,0.15175635644952407,-0.29068455655959224,-0.5569263242657168,-0.23030699091972298,1.8867054515584907,-0.539952672973731,-0.3399394146275746,-0.3600516670611426,-0.4368270658712049,-0.26492386508575266,-0.14937950309351225
2015-04-03,-0.15490786953263894,-0.6436412366819183,-0.5884437229993164,0.7132351211620991,-0.8212620932524045,-0.14190197506070312,0.9242477451877231,-0.7280737862474956,-0.07788889466375054,-0.2053023599349642,-0.961777518199954,-0.013211344527208995,0.6557352080402908,-0.19093258324934156,-0.019220387946755117,-0.5240897394214034,0.31586887974876326,-0.14937950309351225,2.049463607219334
2015-04-04,-0.15990218816390056,-0.1286407529332975,-0.25679637078686696,0.2612730879215176,-0.7242153628424536,-0.7233668842366958,-1.1473798445126204,0.9801831993915683,-0.6377937402564181,-0.8097370373038547,-0.494487126381277,-0.7317790238601695,-0.8869128334000124,1.4412994498889047,0.17797949521732523,-0.6870351290368479,3.2273712947357778,2.049463607219334,1.1868280323347513
2015-04-05,-0.4452790214260746,0.5368857542185137,0.008957387878115815,-0.2689226651804509,-0.5254205301847913,0.2311018246677885,-0.773514507171448,-0.5905953939820597,-0.22335959340358086,-1.243863061761152,-1.03288667252215,-1.214438991565009,-2.070032801099783,0.8824382849749208,0.867721648831785,-0.48543106167615047,-0.6660389094295995,1.1868280323347513,1.2164046202699415
2015-04-06,0.5985577850062863,1.1492941442844904,-0.8090672504907357,-0.815075345845226,-0.38665439515137323,0.7835652647242974,-0.6618382066357077,-0.012506653945046622,0.45927586098029277,-0.6869676132068006,-0.6100415866233476,-1.0963195369702345,-1.1831412170641282,0.3029721653392252,0.558354845560176,-0.26962516046645896,-0.21995299578076588,1.2164046202699415,0.7983588034711229
2015-04-07,0.12192654533638113,1.4842451338431202,-0.4689785501049571,-1.2865640409418682,-0.27007409216900363,-0.31958857758875103,0.32291455636860467,0.286313693803729,-0.23758712421860914,-0.41337928389206086,-0.9446221286031037,-0.8762433294078936,-0.5256179810408443,-0.7448555656862272,-0.37283560730597237,-0.19274661652664166,-0.6803096132599157,0.7983588034711229,0.4281338911949526
2015-04-08,-1.1400408720743886,1.4298042635820316,0.3549797788198766,-1.52990342775838,-0.13216614229812637,-1.2012060935581657,0.7059648810983068,-0.10958920705066555,-0.5610678329885127,-0.25690906652135564,-1.3596973903657334,-1.2122927877807614,-0.8055421843884139,-0.8803890167487451,0.031483559940850586,0.007607649855557992,-0.6890691560830852,0.4281338911949526,1.3404257759693272
2015-04-09,1.015207372890975,1.1952507644184474,0.4824919146848444,-1.7204214622904825,0.022654695418260942,-0.5091946509462747,1.0317734596844326,-0.4059518370465627,-0.7871951998016765,0.12354997476590036,-1.8355270576103375,-1.382281857993443,-0.680526562363209,0.25218822421900583,1.2748947388433114,0.3945978754064182,1.531425368254151,1.3404257759693272,0.8226228894480434
2015-04-10,-0.45168015585463955,0.9852157828455246,1.0392608278829225,-1.7957028403908188,0.0982116037121801,1.2041110747710728,-0.436551069729267,1.002413282686033,-1.4868896674376026,0.26511834852713706,-1.159497550418151,-1.137704885005167,-0.11057392927065121,0.7658232898826285,0.21849159813497432,0.5571329676266767,-1.1639710376580272,0.8226228894480434,0.10695717063186626
2015-04-11,-0.06668545622347619,0.673236118035756,0.9813442256728968,-1.8481537022797447,0.2401505292367489,1.4151268545790623,-1.1497925853011837,-1.2303044164687467,-1.880411201946211,0.4829231252882547,-1.239861865826478,-1.2356673903576258,0.23753792392670164,0.282164627502747,-0.4991819436752872,0.31833626121069225,-1.5629256068233317,0.10695717063186626,0.2434962066454561
2015-04-12,0.4642710732435579,0.2601246739766364,0.4046088184556389,-1.864388457304321,0.36628780521851956,-0.1507633791264859,-0.2402205720274519,1.0054993192407662,-2.0106701524915027,0.5885904794634753,-1.177093443554631,-0.3348135920891873,-0.7394414461955878,0.24492107617721562,0.3727052704907673,0.2742835975686823,0.3607940088688356,0.2434962066454561,0.40396538892021977
2015-04-13,0.07942007915190943,-0.1711353151277898,0.18805123715721236,-1.8384031785954307,0.5266703838987221,-1.3965769166879924,0.49868862690790267,-0.45955883238933537,-1.8158650725971266,0.47604036785901155,-0.49440701402795934,-0.6922228337419534,-1.0875076164459856,0.9417782298067001,-0.22803129133499878,0.3169592188645753,0.1600750464460905,0.40396538892021977,0.6384700543918544
2015-04-14,-1.3653124239389014,-0.2899696908293746,0.2681162637470897,-1.3562588290794384,-0.33979306687382427,-0.7543008950394756,0.49011244030033996,-0.48615299385710253,-1.5309979866676287,0.6018184751403167,-0.7417522050912536,0.34144303381413404,-0.9700334087658503,0.8085208244564216,-0.1934784693707536,0.29967425306711676,0.6324290810279218,0.6384700543918544,0.7588498671455056
2015-04-15,1.4088891338890763,-0.24891492237064938,-0.14487198772341542,-1.430093178388697,-0.26258404009001335,-0.4574834568513049,0.04181645886264307,1.1444915649146017,-1.3539293703365798,0.4923856685448392,0.6073770270762815,1.1661200704061119,0.4104910887505087,0.14811069132916782,0.49673287639660163,0.4208148331879252,0.4727875661414866,0.7588498671455056,0.2726059683588493
2015-04-16,-0.3656627029749321,-0.14983803870231793,-0.6168404569214487,-1.5038011950858927,-0.1867172800900627,0.7441169052225917,-0.8389539749849746,-1.2488904317180491,-1.249201493397494,0.4268704808770454,0.749372374921208,1.1442668284527604,0.5520729306066934,-0.9656151505943772,-0.01757399581018217,0.4117597644562143,-1.037741025549416,0.2726059683588493,1.9173019810187992
2015-04-17,-1.0998035497963743,-0.29212304097196073,-1.5134135535520132,-1.5576012272714856,-0.1201714418259749,0.6788902288817306,0.6294309380562544,0.6680659764038849,-1.118327215337312,0.7138793015879933,0.8550330332665417,1.3870635890403702,-0.2130477014368535,-0.859061533021759,0.613823150849558,0.46895522940912276,2.0118184333337834,1.9173019810187992,1.4636239506003281
2015-04-18,1.0097718866974221,-0.5640992767969973,-1.1399252020516386,-1.6162220423904283,-0.01799573262346189,1.8053533806912514,0.4693343471303551,0.2266120197862163,-0.6702676895722004,0.8669673319551412,1.5356983288316362,1.2581325409190018,-0.751805367995889,-1.159106429089708,0.8879228363397744,0.4845569161495854,-0.7680472649788015,1.4636239506003281,1.691904733625945
2015-04-19,0.054238490956670486,-1.130117748011867,-0.4494945786108282,-1.6304104029289783,0.018578438561237497,0.7257324346812204,-0.9861761568051738,-0.6716812835662251,-0.4970893048367445,1.0440977402344291,0.7754106246758079,0.5367535191543795,-0.5717694402787485,-1.7630488346648374,0.8265269398224082,0.5101818980351036,0.45607330829910925,1.691904733625945,1.4388966352040715
2015-04-20,-0.6922571986463206,-1.5485837822282684,0.44609982397097653,-1.6198847263993705,0.044178637406279184,-1.4586658594445205,0.279254464190746,0.8968080352511446,-0.97334329817221,2.0882823375041792,-0.7020452954921874,0.18872507210566195,-0.5161073669848991,-0.928796758202967,0.404160289727332,0.581318864284528,-0.575569944905293,1.4388966352040715,1.5761544340213338
2015-04-21,0.2976309289464925,-0.9726193086967356,0.966968225597164,-1.6078218781615081,0.053275434048618904,-2.270157178342349,0.33119686040495644,-1.1921611539559789,-1.0634881960467695,2.052604450083584,-0.302351413819413,0.8267652776910172,-0.9251956407541458,-0.9009911198805609,0.4999912367042513,0.6484855987959447,0.21813779543023631,1.5761544340213338,1.4048931539492515
2015-04-22,-0.6628501156698272,-0.5977533219548211,0.35837268390585325,-1.5263703071506527,0.053911479563961244,-0.45289922305133307,0.25940488088228403,1.4261591173012718,-0.88770748965037,0.4774318687012587,-0.40342009468891843,1.2085379541665648,-1.3645724054059207,0.5793175355403415,1.7573954190011942,0.6942127810586494,-0.5808177115551479,1.4048931539492515,0.8479496083019584
2015-04-23,1.188010663435517,-0.37468470394307263,0.5339789937027927,-1.399468813537407,0.04980721780608497,2.0153612173748874,-0.1654679499071796,-1.142396963524508,-0.5103349122136037,0.12790906495630142,-0.0054299859292310385,0.37822857293651424,-0.8313556802322992,-0.6666855437968429,-1.277489710336987,0.47286000325397726,-0.7408871832453554,0.8479496083019584,0.3298927359241015
2015-04-24,-0.8069178948348878,-0.21674511467698226,1.5748731153124926,-1.1987109305219141,-0.02583762234685364,1.490071858443385,-0.5957965130028182,0.7907183086998407,-0.3357536245578374,0.5041137056544402,0.06058882131071951,-0.05671665928277722,-0.9087101745190669,-0.471523789079124,-1.3549548417758803,0.38984033962961,-0.6769593665465771,0.3298927359241015,0.07929119865801033
2015-04-25,-0.07034661828665477,-0.12035179903181012,0.7656063578041223,-0.9658615925916404,-0.0305752208105418,-0.3429252830393684,-0.5425061064885203,-0.47444119832199577,-0.21265950010269083,0.2540848229904402,-0.7871580350571759,-0.46581367016259345,-0.5117467543615665,-0.374564537625994,-0.8315325138349322,0.21088390711879307,-0.4404215104864574,0.07929119865801033,-0.28793346360308203
2015-04-26,-0.062190892340188285,-0.0817541886728782,-1.5052819814197704,-0.727457289737434,-0.07350397594006185,-1.0449813259888352,1.1067944393371227,-0.00332906008151959,0.28784073501561114,0.2831596900416834,-0.23594871219455882,-0.03302546862950852,0.18585624845817483,0.753480802747093,-0.45909093844248117,0.13132415503160025,-0.4911599341033311,-0.28793346360308203,-0.38318358434937355
2015-04-27,1.2392944379440514,-0.23042152630332224,0.44702668368586634,-0.42859424228442,-0.06978376826646943,-1.0500851730075131,1.678970307838714,0.9129842997827419,0.45805763566298546,0.9984499555924832,0.10440628126434305,-0.46326829767816685,0.19663732572588744,1.370458653198765,-0.7433955170515336,0.06052003214030907,-0.4006660301890996,-0.38318358434937355,-0.791049112410426
2015-04-28,-1.2822655946570187,-0.4836793183213224,1.9429180980620613,-0.10164210038737623,-0.07212569214120312,-0.4154937284835149,-1.1856126704500745,-1.5492501220432724,-0.26265303330318057,1.787749239779936,-1.0525873171903481,-0.19681385592268716,-0.78368863964625,1.7695202425724408,-1.7362119432531544,-0.26593686250802945,-0.44489185796461894,-0.791049112410426,-1.0503526612615122
2015-04-29,0.6294699371166025,-0.6173058051853729,-0.19752728028511857,0.22261858641713345,-0.1700143946401531,0.821745142265118,-0.9022466253982373,1.7003231973080943,-0.25448851108226284,2.211423057776536,-0.4204911113347827,0.13280868875307397,-1.0381757854092435,0.9066060895375871,-1.5488077522036694,-0.46431546068261015,-0.20735905792996867,-1.0503526612615122,-1.264169499733998
2015-04-30,0.0025665652939535254,-0.6542887513084436,-1.871440044674078,0.5364598164138303,-0.17171859877520212,1.4535701757232116,0.3313141557470945,-1.627663094962193,0.38956654759312875,2.2681316382393435,0.5563752728177053,1.8882895891180644,-0.6904145788183981,-0.7417415334631389,-1.8232742428435806,-0.8417579663849554,-0.5330449413458184,-1.264169499733998,-1.328029089218361
2015-05-01,-0.6965897806282899,-0.5166118664623371,-1.5941878972203114,0.8538798771996753,-0.11346089702009389,-0.10509113404886432,-0.3436873333944053,1.3252616413253506,0.7543658217435089,1.3365049188076752,1.4466182671576837,1.6449838147624505,-1.0449475878589436,-1.0482026775665996,-0.7274464662627514,-1.2791178379023944,0.2428241040702911,-1.328029089218361,-1.3415039778364595
2015-05-02,1.720364733574659,-0.09233257250237104,-1.4107528198087664,1.091377977518554,-0.11426594011123345,-1.0232169398295032,1.7376554384717011,-0.6325852776447359,1.2499137442063446,0.31225703191532084,1.9589669946777852,0.5969320083341647,-0.8635440974766156,-0.302540377273163,-0.4218954098435558,-1.5808254733945086,-0.14937903317077675,-1.3415039778364595,-1.3076731571551254
2015-05-03,-1.440622895017346,0.6067118549170863,1.3468286629564326,1.2632654667720304,-0.08615790740388288,-0.40588104128169067,0.005379878171843539,-0.014987229191570275,1.1050476660656965,-0.29680123470418135,-0.811962033433418,-0.6915066411163268,-0.8057939471710545,-1.3570123597198052,-2.164080120254576,-2.0040952528075793,-0.19893677172660526,-1.3076731571551254,-1.3335128210827276
2015-05-04,-0.08754296520503702,1.253158243511549,1.6254086369031386,1.3873284270658917,-0.05437545581898116,0.5035971551063172,-2.3469890037760233,0.2752061850488231,0.16132951216148528,1.0151725832556904,-0.5703072555305763,-0.8673140901932624,0.28678757388369713,-0.8680063483274827,-1.4410719646723276,-2.5086651056901186,-0.21085649075309412,-1.3335128210827276,-1.613843866066263
2015-05-05,1.6602451576633845,1.5874139092109134,-0.9916494006106,1.4701089422565035,-0.058153384913756836,0.10488540694298412,1.1617973452292831,-0.04784862330065551,-0.7238315926913078,1.4640859226936032,-0.18074850254452374,-0.10634688029859699,-0.45611714469710213,-1.7664876981864586,-1.4880029476494043,-2.9071313639640093,-0.2465399449982612,-1.613843866066263,-1.6586214595197228
2015-05-06,-2.103160177444336,1.7462508289912215,-0.8827500817226536,1.5230724258095563,-0.009159671166391443,-0.5303115393655311,1.662221978586347,-0.53151243598398,-1.3833842315618166,1.8630910358454735,-1.8777791351576456,-0.9557923845259112,-1.8530628256847175,-1.239283000190204,-1.3430440918619582,-2.7078757786346035,-0.010561117031585783,-1.6586214595197228,-1.6479067663300302
2015-05-07,0.8976251903154451,1.734398269867435,0.030502414976083775,1.465560647560034,0.00860085175448221,0.165965395957014,-0.29200536906839764,0.8876234602342749,-1.4379752392111944,1.9961951166526553,-2.008976373819337,-0.22616857246533104,-2.1552905376658407,-1.1808379332013776,-1.836783926649131,-2.6631506719067533,-0.2339647457078678,-1.6479067663300302,-1.9604137776202006
2015-05-08,0.3429715423806292,1.4537732463241801,0.46988517129486024,1.4544936584434096,0.05447988872674387,1.1749726241399816,-0.5800184451827006,-0.9777296266182985,-1.307523021924776,1.5427850594686436,-1.0679970767790818,-0.5387154629829083,-1.3049917243124267,-1.2421380139853333,-0.7459436406454386,-2.5567302222345565,0.19323914039985218,-1.9604137776202006,-1.7649153983980645
2015-05-09,-0.6214562623108449,0.7164900149423998,1.7379463583130117,1.2642218582841245,0.0881713794206038,0.04778536437928662,-0.40961902948902373,0.7266119533286638,-1.3395112352836858,0.6786601824803457,-0.5299389180889424,-0.7214075513458361,-0.6240178083891356,-1.1866291684129204,-0.73893491471333,-2.503188140341007,0.49764358009561505,-1.7649153983980645,-1.9864593107441435
2015-05-10,-0.18315073553763647,-0.23044395413617771,1.3554100544553842,1.218795150696373,0.1628261107516435,-1.412454360624589,-0.0010848170619732903,0.17734988637610438,-1.2858469297643085,0.16625171612410372,-1.3568114971265486,-0.7287461732654175,-0.5874727114880015,-0.6669631045516803,-1.2755933977138485,-2.511262362507644,-0.4133130377516221,-1.9864593107441435,-1.7231021585722806
2015-05-11,0.6534693914723806,-0.8816629161408046,0.27076342114950974,1.1685817411045105,0.23128827469363733,-1.3234687853395661,-0.030361824966875513,-1.4619763071945422,-1.4015067684159042,1.2108714596715153,-0.9785696400475685,-0.3868639057680175,-1.6198541843111898,0.1423553835508234,-1.434610721024989,-2.548546391646069,0.2892785778704759,-1.7231021585722806,-1.2708916431279305
2015-05-12,-0.21339339878235983,-1.1315087572172335,0.2609586279362335,1.1475243815318237,0.27652664285172257,1.0367219446601275,1.9309616385330746,1.9322925650656175,-1.516216018228979,0.599542221152004,-0.8437502220251983,-1.0321222780729882,-1.4849431596932645,-1.0824765937141416,-1.4745173327909658,-2.552602496739636,-0.02012464859486815,-1.2708916431279305,-1.8315433995114856
2015-05-13,-0.7437695643159312,-1.106304767302171,1.173893633853361,1.090196763438581,0.35084492159483155,1.6484963147554101,0.05306205969611801,-1.8069550919957653,-1.49303122335823,0.26597942999520663,-0.515711740982932,-1.80877034276568,-1.604061643243857,-0.5599194622669009,-1.5478999322261702,-2.5266503000053913,0.35983439492626973,-1.8315433995114856,-1.7905357548081624
2015-05-14,1.4240771390316167,-0.8280831875109327,0.7560557313232767,1.0236012130373697,0.42464029517588486,-0.4483959639852339,-1.9724179640292223,1.4626082615581395,-1.4126216378702314,-0.08615035173918012,-1.9142547868426247,-1.711992561891361,-0.7746719027286962,-0.816367304941583,-1.5769648917493164,-2.614152299745225,0.2528157375382883,-1.7905357548081624,-1.383197890741813
2015-05-15,-0.6478944191204921,-0.43937490178197497,-1.1406550724530327,0.9583592071060895,0.504660682564419,-1.2684221552374266,-0.06573354880047878,-0.9263550233800268,-1.1296624928944192,-0.3562538458478253,-0.29032111719647963,-0.9528939485863926,-0.7993727590106471,-1.1537454047251476,0.16636423357870117,-2.4913735682342137,-0.01743983052449797,-1.383197890741813,-1.6201561797962116
2015-05-16,0.47420566477069914,-0.010738409205390556,-1.50290289573322,1.6412225902057311,1.205697489207762,-1.0346602165798242,0.7166163650343127,0.6513369233616128,-0.5391795843806242,-0.36855468845297285,-0.6825222621021501,-0.5745468911475567,-1.2127366250274598,-0.8441587578907955,1.50201808172823,-2.349101580879252,0.4160545870073777,-1.6201561797962116,-1.5605970670429656
2015-05-17,0.09593411587100979,0.2594353436849923,-1.3701055040470562,1.8887162798111348,1.3848399090897205,0.23241237598138084,1.0128985361296108,0.463242008007758,-0.28880956204933383,-0.4703113951463701,-0.8274319545780996,-0.7458556153081332,-1.3572215846305329,-0.1348127147001603,0.19694946359105162,-2.066788984538566,-0.23630318637509562,-1.5605970670429656,-1.41430089468703
2015-05-18,-0.5647598324504194,0.5902053073843487,-1.4895298922294868,2.165358647423323,1.5428140742194214,0.9887779029923217,-0.2670873238012864,-0.9378136597001564,-0.31995959366239796,-0.8549643935249125,-1.9443397855403777,-1.5507355499867397,-0.36849306309179547,-0.6107142579089706,0.7499287172892417,-1.8251172835693261,-0.22756536270953825,-1.41430089468703,-0.8790773137420781
2015-05-19,0.5624315568264153,0.3273941157162065,-0.07659334550906562,2.369039128109355,1.59278617423373,0.731078902994701,-0.9988068161551236,0.8903410905158272,-0.20058495461280915,-0.9907299014647205,-1.5378034604545847,-1.2255886328355348,-0.8183346244799538,-0.6820424088852002,-0.11095278893041052,-1.8377827793767425,0.5967570913781632,-0.8790773137420781,-1.527058498669359
2015-05-20,0.02650906951010032,0.08927235628251658,1.3150399985508046,2.442102475004262,1.6260048512193077,0.29421532529106603,0.7024813524345516,-0.50692213374591,0.026853420313172657,-0.8613138062962015,-1.7228460592021768,-0.944182841993772,-0.7748351153810343,0.9379892534521478,0.5879038702014161,-1.3380342813765431,-0.30268657917983893,-1.527058498669359,-1.4408041128204045
2015-05-21,-0.39834313893405604,-0.06363414171035583,1.241935194442595,2.4264322342994626,1.5578164963314758,-0.5115982063660759,-0.49187874027962014,-0.14718543037021992,-0.18068572742904565,-0.922404852144083,-1.8470637892217507,-1.1796031132484102,-0.3673758066428882,0.5584328855021284,-0.5065237401917352,-1.2221943668048398,-0.48046531713686147,-1.4408041128204045,-1.6614668512400372
2015-05-22,-0.13069450288037449,-0.09190216188571738,0.7338562915461311,2.27286363612918,1.4774350393585396,-1.0886921491134744,-0.7224638730844363,0.8217517902911475,-0.5000198184853339,-0.5089822064334781,-1.3467672948054574,-1.3565764295918599,0.525006082340843,0.4780636149891132,0.4256196752162296,-0.9567562531617041,-0.05228710244812382,-1.6614668512400372,-1.663211527806452
2015-05-23,0.4550305910012831,0.023297325422017134,1.604003673182476,2.016029402656862,1.4045727876213698,-0.48660796546922924,1.6210948668450333,-1.3403384946488814,-0.6158966710058257,-1.3838817943459827,-1.0618294291735546,-1.2562298279127198,0.3044003024074674,0.7186725445215694,-0.06809293011454383,-0.5083151443323717,0.40993003419366103,-1.663211527806452,-1.4291783025810905
2015-05-24,0.8650820665427496,0.28808240391763934,1.1433906014803885,1.711816856948786,1.3142754191115436,0.3838672951913009,-0.1248320046971085,1.5928975464708963,-0.9330606094550769,-1.5475787129186116,-2.677338464185321,-1.4577759936803873,0.40542729263095617,0.550113926471421,-0.1384084683628305,-0.25445031454229655,-0.29667871233266235,-1.4291783025810905,-1.3561178602717334
2015-05-25,-1.6894345009135416,0.5948523323449044,-0.37452643551114834,1.3936356606556406,1.2156890784789283,0.9945246377526518,-0.4506887520295637,-1.5711243143830669,-1.0594076775614851,-0.9750139675310563,-2.6358778400533103,-0.5702848245237359,0.45765246442003593,-0.09035516531762534,-0.3329806415815869,-0.050044635002862166,0.6831663253850911,-1.3561178602717334,-0.9121706156311704
2015-05-26,2.3519163758227037,0.8647437619439616,-0.833811955241416,1.0639252931562555,1.194286605911894,0.7673589888610383,0.03025654294525364,1.2641676882644926,-0.9130468124690749,-1.0835457716512482,0.04667898217792629,0.13509464446761338,-0.03631195206753067,-0.13924867159693047,0.05668421788976814,0.19338979260443745,0.2832358340293695,-0.9121706156311704,-1.4753082108973807
2015-05-27,-1.6597575214721496,0.9732845483655663,0.29386248089081507,0.7524805927681754,1.0609397731560108,-0.3638324674835666,-0.3576620262014544,-0.7444177763473082,-0.6107264757350086,-1.7093038655722208,-0.9770955012352247,-0.3492769421699956,-0.28538286507385924,-1.052749753290548,0.1656118253397953,0.4193899263099992,-0.5584509855525035,-1.4753082108973807,-0.9183658835748707
2015-05-28,-0.6838695303230974,0.6526493278701447,-1.205349495351348,0.4862872984992598,0.8670226859970509,-0.8895716939987531,0.17284817007756112,0.2848467369887492,0.15279510813777167,-1.5020648777861445,-2.3182784405723753,-1.5856796361481573,-0.8512356931835773,-0.782454678784474,0.3794022810414912,0.4423734385486035,0.08930073769874973,-0.9183658835748707,-0.9311299642004761
2015-05-29,0.7214145878728677,-0.1744950139498894,-2.3364638182041073,0.23707059378677497,0.6751396774569216,-0.4273116417432156,0.39331281283695907,-0.06541871264034128,0.3876556824389969,-0.773398121881131,0.2565288859835246,-1.216006094607434,-0.023357013221509383,-0.4460119798015402,-0.43406515712244614,0.1644370041520181,0.30911593011015365,-0.9311299642004761,-0.6797427550060794
2015-05-30,0.6576348764978244,-0.9838829015052762,-1.1085679599707037,-0.0682189923512858,0.4519948578565513,-0.015064243354359205,-0.27243497749965634,0.003129571345635139,0.19350140538631758,-0.6359385230706537,-0.08455982278141015,-1.0331428729837029,0.23907965440446727,-0.3866671881667339,0.1381578342461002,0.1612530820894106,0.5352195442589585,-0.6797427550060794,-0.7091523653211513
2015-05-31,-0.9921100101164465,-1.5117348942079438,0.8144704963495647,-0.3139391214307814,0.17626176515713873,0.020241705399310656,-0.42866792291520733,0.04985315417578836,-0.14192402384651562,-0.18087743313286353,-2.6649874468401022,-1.1864514936339212,-0.29075858867796556,0.4490035764630824,0.6533097828871774,0.10464151397991309,-0.1640073915885828,-0.7091523653211513,-0.7105462250098594
2015-06-01,0.0475222713215379,-1.8756952548592782,1.5840898895323918,-0.6188236448512748,-0.10347090689528071,0.7208959580535251,0.8172274531188923,-0.2385299512350935,-0.5325422990097619,-0.047952620632870466,-2.046519565080734,-0.623581954226063,-1.0352306639937356,0.1010099762908068,-0.34146329361324035,0.05762800942431521,0.2424463335917153,-0.7105462250098594,-0.9844363878408795
2015-06-02,0.6624547164364208,-2.0920845077685852,2.3966009328731337,-0.8606296810505862,-0.31009066738893315,0.9666204009952408,-0.8295467203002557,0.6005959191519299,-1.162948563018917,0.3516220718413711,-1.6037933751953497,-1.0206929086347756,0.35618295911463344,-1.003488933389702,0.21996017847513358,0.002238741372135012,-0.5275708754383293,-0.9844363878408795,-1.0840780692752994
2015-06-03,-0.1274339125910621,-2.0189765621993123,1.395748799804268,-1.2178180697674301,-0.6331404542451352,-0.3195459284703327,-0.11068783911064582,-1.0624384288118427,-1.0327062000601726,0.776946233493095,-1.5333222429583866,-0.6795855040538348,-0.9470944136296559,-0.31251897586587324,-0.7520099575222706,-0.06417902297490072,0.3558627116220001,-1.0840780692752994,-1.0613109483669185
2015-06-04,0.21869003010517804,-1.565578066494965,-0.2732801464969821,-1.5409179443043286,-0.9117910656809105,-1.2675531665591213,0.6961688819324724,1.3368998795770504,-0.4423057443001716,0.7684802080946727,-0.3476640977479589,0.6336904869673107,-0.7937242854723426,0.6433398293758835,-0.733539712436444,-0.19589655318504978,-0.449047713053843,-1.0613109483669185,-1.3356766443933807
2015-06-05,-1.1227322268564814,-0.6566189734175366,-2.1222444579432684,-1.8600526713357104,-1.1709669788134223,-0.12966152035846476,-0.4632555415881343,-1.4471964482805322,-0.17999183060985333,0.07467302242303166,0.8828226464525195,-0.550950226293799,-0.488655463721436,1.4931752645087746,0.6465498215391191,-0.12515164811691454,0.23132119628180675,-1.3356766443933807,-0.9410983622144918
2015-06-06,1.3405400482483316,0.6192086703246569,-1.3965403402162886,-2.1599202216115123,-1.4345608708437916,1.0041397354962736,-0.7386871948128375,1.5998367377102165,0.08985578432773955,0.2524110395167893,-0.7460999439951477,-0.8723531906432488,-0.6936104448216278,0.3428381565882921,-0.28833314622336575,-0.15246935295643613,-0.3309919775396118,-0.9410983622144918,-1.2543257844169224
2015-06-07,-0.6834622207368757,1.566504445304634,-0.975664469468022,-2.418941963047575,-1.6450248229725024,-0.14904756005612163,0.4310954451452063,-1.6553985764017978,0.03616827579237775,0.2624204958200085,-1.07715899884986,0.7784897173415457,-0.8854345148667017,-0.1520979467013577,-0.835247290102238,-0.24959290866810227,-0.08997800944634395,-1.2543257844169224,-1.0874326061499913
2015-06-08,-0.14488892248509438,2.026610320610363,-0.27868543840944726,-2.598038837649105,-1.7690899957923631,-0.6097939453149078,0.8961319671530207,0.9831546055097483,-0.04185301412505406,0.1257434874803383,-0.025892077681223105,1.8753849891388832,-0.6648759789039881,0.24548394715018773,0.025947241748281995,-0.3087570795517219,0.17925298568594586,-1.0874326061499913,-0.9174034158928923
2015-06-09,0.47438683391387676,2.3136347720588057,-0.6191551002706476,-2.7042261118536786,-1.8634363802191607,0.6542133777787386,-0.7479171244238823,-0.06403017387392919,-0.392274458085156,0.3542871889884091,0.7725361785871067,1.7336504940418194,-0.1339948845804478,-0.08045897894405267,1.2404734947796134,-0.2192622052401649,-0.14628247394135907,-0.9174034158928923,-0.996262602775509
2015-06-10,-0.8171271410365571,2.3925992841704398,-0.41905626021464826,-2.7091654292116973,-1.8932202247098104,0.7746361834155964,-0.31406096655143434,-0.5206943510538531,-0.03867551840984648,-0.16292759012010943,-0.04961064930782586,0.27133991175843997,-0.396304409153754,-0.5712326156441958,1.6082586139996349,-0.09578339966863321,0.3492926605302768,-0.996262602775509,-0.7187084327076266
2015-06-11,0.41533527870381043,2.277705689639905,0.11659435645092245,-2.6555463899624825,-1.7850054729550762,-0.23361735426593264,0.338288208580325,0.720727751876152,0.2538685497386036,-0.4615325256227338,-1.4414925584821485,-1.0802264802816715,-0.01849034791171539,-0.8275407362515713,-1.3117786629393287,-0.2093028141344587,1.0563002167053266,-0.7187084327076266,-1.2323068285675962
2015-06-12,0.7584127611853599,1.8162494764503696,0.573428946255646,-2.5428467409603748,-1.7567776992133592,-0.9248898282226227,0.13971631172281126,-0.5487332999818616,-0.25664827982837024,0.6246613738286204,-1.3031150706751182,-1.3788425252021212,0.03768546789330164,-1.1769439350334396,0.39065084481500745,-0.1747021866496627,-1.105650528517631,-1.2323068285675962,-1.1421601964019932
2015-06-13,-1.1311740502096987,0.9922658239662169,0.6868346760527756,-2.2803924487910834,-1.7363492117753445,-0.3451645726166764,-0.10734677125416736,0.0881329124699941,-1.3013490122348619,0.9442591435606575,-1.6288089139077717,-0.7206268070748624,-0.33772558046904244,-0.5346442110745989,-0.113219558088147,-0.3050444408956041,0.3263683192965664,-1.1421601964019932,-1.2346171188470312
2015-06-14,0.2824165532005103,0.17682752122159673,0.9110411117519307,-2.027273923601859,-1.6113079494562093,0.3024031408054318,-0.4402182302491964,0.436075747592686,-1.7058585599462246,0.027384812679250206,-0.5153439119372542,0.44174755594452464,-0.7128093286182147,0.19283948159513398,-0.9871152130707627,-0.42021975144496804,0.03144916077980723,-1.2346171188470312,-1.2929875260825106
2015-06-15,-0.6294760854182,-0.7409632250784216,0.24143602581452073,-1.72087256199725,-1.4433752029110711,0.4187379570683407,0.597775871159968,-0.801409575105628,-1.411583360330622,-0.44056140613488465,-1.6341191015028709,-0.7603128794903975,-0.17451388838383386,-1.0707765364679631,0.0772256210256924,-0.44005093708637155,0.548998753476306,-1.2929875260825106,-1.2772613724564488
2015-06-16,1.43753379245873,-1.6711199525776226,0.10847851238557531,-1.482578383916266,-1.2959796856075183,0.42947993546350993,0.3782267439233097,0.7365231467502068,-1.5448238504927758,-0.8843541860280896,-1.118503953862661,-1.2632173766563404,-0.30966413601462317,-1.6186172634871252,1.9117211503111067,0.1262368768493781,0.3486409486757204,-1.2772613724564488,-0.3372232461140052
2015-06-17,-1.392527363129761,-2.207046510560826,1.0196104013730882,-1.5186277747125578,-1.4303436823327622,-0.1977607247769106,-0.8954891787499081,-0.2058562859922781,-1.6161431140802447,0.26092871324577765,-2.4549189804601266,-0.6713712009326664,0.1626728721566365,-0.4588684109421047,-0.5512104431526579,0.1310870381694803,1.8246345518589175,-0.3372232461140052,-1.1187691597057308
2015-06-18,-0.5840705245532001,-2.070736305837725,-0.16997753872312596,-1.1531304500486135,-1.2309868065020366,-0.13997561458280577,0.4760481272533879,-0.3007823368456421,-1.9830668140514938,0.0478150120055583,-2.0457332243385813,-0.5033444591720591,-0.8618235464615823,0.7907034692547501,-1.1568259120238127,-0.12815074455571673,-1.1326397689905878,-1.1187691597057308,-0.8250191330854851
2015-06-19,1.5104888205108458,-1.4507516771951507,-0.4777804806644194,-0.7891472676804392,-1.2216301057775145,0.5208747236751622,0.783267085038587,0.927333453415874,-1.9140031759976952,0.09812517757294098,-0.9698443088976301,-0.8413423113088035,-2.022685241079405,1.1711181760750555,-1.0613195982577894,-0.21739588180310193,-0.20995992303720157,-0.8250191330854851,-0.7898618881040251
2015-06-20,-0.41276420634534017,-1.2683211392870002,0.8833227491967346,-0.34504019408249026,-0.9260137837283567,0.3809423906823211,-0.5387548047327244,-1.4860709841770892,-2.1037096837567715,0.019122120456652007,-1.875478492113053,-0.5391071476811006,-1.3117311633523208,-1.8120956969818551,-1.4672243749122094,-0.25274198095339173,0.5364569904615236,-0.7898618881040251,-0.8475670083755426
2015-06-21,-0.5288260249211119,-1.1050242640526582,-0.1981129417315802,0.09730418283798475,-0.5641004355619842,-0.3981707031180048,-0.22117951757776308,1.3164628329564643,-0.8181388234544379,-0.21772717768138805,-1.033116979054695,-0.7493526582818933,-1.4273854984940957,0.9273829133434266,-0.3837294012182773,-0.36152026482782645,-0.3267843680544481,-0.8475670083755426,-1.1271935996055378
2015-06-22,0.2853931137939948,-0.8802531238077429,-1.5646477434262505,0.63014529488725,-0.24785882800901915,-0.918966644013145,0.0991362774499339,-1.1148040147481344,-0.17100361866416738,-0.8836824935931973,-0.9796896260104563,-0.24296508532800687,-1.5736674882278079,0.8833719056320756,0.6943400624302315,-0.4847434709035581,0.06479607511796089,-1.1271935996055378,-0.6613002462896903
2015-06-23,0.125648611880822,-0.4250997632233534,-0.5069641237351364,1.133069412186755,0.06476119348020916,-0.7209418772713085,-0.08336340021449164,1.0034215339538484,-0.3727018658546129,-0.13405031524873942,-1.448148837415387,-1.6682946556985185,0.42562043882145684,-0.4494444372289879,1.0097615330748568,-0.4177228061504713,-0.046727423303859004,-0.6613002462896903,-0.6985435491948322
2015-06-24,0.588367102344418,0.2489332903619006,0.9239358723008577,1.3491045890006395,0.34823353968951215,0.3727931020099112,0.9015552178302134,-0.805869859507859,-1.235358044194153,0.27239609684845084,-2.6037954493566398,-2.504462334847841,1.1937063680089364,-0.13141891000994285,-0.4453533504706186,-0.29988829268437256,0.255622318030339,-0.6985435491948322,-0.6043462775448314
2015-06-25,-0.9873658458025842,1.0266082849760727,1.42765488596505,1.6908849948879308,0.6377305903915997,1.179423459201781,-0.2485252406459862,0.3018899419692555,-1.7678100005902062,-0.09736313572252638,-2.893580123729851,-2.184664258468117,-0.3154498468498476,0.5573479632082259,-1.767298741725878,-0.6934656626474487,0.2008813555995815,-0.6043462775448314,-0.3260517965270285
2015-06-26,0.7786482137230226,1.5160939734491368,0.4531377579299189,1.975983301386525,0.9137814792568446,1.4752187505457006,-1.5014665998475707,0.43942790810024873,-2.7379880833721164,-0.30732290916441585,-2.5882870666130264,-1.7303470713783593,-1.3030444418187386,-0.22408584064946765,-0.4576127770528891,-0.7614672751677458,0.16715933804699465,-0.3260517965270285,0.3228535409018421
2015-06-27,-0.2996788140124123,1.682228041258896,-1.3056833681938873,2.2475786674817804,1.1431807750493361,-0.44940734458599046,0.3011306322560147,-1.0341840131459088,-1.1999972555347176,-0.2587825308262896,-1.183404192961245,-1.9286027279716365,-1.6069586321717595,-0.427483970193707,0.49923835640824804,-0.4971108115065977,0.9689946584326009,0.3228535409018421,-0.03614570944104798
2015-06-28,0.2916334774281872,1.7009530519725513,-0.18796327376578875,2.4137187120869377,1.3618816611455677,-2.141083353296109,1.6974983948312519,1.37973356600299,-1.8452932179751405,0.5537995925832532,-0.9007765250909361,-1.1982803419607841,-2.0185066617223195,0.9974740703045111,0.26978452505209966,-0.42658851021802574,-0.7909736690613517,-0.03614570944104798,0.30311588867221073
2015-06-29,-0.5114386169505001,1.6212344351106456,-0.38203983069335706,2.6237029004351893,1.5064447415900624,-1.5973413606246931,0.10220589932660011,-1.4867216314360134,-2.1250809252516842,0.2365796391327509,-0.8694261493334084,-0.7738231898915081,-1.954031517824143,1.780445727890685,0.3322887328507107,-0.6384374745110899,0.675744991845385,0.30311588867221073,-0.04275887035203322
2015-06-30,0.40472988891983164,1.4819316725237657,-1.8426969424377355,2.7702224188741496,1.6838531006639699,1.4953730681060646,-1.7449840222715773,1.2978277441577915,-1.8655736498338342,-1.581212052307571,-0.5249712082117407,-0.3544962984212151,-1.5817945162324711,1.9066941049034145,-0.6355346047008161,-0.6127451416589841,-0.5990634893321388,-0.04275887035203322,-0.6880661644709087
2015-07-01,0.4932474691957503,1.282250174297021,-0.43454424899304284,2.802408895753901,1.8110043986394047,2.413222669129439,0.16976054831966375,-0.5452845636167533,-0.33255586554553607,-0.30477097709531464,0.05045942925018104,-0.8786329375468369,-1.2463631188384856,-0.11804603635102101,-1.5552450379904104,-0.6351995597708869,-0.8855155950181459,-0.6880661644709087,-0.8945355533319507
2015-07-02,-1.8847369571508092,1.0286299458526633,1.6974201647222653,2.8272263006311924,1.981988313410129,1.4964647917153258,-0.1013890798761843,-0.23195052825898285,-1.1744986673150688,-0.28191155482448493,-2.0401390431780757,-1.674557745876766,0.5983182907019131,-1.9929618230519421,-1.4764942453931076,-0.7431961299596832,-0.5665293866847493,-0.8945355533319507,-0.8638756020024746
2015-07-03,2.572467050092088,0.7510919026147287,2.005826830877869,2.7306814707539524,2.0393500402275477,-2.088286368420235,-0.019995948978905217,0.33578146710471757,-1.394009721936749,-1.1627766279107388,-2.2361897107807827,-2.553186259783908,-0.7962232455409671,-0.570351848569962,-1.3357415379570217,-0.6988711989714435,0.23972345233664982,-0.8638756020024746,-0.9269343226068534
2015-07-04,-1.5582631720680231,0.4781066802358394,2.4343150835429834,2.511326841697733,1.6222703706996886,-2.6099585172401856,1.7626630713844293,-0.05289606406526777,-1.8218116317162198,-0.6144770308679655,-2.0016638794737487,-1.9296331402645048,-1.3442851062748877,-0.8323794180322848,-1.6056662308750818,-0.793382972892644,0.3119213607476923,-0.9269343226068534,-1.0737889074218354
2015-07-05,-0.903854170605094,0.22146317476774038,0.8164523362164111,2.0700821373465073,1.4127241235482833,1.0827939069409265,0.38187181102740475,-0.38312918339538476,-2.429405520510822,-0.46278283226984457,-2.2413862281461094,-2.070787345751254,-0.5041811303350289,0.499112314649873,-1.305811065269101,-1.0327978852630697,-0.544905766692923,-1.0737889074218354,-0.7514708974676937
2015-07-06,1.5447448259665797,-0.12685669570658037,-1.9472542618530644,1.755928639425117,1.207695630547301,2.3204769007521904,-2.34316896070279,0.5954261897103161,-2.289124107766286,-1.1696113210124672,-1.2677326027189377,-1.0743097244268762,-1.2332926997247664,-0.23470563403115172,-1.1816367429961123,-1.4731193080539113,-0.0885867652087076,-0.7514708974676937,-0.8508391731725645
2015-07-07,-0.8095376121522934,-0.48450401828825956,-1.9935517312262574,1.3982559853968033,0.969306166520527,0.47395596488315844,-0.9272385040523144,-0.3948465216979363,-0.9634873331236202,-0.8208093735056717,-0.4494935809486688,-0.26680454586500063,-2.205607083223042,-1.242905308696073,-0.6623416030447989,-1.4972682640418657,-0.779265768939963,-0.8508391731725645,-0.959357557946939
2015-07-08,-0.432081776917235,-0.920049821077651,-1.853424075570235,0.9920442570355695,0.6638567763222247,-1.8708231218404177,2.1965458460310683,-0.20342313960105682,-0.3023214361826501,-0.31298200043809676,-0.130854755791085,1.1233835030451718,-1.57565386582413,-0.39098748577805836,1.659624149889818,-1.131075220178279,0.35826624542968805,-0.959357557946939,-0.8068994471290553
2015-07-09,0.5532146753962867,-1.3762945580348749,0.3631057184052744,0.5885214929561582,0.4176335127746771,-0.6441424673768225,0.8936278412982908,0.7942994938498448,-0.6927427515183979,-0.33188238650538504,0.08209347280589965,0.1469834381257569,-0.0856805123522966,0.3265451619320478,1.035756463986804,-1.052268100100556,0.5902575165445233,-0.8068994471290553,-0.9014476317774099
2015-07-10,-0.08520819435561275,-1.834247135813252,0.6888449316146861,0.10233693593119915,0.16946124399360374,1.4087492980366967,-0.9180769495373164,-0.9827674805358285,-1.1271966960077138,-0.2629381585362936,-0.6596779437160012,-0.16106789930347476,0.0005298208176824978,-0.49357402459765437,-0.6083621628055609,-1.183930269540765,-0.26676372675803584,-0.9014476317774099,-0.9430256361447915
2015-07-11,0.5708705023926754,-2.168888898602604,0.8878381716219452,-0.24144057062127527,-0.05861917793873229,0.8595780001747265,-1.8939288997467376,0.6251072762610558,-0.5229569026846158,-0.38106598666498764,-1.0000496907809935,0.47175753796577763,-0.12525414858322836,-0.9481952735399398,0.8195780177335584,-1.160201172684651,0.47069186946060476,-0.9430256361447915,-0.7441060230489963
2015-07-12,-1.7874215935361444,-2.2824793505466365,-0.27952980343681605,-0.6217262297662364,-0.2659219838643558,-1.0264821330567417,-0.6396246122531706,0.24470368968280629,0.46445737071998927,-0.007736010553514123,-0.8936618648153573,-0.9004385869485235,-0.9789794857944153,-0.6042012746435812,-0.3227151059203289,-1.1792471653770717,-0.02311717282680075,-0.7441060230489963,-0.8364255708876002
2015-07-13,1.5215539212952178,-2.053052835802807,-1.9441412189533476,-1.0085493449435365,-0.598759158764079,-1.463489843404265,2.189384232808937,-1.3714302241559753,0.700703730562278,1.2629507680624055,0.43362370535129774,-1.9315465006138628,-2.015108522778152,0.3207073430162266,-0.6139227764126037,-1.2176760364591486,-0.2731033583220759,-0.8364255708876002,-0.8613140013590211
2015-07-14,-0.42455456263593416,-1.5790948551631903,-0.29133939775532414,-1.292374252373472,-0.7776438629272727,-0.028729243796338223,1.0872182399473558,2.1926889505522715,0.07419518125570752,-0.24052453467031026,-0.8984660414721906,-0.37380276947778035,-1.3708022846463277,-0.3854051017359136,-0.6169550853183909,-1.0486288452407118,-0.31512563362386325,-0.8613140013590211,-0.9587847930834862
2015-07-15,-1.1531162997399427,-1.052173495680859,1.1119738885700106,-1.6568177967877595,-1.047581324866743,1.933262540869368,-0.7987802818285447,-2.372533125837898,-0.16714324295035649,0.1037321922072224,-1.4141774223403474,-1.3141114460682222,-1.3454735625172685,-0.5457871911318704,1.5434651791078833,-0.6397065432948073,0.05087899368762799,-0.9587847930834862,-0.7130088390669165
2015-07-16,1.2404145263168123,-0.3823068828692561,-0.5511273425966304,-1.8595993689644148,-1.1274803574671821,0.7448583034048953,-1.2291521346555518,2.0791388940064643,-0.9926671304933685,-0.4782470811114262,-1.4097285970239266,-1.7685920961166526,0.749258542627999,-0.5762721269607546,0.60570029745006,-0.33430303703716463,-0.13341020707696555,-0.7130088390669165,0.006074724540682239
2015-07-17,-0.4910656515148524,0.3969591158043233,0.8634022929766544,-1.9948678495562608,-1.1658883036445098,-0.8297461346431989,-0.10496710078579499,-1.5579920005113164,-0.38600901104500707,-0.003605915100972022,-1.1053789255392534,-0.16044117317877152,-0.9897398170060516,-0.6434252760902228,0.40616209914173246,-0.04622221459008972,0.8435073165714219,0.006074724540682239,-0.4398015338015411
2015-07-18,-0.6212781033053103,1.034508218589566,1.6718464138119944,-2.0856591038791206,-1.1438419375795583,-0.8806749066220751,0.952734327430496,1.1541662770161778,-0.38857153971718883,1.0664943554956938,-1.5852120350931693,0.6540230380450425,-0.9391783981183296,0.688000989764081,-0.34719987613619163,0.19715249366980903,-1.3837382042858835,-0.4398015338015411,-0.39043142319401075
2015-07-19,1.2101236531465835,1.3527713596897182,0.48833497172958545,1.2054364954427925,0.8696122390960895,-0.0471316555518485,-0.03378961812229594,-1.110667424890731,-0.3870305953719058,-0.3069352944092134,-1.435057940234482,-0.3586569898228941,0.024577577543078464,0.9791580929433935,0.8130306137287692,0.5081710446806043,0.42829145817398984,-0.39043142319401075,-0.36356171194952214
2015-07-20,-1.6431317725445367,1.337003499343481,-0.3126976245679916,1.1648654154715339,0.9385018191777568,-0.010889543140646444,0.15078078399026842,1.0210058682522596,0.927119721651832,-0.6665209018785156,0.30655370851708663,-0.8137436872987037,1.2202805921096482,-0.003239558823245654,1.0636654641350154,0.8072181614853609,-0.22090648699612578,-0.36356171194952214,-0.37011172316837465
2015-07-21,-0.055066516852600514,0.7350837568907623,-0.7405385307286975,1.1145462227598717,0.9919221062410153,-0.20008892751375942,0.7589452615376773,-0.8346224773799362,1.066097187945197,-0.6860576987955558,0.04947752621892815,-0.17768512587676402,1.0264620608444346,-0.307359808736451,2.1228086394411387,0.8854653478287254,0.20462474958378468,-0.37011172316837465,-0.23554402296717727
2015-07-22,1.9225652638052866,0.6264651184083583,-0.4908445030235986,0.9882511428113979,1.0300107385236597,-0.3949866277717117,-1.1568151229925676,0.4565997889440279,0.6508924976857625,-0.9074224321825074,-0.6809598199881891,0.17898594589102543,1.3490748581965768,-0.5266181120173464,1.4109597510430143,0.8803854662521745,0.6511022430786045,-0.23554402296717727,-0.6754228530647304
2015-07-23,-2.1474211736552204,0.3820484847330106,-0.8017094438331239,0.8364331031299816,1.0427585708237999,-0.1945510438047046,-1.2508932919043585,0.24070727583639473,-0.055082625052503,0.976217040106468,-1.5311751950365124,1.8917018388761253,0.9495679528833261,-0.25875509808890995,1.1612547051498467,1.1473122348314766,-0.6724365528809602,-0.6754228530647304,0.16206171274294867
2015-07-24,0.5161231125736717,0.03240472338391348,-1.1995052117561096,0.6638292168634645,1.029189378822671,0.5838910576196648,1.012241809269636,-1.2528770854078857,-0.6000770045406943,1.18033439307113,-0.7239063169675057,-0.512908152505195,-0.41314257597598397,1.6536769027837983,0.7870343899134861,1.1576394146570437,1.4800137596259402,0.16206171274294867,0.04693356684283525
2015-07-25,0.23184394006051004,-0.3313026846578047,0.36094100565810977,0.47995440814478546,0.9855202411520008,1.0952911791425135,1.1447759810256863,1.8329035547390133,0.025012213484768318,0.1268086539834375,-0.9230719988304306,-2.569850024781535,-1.6325011585049667,1.2596729117171246,0.3228843053170934,1.2296828108818958,-0.2761357471576697,0.04693356684283525,-0.2349490350220395
2015-07-26,0.5483638248025487,-0.40754826254781995,2.386584573042576,0.3628988147551517,0.9096412885404644,-0.05460644722070828,-1.061727232136755,-1.650454905996898,0.49775234734558244,-0.4198362461052617,-2.882308290116171,-2.4411862159089006,-0.19745688882169396,-0.3472168476435767,-1.386813621181284,1.1256210102074808,-0.6409957066176429,-0.2349490350220395,-0.6170312812339487
2015-07-27,-0.8161026375324469,-0.29129826862950825,2.3251209865870988,0.15876562556825524,0.7956558182501214,-1.5924930108107502,-0.6082285880233917,1.2100097299484733,-0.4755587924944791,1.405301136886392,-2.585630403938431,-2.228608835883565,0.9238399988578183,-0.2806009649807236,-0.9873020519191302,1.0087894281112701,-1.0929817974064617,-0.6170312812339487,-0.1863115003221025
2015-07-28,-0.6135998560043258,0.08247109208471805,0.7273228671237231,-0.06231012169427343,0.6399310120943086,-1.141124559275657,0.9048391862379527,-0.8400207020677893,-1.704030738113198,-0.10404510700399505,-1.7293854416404433,-1.9965434311504875,1.3781122923928428,1.1029881761270695,-0.06708717754443641,0.7927538585908632,0.5198258110970101,-0.1863115003221025,-0.4084663144753873
2015-07-29,1.6877135449357403,0.47889303211933326,-1.3257926572822503,-0.3064788508985865,0.3958891127942735,0.654270126164303,1.252417718221145,0.7064534390907257,-1.0993733418219298,0.5756835004711621,-1.5473062006381955,-0.8187274771751908,-0.5092395895495001,0.44340874659787904,-1.0969570978210863,0.4800843871166743,-0.7203190232256808,-0.4084663144753873,-0.3397169336218247
2015-07-30,-1.2286512837163495,0.8648265908915661,-1.795703434474776,-0.5472524067798976,0.1583599233639433,1.88789956316307,-1.4230028741857625,-0.7795234546231351,-0.8165342382176621,-0.3568404941177711,0.05635239155169971,-0.37690882405330184,-0.71068826574605,-1.1854150166842217,-0.6105892395253831,0.32555944545540283,0.4311833538356986,-0.3397169336218247,0.25507249124727577
2015-07-31,-0.4557286606589765,1.4852152473737732,-1.5818982065900091,-0.6748089476048482,-0.19736928983485094,0.9006473705951751,-1.2754151567904006,0.8105504765494738,-0.2506984533255082,0.07064489718721054,-0.39208588087725516,-1.5918902501051508,-0.7083675057548373,-1.28129938085373,0.38921392376969666,0.4734878936097641,1.6874836050886028,0.25507249124727577,-0.352161639478691
2015-08-01,0.7513308273507493,1.9714328964822831,-0.8106286753921257,-0.8749983846179461,-0.5215256003427755,-1.366939062462667,2.2701634201269236,-0.5080072200926736,-0.9967093263202083,0.7527520718902664,-0.5835677020632538,-1.2061176688834672,-0.765710243148761,-0.2950804029021041,0.15484992417076943,0.3640512830552481,-1.3538712669243222,-0.352161639478691,-0.4660804677748048
2015-08-02,-0.38624825579731004,2.186195384792268,-1.4434493432329405,-1.0611699285222862,-0.8010953992109237,-1.5087372923253455,-0.3453324868555055,-0.09167298507272657,-1.369194335637364,-0.08852459462921741,-0.7294243166553444,-0.3087519265019317,-1.3604909474708575,0.6624506151125491,-0.14612740157336376,0.13507327151731996,-0.19884098353131557,-0.4660804677748048,-0.6845548775756032
2015-08-03,0.3303316118961823,1.2849352057391827,-0.9104065468872157,-1.202369709201577,-0.9990571239752252,0.09595482031103268,-1.0116114310290552,0.6078502340952648,-0.6299042831604836,-0.44906952109216314,-1.2172111947109205,-1.853933431457379,-1.3270601090429333,0.1656121323187273,-0.7465305196737412,-0.2514731218673087,-0.5633928939544202,-0.6845548775756032,-0.4502665276912921
2015-08-04,0.22084348550981853,0.1928095230129026,1.5454032247196041,-1.3332578443469238,-1.2371924329849269,1.387041756237531,0.6345305202134606,-0.6614996940837019,-0.22718435627196257,0.07813994602935413,-1.9395608236837167,-1.914754207433174,-1.1524421460400756,-0.876198624483917,-1.3246899314934757,-0.5906462798328947,1.0153873664302377,-0.4502665276912921,-0.6806382473514482
2015-08-05,-1.009245781175383,-0.6069220963503354,1.4833186341857791,-1.421772976513908,-1.1655745876642458,0.00046911033848042914,-0.46963969108299985,0.014886721376978782,-1.545510432506063,-0.23544146835042892,-2.3767229830406373,-2.2696761226815734,-0.09873375752961258,-0.5418886526900888,-1.2630162664965592,-0.8575578439119695,-0.8207869282443877,-0.6806382473514482,-0.7134858151781903
2015-08-06,0.6983581468576339,-1.1747405978761682,1.4821724176995297,-1.474025744382471,-1.1697473241172232,-0.7493965445913205,-0.12757724744250626,0.9467618897107392,-2.237675143527325,-0.37004786167030984,-2.301371565904743,-1.4528581667424239,-0.4887477427854716,-0.8405455079244665,-1.657193583830208,-1.1224496637195536,0.4193103329873966,-0.7134858151781903,-0.8633597531587502
2015-08-07,-0.0019963752450837887,-1.5966000168320482,2.0081017776194066,-1.5643127709967979,-1.3216160019001726,0.548708431202086,0.7816974306804569,-1.1544683105908438,-1.4884780676648919,-0.41632065075439517,-1.539866743822884,-0.924769918822828,-1.0004196106408876,0.0018550604749581626,-1.1722817912347168,-1.2919020890383508,-0.2970942189584682,-0.8633597531587502,-0.6293943549764188
2015-08-08,-0.7479959740513651,-1.8982255443371643,0.4364689867526142,-1.6198629869820433,-1.4614125409128538,1.2542017440203999,-0.1184643193875982,0.7439434984731111,-0.9126115061819112,-0.10432718396601724,-0.9454843486889317,-0.7827001059880216,-0.7546972310401533,-0.45084712657342574,-0.7897733764490539,-1.2675595440171026,0.24147287899229528,-0.6293943549764188,-0.6491926439844076
2015-08-09,0.8997379276077434,-1.951143170627692,-1.7048149050703996,-1.5927531251644198,-1.6338363652919023,-0.11931355813610839,-1.2087092107999973,-0.013323120453998099,0.31766783470256904,0.9291721570271257,-0.7526767614025829,0.3138116558321603,-0.9143130419906419,-0.3272263609727245,0.49962955830423855,-1.125392286252333,-0.32294097274055167,-0.6491926439844076,0.7583095647912483
2015-08-10,-0.9991181104273318,-1.5281369472115884,-1.561028736712588,-1.543503903133978,-1.7208883136118303,-1.710624565976769,1.1435032178865432,-0.6794351244836909,0.48190975082338017,0.34809741782611275,0.3610432358884791,1.5812114576253025,-1.043866269126612,-1.0031831049207458,1.1959661235979608,-0.8603038007677752,2.0447086658547255,0.7583095647912483,-0.3820306242614826
2015-08-11,1.2277673529033322,-0.8129619502139525,0.20554314683813474,-1.3652162088240953,-1.6603554803649117,-1.2867734948187057,0.9119562289802446,1.0112689426888317,0.4075871979088697,0.07973199034572342,1.0536850273420713,0.46023449884739714,-1.5032889938061411,-0.677911171419763,-0.7041627772471621,-0.7434473607237208,-2.29671264144014,-0.3820306242614826,-0.2536886954855923
2015-08-12,0.543168865791056,-0.23743497675013103,0.04610554973564612,-1.1993948201292437,-1.5734568667483726,0.9874325912623574,-1.141655883870538,-0.8600722772488679,-0.9242587438190554,-0.8623489602756989,-1.4485410659524502,-0.34739289187375344,-0.9615189568660283,-1.2276391850482744,-0.4179099684449046,-0.728676635111328,0.17650480231566223,-0.2536886954855923,-0.912089421334077
2015-08-13,-1.6544218910406192,-0.023220868206401762,-0.0630123696848243,-0.9569027840093095,-1.2488403355503495,1.9615541911444343,-0.6122123347029422,-0.18896512749564753,-0.6130632840335049,0.015258675017467674,-1.138155662150231,-0.5234581481631521,-1.3431397103781029,-1.6626986036473876,-1.6645681240440067,-0.9947892214241243,-1.5235010000376612,-0.912089421334077,-0.7276880906722134
2015-08-14,1.0366129979903829,0.020000608838866004,0.03768493056028801,-0.7835711794494991,-0.9989749599483045,0.600771885953547,0.4294906932234218,1.0233612429832066,-0.6329133856582332,-0.15383288117645796,-0.9905226214084096,-0.39645576568967095,-2.2350898636810186,-0.6783853950385811,-0.6711025208962836,-1.10827818459674,0.47125663064921064,-0.7276880906722134,-0.6179887125974638
2015-08-15,0.3573455546277897,-0.06330264680124235,-0.9542352790682482,-0.5115495266591562,-0.7701480111637604,-1.1806330279170243,0.740927314854433,-1.0240584546123903,-0.2965012908048122,-0.37061685517601145,-0.25699664355278296,-0.5539469434212541,-2.1519529579489167,0.029786013770375513,-0.3031423321418666,-1.0553918863674436,0.48591703841895284,-0.6179887125974638,-0.3830975551770393
2015-08-16,-0.453264685796653,-0.22460579824809537,-0.3467673110250349,-0.25545530866832955,-0.5260716702850182,-1.7356249505444623,0.068789349474631,0.5786767595501728,0.05825498438133811,1.0043701249577,0.377542176487646,-0.20222856575247905,-0.8018418960249752,1.0875598481801196,1.0858716523138696,-0.8370436197325519,0.6537788325850784,-0.3830975551770393,-0.2111696451369378
2015-08-17,0.15363080598729148,-0.22292999028339502,-0.03201068056013015,0.004007488598444981,-0.3119734982307323,-0.24588621268987818,-1.070291453426496,0.0936506957324496,-0.014990783697844418,0.07389202172626914,-0.6717987669035334,-0.819551247771987,-1.0949955118424608,0.45262881400376254,1.5233090449101265,-0.459182718169271,0.567856199059966,-0.2111696451369378,-0.02906279835304449
2015-08-18,-0.591461920027791,-0.02940902869689918,-0.7843837301624887,0.2412793366994392,-0.1049732766709546,1.5169879665053607,-0.44159469180318245,-0.6870091788551984,0.1487506412053787,-0.0008213114229386254,-1.3399726490493977,-1.7809346726333262,-0.7453505291223349,0.6642838497623873,-0.3722858511214159,-0.37403657701813414,0.4714294994102758,-0.02906279835304449,-0.46087838046499535
2015-08-19,0.306841605595693,0.21899954821380294,-0.5243981048828772,0.44749666989768394,0.05453448640594428,1.3117132452736147,1.439844630422027,0.7956463302427976,0.07485155081056818,0.057503933814853275,-1.7459407356823178,-0.8707516365472656,-0.2281809060096631,0.5455278303651995,-0.822732843570237,-0.30602967491929894,-0.8258445778023227,-0.46087838046499535,-0.8069469430372617
2015-08-20,0.4581725166642944,0.42572263378964337,0.9774772544413773,0.40268115969410057,0.7477550954320347,-0.227473914673363,-0.8170330026830477,0.08241577771420361,-0.6046059011390422,-0.6161193148574537,-2.5127790158996643,-1.6059162916272824,0.1113239724186106,0.010003653043759443,-0.8937573874636708,-0.21608422573607197,-0.2523115725758487,-0.8069469430372617,-0.6412979799220766
2015-08-21,0.312916314353664,0.5762656108868973,1.28281373125957,0.4587341306016875,0.9741484203591355,-1.8896188630472601,-0.9578748050434062,-0.7880691528386765,-0.7457476736361416,-0.74803877406038,-1.960228617483197,-1.3751055981956177,1.1434349723240167,-0.7389555905565253,0.12067119771569332,-0.07239601022933972,-0.17040750621839676,-0.6412979799220766,-0.15856387744031972
2015-08-22,-1.0250541305662837,0.8296601658752158,-0.2266914541064653,0.47310484444903295,1.2261398245789343,0.2530433252772935,2.732113545844605,1.4367766489037872,-0.4279061377104813,-0.00755934575983103,-1.106671924260799,0.08071315425279141,1.5893405605119169,0.009325267838742818,-0.1278442989062184,-0.16057880652891549,1.1478142426108906,-0.15856387744031972,-0.6464937829340456
2015-08-23,0.6779240512053197,0.9148048793146626,0.37838358220652846,0.4954872081663722,1.3994250128712744,1.865095881428812,-0.21977783474400234,-1.488470589549453,-0.3524754795773447,0.22504664612302755,-0.32366059621481247,-0.4270370640030255,1.3394775383853879,1.640702803517845,1.2836904723480445,-0.2797977849728437,-1.0319052012342864,-0.6464937829340456,-0.20492781870435753
2015-08-24,0.5057953249064874,0.8313166552635737,1.069179809351074,0.48194668333625357,1.5517506499720386,-0.11693129226663794,-2.45892983316182,1.1144397515140754,-0.1115979451972123,-1.0748838829470386,-1.7394905356532284,-0.8139522937962979,0.27563561512306933,1.318216239964949,0.48435684833751985,-0.1333458773306458,0.48397400680772595,-0.20492781870435753,-0.118766442054181
2015-08-25,-0.1909748970979368,0.42802877526544597,-0.7720899341881517,0.4817395300895492,1.677824189895581,-1.98304697838031,-0.2696143332349135,-0.9428266051282213,-0.04922418964952433,-0.5649859711983651,-0.5710701499804163,0.16816252487296632,-0.1336730790941316,0.05134800385497412,0.48880607348815164,0.023559867591623936,0.15620555932984878,-0.118766442054181,-0.636129457181436
2015-08-26,-0.32716428877828146,-0.042698235152826086,-1.3502741407817895,0.46981783390010323,1.7649332835669513,-0.8170119165494745,1.1607169568419156,1.0203991488336615,-0.359181673799728,-0.4331072386968548,-0.5680785649074713,-0.899902098134784,0.006323207588887176,-0.3006332232557334,-0.6932142011326872,0.15493511027140425,-0.8287339628343902,-0.636129457181436,-0.6052379611119105
2015-08-27,-0.6591230868875732,-0.35360092478079364,-1.014217919003126,0.423994035593277,1.811044520831967,1.4985042345377544,1.2426362966447047,-1.4074158409221633,-0.35316841841324453,-2.1322560879456063,-0.8435522676265874,-1.840532887977034,-0.2173084672961444,0.3220515834538744,-0.029147682168935467,0.2516808406833828,-0.024175239202630327,-0.6052379611119105,-0.3758547547554107
2015-08-28,1.6057026924135687,-0.4118417903184753,-1.5069869329176444,0.39316722753844024,1.76675917746469,1.7064073405690177,-1.4413830308890723,1.7803732449975187,-0.20243592046677958,-2.105922669702002,-2.411546381218523,-1.3147874462333957,-0.09602668455157667,-0.3873156897024149,-0.6778392351401265,0.2465162214882853,0.8332140471627857,-0.3758547547554107,-0.569606646122633
2015-08-29,-0.7019238026172129,-0.21466593831822017,0.36709987774882696,0.3550668574789624,1.6423222763301077,-0.12519065308818517,-1.6830105179022947,-1.4840969256052248,0.18476023360202312,0.3942226986738887,-2.764165553304072,-1.1869577706591137,0.7730404461109185,-0.9555353613141154,0.8773307220116947,0.20993582936318594,-0.23585242390648758,-0.569606646122633,-0.8688079843500703
2015-08-30,-0.9337054469136934,0.07981163533233598,1.1675168349529557,0.251116927337483,1.4442123213605704,-1.7749673650781612,1.750916968306932,0.8131804592011753,-0.7637629760820649,0.4419228250359804,-2.639268055831567,-1.0443868330070547,-0.8893953227388565,0.1571313110649782,-1.153595853772812,-0.17421662211371805,-0.00966756303434854,-0.8688079843500703,-1.1683004399048431
2015-08-31,0.798777100429633,0.43888729697352724,0.10803676470276241,0.21255586373356278,1.1784357210823688,-1.3610097501357405,1.68891786684358,-0.3177494568359474,-1.5492197234945062,0.6074778041953384,-1.4423135361385875,0.4361435794316162,-1.8269183564807874,0.40615919225040303,-0.5310464373591931,-0.20725115109519138,-0.45010595714061596,-1.1683004399048431,-0.8558704617623774
2015-09-01,0.31885631016064214,0.6610531781517858,-0.1649800903112939,0.1653317049533779,0.9056408580195457,1.2114843013599461,-1.8254369971867714,-0.17416158154664652,-1.2486285004799675,-0.19446729332389817,0.13642949387385153,-0.8282964883047922,-0.09258102035853519,0.17674919720544102,-0.4998761068474603,-0.1477711023750991,0.1011397262814511,-0.8558704617623774,-0.5191318470772586
2015-09-02,-0.22002985705465744,0.6587043058211066,-0.4017325151758489,0.11055742604503535,0.5969349902740755,1.5993047768461208,-0.7077655501696907,0.7358026980813779,-1.0264283587990222,-0.000721060056736211,-0.34936009136209645,-0.5900731428814581,-0.26635519889193576,0.3146404605356301,0.9020970298764316,0.09916479097605503,0.5694413428026602,-0.5191318470772586,-0.6426235797227767
2015-09-03,-0.706710987977451,0.3463000648519874,-0.5757371239642091,0.08338036576628806,0.27277259939571635,-0.03446509843823021,0.5410246358064533,-1.1938047325734422,-0.8418295728517488,0.35139908470752534,-0.6702904728525616,-0.5056600422984752,-0.47594903175633985,-0.4403609210920217,0.01830883490618778,0.08421536110021134,-0.2920728568912549,-0.6426235797227767,-0.47618030755539836
2015-09-04,0.6293209033141737,-0.2225939477510121,0.5707380303990455,0.03896608365429799,-0.11531393064644962,-1.3030504227983772,0.6514027379131642,1.0268569236062077,-0.5072134339684503,0.03866662736279744,-1.1341976669840386,-0.10808238616123247,-0.3189563209052603,-1.2110749206913096,-0.7836846884402987,-0.009280994581927392,0.35410573954529834,-0.47618030755539836,-0.6926954291824011
2015-09-05,0.54485995784884,-0.9617482705246393,1.624426355969002,0.046165150692169366,-0.46409876189735433,-0.431898498774942,2.0475802179432283,-0.24958637957635696,-0.5140074657521498,-0.45046376914914277,-0.9412815484796306,-0.9402388920741317,0.6786100457306684,0.5827490169677598,-1.1586981853754985,-0.2617112060305887,-0.8379888881705302,-0.6926954291824011,-0.8468232937020829
2015-09-06,-1.4493400019166878,-1.6151288451017924,0.6507148335295008,-0.09421753492325388,-0.8663772942409418,0.3703066428114841,-1.5984453109117445,-0.5922803614159572,-0.371925641754492,-1.2589897834619908,-2.4330451848907755,-0.8076965441846712,0.8964246663976503,-0.6868315795759607,-0.9476756777535856,-0.5209641290222922,-0.06122408113750125,-0.8468232937020829,-0.8635693297799023
2015-09-07,1.2493468720430674,-1.9658081759824013,-1.0867198839667682,-0.1811797396334008,-1.3783970018812972,0.07958659550481771,-1.49834027458977,1.0795885376534886,-0.47007682106157495,-0.4402155225504613,0.023745138769931992,0.9453440854279198,0.8225256697732767,-0.8850641063421396,0.08310528007687237,-0.632074837196926,0.6852846890525486,-0.8635693297799023,-0.826422967229213
2015-09-08,-0.30851831526900003,-1.8565589000714535,0.9297701285448384,-0.14311704698919983,-1.8059796752133939,0.11142121328669176,1.285180895546291,-0.8636801026387079,-0.9632619674663118,-0.7842577282041433,-0.43321147573415464,0.12200493128595317,0.12232210050096858,0.4572722174346945,-0.11557727775873824,-0.573023409801707,0.1830535932924127,-0.826422967229213,-1.1318164334089242
2015-09-09,0.4003087626423468,-1.5845602892735646,1.7166172567353752,-0.09749933071963961,-2.1727065382904223,0.15427075768705148,1.3608433740796944,0.07753408413558852,-1.3357724025122344,-1.0106076079455029,-0.39619486707768187,-0.3044076212194092,-1.6725989821436231,0.7197985002812123,-1.3631384879925488,-0.8367423575697944,-0.5928342951336227,-1.1318164334089242,-1.0241049873037371
2015-09-10,0.16832079737561653,-1.028802264100017,-0.12896552121426044,-0.03182279226906647,-2.4206136227633244,-0.036516463338093524,0.47556881697060194,0.6798674047624579,-1.223594956060758,-1.0996376525556741,-0.2494723496040719,0.96740671332551,-1.3869291865637472,-1.0426230016295643,-1.3235814843048022,-0.9577172552901025,-0.29865986192056543,-1.0241049873037371,-1.129136298905001
2015-09-11,-1.4169275021373646,-0.15946764756978962,-2.2048596651150985,0.005288605126740314,-2.527177766965972,0.1345064290301475,-1.5880465026754582,-1.1342926641337365,-0.8467689395894441,-0.15619340528318398,2.2457233505678285,1.2255734662931244,-1.207880342175532,-1.6331696321176508,0.5665273562099138,-0.9588037483481344,0.17695011443686345,-1.129136298905001,-0.7701144551286848
2015-09-12,1.8568408764570732,1.0117110840713786,-1.8422046156724163,0.03899348196917605,-2.6236404073267106,0.04959539806668086,-0.11836818855201278,1.2680391672350824,-0.4054718757126886,0.08202852302875227,2.2576925977903337,0.1255671502813994,-0.5425683230487385,-0.4791666639204001,0.4137559755958429,-0.7339368197772174,0.5287813082349274,-0.7701144551286848,-0.8261419889155223
2015-09-13,-0.36856791658531346,2.006883848054033,0.4327145013769052,0.06752496975739182,-2.4831966545626374,-0.8168718617896483,-0.5588422215838482,-1.05101158517019,-0.3620019184119418,0.10261219751882984,-1.7745649690802783,0.1257719130951099,-1.5038130749310454,0.9298291642080082,-1.961497632268793,-0.9972916521026074,-0.3664641728112472,-0.8261419889155223,-0.660957849996805
2015-09-14,-0.8957345904227908,2.412219373103626,-0.11347510521394141,0.030091718854766168,-2.2210458577664705,-0.48203444037668186,0.3199358909960198,0.47207120525725854,-0.6242782645582988,-0.01133083476892784,-2.574578624247155,-0.32337860112182903,-1.230608617499627,0.16564940058217226,-1.8145407641904887,-1.2822021160479546,-0.3186673923352849,-0.660957849996805,-1.1089455090909643
2015-09-15,0.9060378216846028,2.398604236226962,-0.6953823159700716,0.01057879202074868,-1.745984225915775,1.0443560714863638,1.6880242386318804,0.334826011750541,-1.2117962817839452,-0.9271166980161701,-1.6101345884165639,-1.712026419379806,-0.8632953035090779,-0.06659730823057275,-1.4050578344269906,-1.586619458256648,0.11201142929471877,-1.1089455090909643,-1.3705063661995287
2015-09-16,-0.047986289669855346,2.1757881561450185,0.9623564361181779,0.051025525319058136,-1.4623611773222531,0.9111724889132974,-0.7387924073474715,-0.9551324496482696,-1.5801757101370715,-1.0491120740366577,-2.001546056163523,-2.2347803814389815,-0.2906302484308013,0.46931711231820017,-1.6483536304215476,-1.79643598899469,-0.08440794719651316,-1.3705063661995287,-1.095386762604259
2015-09-17,-0.030431623753284367,1.7185263509040316,1.5495185724188343,0.10800576605628716,-1.1839613583123552,-0.4933608707168717,-1.1858760163654465,0.9099741875914737,-0.7446520315762721,0.6383033003502063,-2.2996890497722586,-0.7330876584753594,0.9827362116348987,0.49866055655973596,-0.6293563848204274,-1.8193654241384345,0.010759331925909728,-1.095386762604259,-0.7547567431926422
2015-09-18,-0.8067839148338376,0.9515628946225112,0.44890190286373594,0.13961305221366227,-0.9070243673333913,-0.9845049871197126,0.20297129801684724,-0.3249571972472173,-0.7426540380949733,0.6984644379538906,-1.302315115072304,-0.0589398053832755,1.3153604110520876,0.243122263332677,0.4874147007957473,-1.7532386317176278,1.1547230020177817,-0.7547567431926422,-0.7452062872500628
2015-09-19,0.7489095845275224,-0.2163476640021541,-0.5239396920432938,0.1644235982017783,-0.6394424750431394,-0.2138440199634363,1.7418854581872936,-0.2639900493779832,-0.7760129942915649,0.4292710127220816,-1.0580131445370584,0.3263172741949286,0.4918743408964856,-0.5065392270072073,-0.3473926642281365,-1.8295973148536475,-0.2211440884607361,-0.7452062872500628,0.08375100849666771
2015-09-20,0.013533563270135173,-1.4600293202806007,-0.8872309944747273,0.04176196610185741,-0.38812426467991334,0.23837506307450088,-0.10998818022549924,0.6163064416658999,-0.5607743233014038,-0.7943683953237385,0.5747252458669284,-0.4143749390464547,-0.05285234727566055,-0.18153204494000752,1.837867867701358,-1.5442464829083955,1.0400096106868357,0.08375100849666771,-0.5121983088486805
2015-09-21,-0.17090433019318724,-2.2338237353006622,0.6099043433592324,-1.5492679894486359,0.18369716436120012,0.7625690592580943,-1.854177836908444,-0.25219617165972374,-0.6304107220094531,-0.9347782334484969,-0.8779788223807699,-1.550513996930396,-1.164284410149616,1.0911399701438367,1.696269600932106,-1.1878530556146703,-0.8880150839701274,-0.5121983088486805,-0.43701579101480253
2015-09-22,-0.3036679725726252,-2.4076271874753314,0.711166655087908,-1.9032457757811643,0.3052087666458001,0.7738407700007555,0.4171375468899569,-0.2894244005444446,-0.7247495435057222,-0.1943603390101229,-1.6233993060739274,-0.4322120907211719,-1.520547632436429,1.04805878201033,0.002132768690728152,-0.9827583243888022,0.03642189047024383,-0.43701579101480253,-1.0131020719462318
2015-09-23,0.21228201545806125,-1.6144883663679743,0.8720371447102621,-2.1170493202741274,0.45557685541657483,-0.8187095836310644,0.8786290305859127,1.0960645874478332,-0.7809843188175902,-0.03394200237351007,-1.3101690101005485,0.7446120885943209,-0.4888164265486889,0.3741608874816092,-1.2347935208532135,-1.020980380353703,-0.8490284092200282,-1.0131020719462318,-0.8512502802486891
2015-09-24,0.04520556284461563,-0.7319687877974163,-0.4977156156042191,-2.1942363709866104,0.5745536735676631,-1.53789759942725,0.008325292236562318,-1.8280017798107921,-0.5348717418857677,0.5521032330661327,-0.1563073900123658,0.9137873295794829,-0.6228690118336493,-0.14460854759053401,-0.4161967125776147,-1.1342265101645987,-0.20518204353914007,-0.8512502802486891,-0.8608338026782116
2015-09-25,0.31892179084510847,0.13532040787080937,-0.7838444726220896,-2.0720167244144556,0.6958726770770357,-0.5758618248917001,0.25117429059734164,2.2234172032010417,-0.1731949756457746,0.2619667420839304,-0.2541538689623758,-0.09886977519588741,-1.4381786596062665,0.5403319959513306,-0.24323089424128325,-1.30013783554215,-0.5543490878098928,-0.8608338026782116,-1.2200840543346592
2015-09-26,-1.1827093852565445,0.854154132095775,0.3531036694473457,-1.9751422167952748,0.8113792324263623,0.9498933988274915,-1.0040866610448609,-2.1291878784707956,-0.14747463717291198,0.3151848965435482,-1.13600965834053,-1.1032891766512276,-1.188584011682032,0.7903104322538079,-1.1938797478834362,-1.2067205301293868,-0.023635007219209393,-1.2200840543346592,-1.6282033484841345
2015-09-27,0.7319480016000932,1.5368755434759849,-0.21193534208752304,-1.8529276829900172,0.9164153455858225,1.0103552720702331,-0.7248558814069163,1.5418681709989628,-0.5025749940169452,0.7086932646482134,-1.092856582056107,-0.2449569717670339,-0.9349323027212061,-0.17851650922441756,-1.7311627888873289,-1.2223873019248348,0.22226572251246723,-1.6282033484841345,-1.373698457768884
2015-09-28,0.2644741135881279,2.157423942298137,-0.4662740356990924,-1.6673067528341012,0.998856212175288,0.5895506668918659,1.2281349556041838,-0.7227635550604359,-0.6260310771907821,-0.6009408092041995,-0.63633876720801,0.5491806248772495,-2.7299091189257467,-0.29494449633259723,-1.724544664073321,-1.154344514121257,-0.4795384154376032,-1.373698457768884,-1.323694852678362
2015-09-29,-1.4366764323202668,2.450748077302704,0.9459126665605443,-1.5299745066101391,1.0099485969619229,-0.3051728920290833,0.2562230068680043,-0.01206574529116755,-0.3681221375093463,-0.7971207187636626,-1.1045646958497108,-1.3196175047552725,-2.3740988966822516,-0.3096282578956609,-1.7506774028101475,-1.1255134884716338,-0.35000995068147656,-1.323694852678362,-1.4133079583332282
2015-09-30,0.09504248034123516,2.104213575001321,-0.3234892081762924,-1.3796708666598338,0.9591101135719411,-1.06387879800999,-0.7614741044054646,0.4287397523358893,-0.09154323161549609,-0.6652656195963371,-1.378587741418688,-1.176207434271777,-1.6828727178018974,0.2856517568113497,-1.0246109701802497,-1.1542459406976981,0.4676672647162748,-1.4133079583332282,-0.8906750150807377
2015-10-01,1.003385611972644,1.2090726793149869,-1.4131272190145479,-1.2122309351922087,0.8630869671279597,-0.8755100089792223,0.11777046274210427,-0.632905121890222,0.6186051347605963,-0.05697551153683379,-0.26211579599733736,-0.8300896058817071,-0.9643630787148735,-0.44175192764947663,0.8546578722700765,-1.036555995592704,0.4550466812180324,-0.8906750150807377,-1.2804593007106226
2015-10-02,-0.9376401374829779,0.367470376483046,-0.14666470242000584,-1.0195335128712757,0.7004491204806885,0.5956374918130416,0.22445236085500517,0.6788125117975811,1.6379165860838854,1.438115289273715,-0.7400319259842446,0.7992934736852082,-0.5385548550806657,-0.3650221323093335,1.0827209548295773,-0.7234399639921326,-0.4825681119268502,-1.2804593007106226,-0.8134425077693408
2015-10-03,0.06851250845452601,-0.32298376018856517,1.0106763480924452,-0.7949239611803718,0.5478456171452122,0.9597085553317329,-0.1261505439987139,-0.8474410844824986,2.2412194734536475,1.7029694553039603,-0.3975599058104014,1.0894835482332796,-0.8507075417783926,-0.13815091046369984,0.4893682036509988,-0.9589075377596878,0.8602717679470304,-0.8134425077693408,-0.8879202532999838
2015-10-04,1.1592253938420987,-0.8996214715182118,1.0466557878522111,-0.5393263825638148,0.340243156971992,0.5473504990897607,-0.3424255849232254,1.0060297529874958,1.8403195412900093,0.3820524657746832,-0.9476969191532981,0.12372013205584194,-0.5175630745368537,0.9378128379262929,-0.6418441291808835,-1.3957593528941115,0.16841010278426496,-0.8879202532999838,-0.785311647571329
2015-10-05,-1.3007745819932002,-1.2787215062408663,0.44504637897790345,-0.2085049587515043,0.15912483836760646,0.15065564092223316,-0.012492482344002376,-1.0428544455484927,0.8989666933938028,-0.15801911200446866,-1.0448602742710524,-1.1824710162972814,-0.11286701212128426,1.1951886849822555,-0.8031427963929577,-1.5431521561553276,-0.3351889970443142,-0.785311647571329,-0.6983087345242199
2015-10-06,1.2322313117758652,-1.2477603780155884,0.12030227554636168,0.27062757103973434,-0.02153184459119412,-0.4871658290633306,0.030908330765431407,1.0866463500271073,0.1548085412530115,0.14794382140153867,-1.6381031946684526,-1.9688980202303825,-1.7226257885456175,-0.21446409012886716,-1.4826878896082296,-1.5175223204628014,-0.41285574243542106,-0.6983087345242199,-0.8023392299607631
2015-10-07,-0.9622335279187403,-0.7141066265777686,-0.5935341070046106,0.7524252343563435,-0.16474971730074645,-1.0435304306856823,0.9085401109099108,-1.069794742080058,-0.7066432295173487,-0.16604573984218915,-1.9425887912175557,-1.2652501347161118,-1.1196803891293072,-0.050928724827007506,-1.2303467305184976,-1.5649038175904422,-0.16191619728088527,-0.8023392299607631,-0.9775877380321388
2015-10-08,0.6478724566308325,0.08661419613378117,-0.5250232778977412,1.3294107793802745,-0.34346946056795813,-0.14850795426942145,0.30084603684687455,0.9152618707130274,-0.7882249817497937,-0.5417559308511685,-1.4924944748562587,-1.0297491485154167,-0.8013279057213869,1.0816829633988576,-1.518294809790667,-1.8137620121423104,-0.5385940337773562,-0.9775877380321388,-1.1874688171341707
2015-10-09,0.14042983247042007,0.6430800333218416,0.06830163468378538,1.6473852744843998,-0.6392760196151361,0.7065868100926317,-1.12851509882087,-0.47229968083762225,-0.9025744876484811,-0.7596409900774973,-1.2543779173737997,-1.4191791985560263,0.21331755004614195,-2.10761714597523,-0.9891543078341276,-1.8201328360502929,0.051737149220212074,-1.1874688171341707,-0.9872076524888467
2015-10-10,-0.5712942935666978,0.8806958005528128,0.3751525788413328,1.926633630215046,-0.7773569647097879,0.09896786940902749,-0.3643928656921274,0.1939919298755305,-1.1880021423196143,-0.6058585931673715,-1.3799068638197944,-0.4542789776812224,-0.3103198612404347,-1.2281072282192602,-0.7068570208289243,-1.7263775834937212,0.6183589171269819,-0.9872076524888467,-1.3012080512108812
2015-10-11,0.08456069160991948,0.8629316813183665,-0.44148045170473815,2.092671046007357,-0.8939617216341823,-0.16480742212747296,1.2520493499305274,-0.2277890936779522,-1.1295010188713055,-0.21286598971404302,-1.425703308430746,0.4220634365212831,-0.5449745761576336,-0.7761948324196437,-0.7829496732377154,-1.6335791274643574,-0.363512524547958,-1.3012080512108812,-1.5828391334035647
2015-10-12,0.79749725788843,0.5395513442818993,-0.7340296308450734,2.141849515835889,-0.9594561119245699,0.9589212652962618,0.1613960053829195,0.49421528963633293,-0.8562030453971748,0.5570024419115941,-0.29450577183855,0.3085212773738983,-0.7709412373603967,-1.1215153194917387,-0.37961314800945345,-1.4347390975170908,0.34842593478345835,-1.5828391334035647,-1.537393909749082
2015-10-13,-0.6892246523608928,-0.13638028008408626,-0.006843951530647532,2.1707088297522996,-1.0068630613916796,0.5429538427295696,-0.9720137465283906,-0.9111756983824502,-0.8060639751144342,0.6646300009377961,-1.0846335113238879,0.0011242636079870443,-0.937631619324443,0.1334391971299358,-0.9148750224422193,-1.3734159985606442,-0.4647806720890128,-1.537393909749082,-0.7074681583288439
2015-10-14,-1.1703338488645798,-1.0940487211392669,0.40357865678515986,2.1683336098142085,-1.0015429984817454,-1.4045313542382478,0.41073854975541496,0.9386297258965383,-0.9444259733623668,0.6307823801517078,-1.1298014711804127,-0.17261671255587674,-0.27169202159724454,0.8285551472939686,0.9474066920557673,-1.2601633916960497,0.9552912771351794,-0.7074681583288439,-0.9664704708380202
2015-10-15,1.4910959785099722,-1.9234380839590346,1.1381947903716292,2.1448208476124324,-0.9830540130856784,-1.4065609030335573,0.09752258995124381,-0.5463088009577849,-1.1888740985067912,0.7045591547374015,0.09703444949438375,0.3109781681449568,0.6131331362470916,0.08252052209420843,1.1272824357468154,-1.2422304413997223,-0.3435671244444135,-0.9664704708380202,-1.1742703924492521
2015-10-16,-0.5891841681722413,-2.2603633254135382,0.3102161504568767,2.0984981792813056,-0.9245719757730533,0.26428051011365494,-1.190749870565683,0.2852582905600471,-1.3321991237983062,0.555846467991915,-1.3600026506693466,-0.6021653122870282,0.8188132098063662,0.39256878628133574,0.2993594240221702,-1.267665898592561,-0.6329404837076616,-1.1742703924492521,-1.1143485369479238
2015-10-17,-0.3911338318855223,-2.057070069454371,-1.0876822223726172,2.01053506655829,-0.8138301117203582,1.6700848584959367,1.0153723872996385,-0.12961988858733378,-1.4973439126152994,0.5787543586827987,-0.9453592834550822,0.34098645865445326,-0.4585411210859069,0.012278360727116966,-1.2677359295845865,-1.4108079279035364,0.0644816525046439,-1.1143485369479238,-1.2820710727209623
2015-10-18,0.09249125769568761,-1.6492140907940984,-0.6069032847330438,1.9007517035368005,-0.7014043105233421,0.8943685746934729,1.2677576529739762,0.14725327685993675,-1.1336900617804349,-0.21146577792413024,-1.4946229416114503,-0.1605065827822841,-1.5489541961758504,-1.0305515252478208,-1.3719227683230724,-1.4235950624348572,-0.96897666822777,-1.2820710727209623,-1.5393782983157442
2015-10-19,0.2341264665021524,-0.928133588810425,-0.6405522987998088,1.7975545932834527,-0.5264694300023192,-0.3440132661823592,-1.3025231325717845,-0.2531483805365801,-0.4795310305185594,-0.6048175248252804,-1.439064553422991,-1.5733018211963807,-0.9960362378463359,0.49267479881184767,-0.1214058398768217,-1.2665891521548363,0.022252693052577134,-1.5393782983157442,-1.4965023315227401
2015-10-20,0.6007432121059473,-0.0856753176951259,0.7707233033518731,1.6104576977574074,-0.3266985217916287,-1.312247109647782,-1.3895432591181107,0.4066838915959786,-0.16295862396342947,-0.7018273444795913,-0.9162153214090168,-1.5110548980444634,-0.30273141585070334,1.2190700732715525,-0.18827206228105223,-1.0659959343563632,0.6055501369580898,-1.4965023315227401,-1.662726260329594
2015-10-21,-1.3707000243437257,0.76970761917355,2.0599244354681963,1.3750801249814972,-0.10592369984523928,-0.9933755576725887,1.226448863093314,-0.5577619232903537,-0.49753696553291527,-0.5761415516092029,-1.4987863108605852,-0.05101725750474099,-0.820839239372429,0.7767784148819903,-1.483222306189532,-1.0536656356927094,-0.38128089159328254,-1.662726260329594,-1.6443191046138024
2015-10-22,1.2567525990834527,1.453969264670791,0.5527300909161763,1.3723879023833057,0.0961241989505752,0.6831296576149276,1.8692628582828923,0.6246309538892287,-0.6378165686234255,-0.9274164855545973,-0.8174079349449398,-1.1743895300042084,0.7169798229906222,0.8431245863494808,-1.8972310317505092,-1.185021376935224,-0.40016414747215023,-1.6443191046138024,-1.9542732727480485
2015-10-23,-0.41408088503078405,1.8251542454321177,-0.6397722751747414,1.1196721511029843,1.8049901653600633,1.2711031449967818,-0.7060624930793071,-0.8180495354719028,-0.46438149169159065,-1.1220570156476741,-0.37611170624287493,-1.766411044230882,-0.11491821149402644,-0.9229756443767896,-0.26856843722326207,-1.2091547338304074,-0.1094901710408285,-1.9542732727480485,-2.0136777070300216
2015-10-24,0.08065551890375772,1.8363196919978066,-1.260444206979776,0.7087683508296062,1.8789125923495393,0.21175369975497635,-0.8948631955640832,0.8571892483018488,-0.303977488048546,-0.5798255233817746,-0.35756103751575397,-0.7812975268903488,-0.4070163189460684,-0.11445107209282308,0.14145362045363982,-1.0909857115994535,0.46625909976184865,-2.0136777070300216,-1.4517484239623255
2015-10-25,-0.12239542571894158,0.31445897109831206,-0.944195747184058,0.2369304009006886,1.6786140710341257,-0.6517733908918608,0.0981493621420672,-0.807484025773125,-0.2018530026576564,-0.09805884261945526,-0.20271501648056586,0.3784436073036253,0.27273380624853266,-0.16037495208666214,0.041184167520099714,-0.935976906390409,0.04897944265474702,-1.4517484239623255,-1.8737805040621793
2015-10-26,-0.07429884509921406,0.027650922506054415,0.5745879270851272,-0.3298819831912504,1.7042840709868494,-1.0153809950486825,-0.9108205057479316,0.4494509411665951,-0.04138079398319689,0.510970908712442,0.28080361038775514,0.9332055261976319,0.3631254093318664,1.1922539354936448,-0.5114959236134748,-0.8076200492366871,0.2871236889646258,-1.8737805040621793,-0.2097355387074834
2015-10-27,-0.4648336719712632,-0.08914111354315504,-0.07720174721827633,-0.848247539906495,1.6844298383078418,-0.29983946132234635,-0.3913305434873744,0.2585827793210439,0.024083467454382404,1.3988189138352103,0.07838240774765289,0.5112810253399589,0.6608464980341927,1.6768735742944803,2.2458426862750773,-0.7894270139051806,1.487734840643957,-0.2097355387074834,-2.092251528864415
2015-10-28,1.9331998246696662,-0.03112115913008313,-0.6099406304549327,-1.232564520205443,1.6854250386862397,0.667920569974561,1.8563218440567242,-0.745328032122723,0.006806175554002175,0.9561264681266133,-0.47008239551230646,-1.2319798611294208,-0.20218869194594238,0.568894751533526,0.3774816595752676,-0.964749819011438,-1.9965730165198698,-2.092251528864415,-2.0858386500855732
2015-10-29,-1.8412668514957167,0.16311552983317906,0.16652879625864936,-1.507811857234997,1.6651936543255188,1.1932425463675849,1.1144779505762015,0.8264279489307269,-0.24695196794428495,-0.1986241580438428,-0.5849226047347214,-0.7442797861361587,0.22732909058452588,-0.7811182060806946,-1.3002820216793392,-1.268755381160262,-0.2597576144737222,-2.0858386500855732,-1.2831693146608856
2015-10-30,-0.36519082820214493,0.47413662785190314,0.29768147447641696,-1.6906258066275734,1.6256429597202509,0.39093147614583346,-0.23792884999915942,-0.6101481541350942,-0.3359115147910606,-0.6981825905479749,-1.3039319274564587,-1.210534851291134,0.48871381487897586,-1.1373114067247807,-0.4456869161900685,-1.008503880854132,0.14530548255696707,-1.2831693146608856,-1.004938935600821
2015-10-31,0.6043889031900821,0.8077488789454877,1.1348404378303538,-1.8111134241510816,1.548724008696039,-1.120898080795347,-1.4724278597180671,0.2675612127717962,-0.32274862477749827,-0.7188713014744804,-0.5278880095098968,-1.3726839794255117,0.9001204647857679,-0.7047007153230703,-1.3982816830037799,-1.0354025045770654,0.23527569005624613,-1.004938935600821,-1.612390797374169
2015-11-01,0.7599996554773116,1.0602387920791556,0.9667823440861849,-1.8879351479948112,1.420104055672764,-1.397791992211046,-2.0984868713008202,0.08095946463583585,-0.5224003116537769,-0.29230160851447606,-1.0193585516140442,-1.8924501168387182,0.5646231183595447,-0.452633985661225,-0.7586180287485144,-1.2222223977939672,-0.9742294330156384,-1.612390797374169,-1.7003101013065856
2015-11-02,-1.05849182608153,0.9409687489300601,-0.6984432701663483,-1.8445874043310349,1.2278687756054725,0.16460993527550805,2.320331510454163,-0.33976411070149165,-0.4176288468996394,-0.134702707710088,-0.35781834742657775,0.1788897026580697,0.04949909321318256,-0.7202308380495778,0.7194268400275802,-1.0873310678503578,0.24247364917490716,-1.7003101013065856,-1.1078345029409613
2015-11-03,-0.10343535925526653,0.5779370460580633,-1.368433071568462,-1.8467994329152997,0.9538726988570736,1.554966095559104,0.9834367508233196,0.34374412954932454,-0.3496267776516885,0.27692503183938905,0.2793296835503383,0.42408273335735125,-0.3907310171439712,-0.8486877971490008,2.6417930582298053,-0.29029180981626657,0.27893361261347194,-1.1078345029409613,-1.1014217812631504
2015-11-04,0.5958250725085595,0.14049840174536765,-0.4249639070143077,-1.9257642016095526,0.5817979659528097,0.8869954511571794,-1.5276658748857939,-0.03349676750913339,-0.3892550871043997,0.5025683464449989,0.5185252597964334,-0.15172821313834164,-0.3409543085388674,-0.33369818997895195,-1.0540759552589305,-0.26653797098086235,-0.2787598437260976,-1.1014217812631504,-1.7860836786891532
2015-11-05,-0.34011692648655256,-0.4043589871283989,-0.8760575990331209,-1.8657406623947252,0.1457251421012651,-0.6717934788557917,0.44452082092842293,-0.3973188100009958,-0.8573348736504262,0.49225525438980877,-0.7215787519521092,-0.23138685932575975,-0.18104925578119296,-0.6157483242939367,0.29504134393994125,-0.14392965300421906,-0.27157116595815106,-1.7860836786891532,-0.9332341410466923
2015-11-06,0.7695814089829274,-0.9834612026171333,-1.6136439569425498,-1.7898265867049257,-0.1441166134539928,-1.1996009931385445,-1.3469665317372097,0.6891262453614281,-0.8035988377280793,0.5401189276517567,-0.4089474945866138,0.5082314967431092,-0.3003570123872452,-0.32051581809349927,2.154359664859142,0.3269675470559743,1.9482330140483484,-0.9332341410466923,-1.4497449265141156
2015-11-07,-1.9921200261652072,-1.3409379122997747,-0.3587771445100634,-1.7327048795773825,-0.3416933337725095,-0.20614405065552807,0.7084923818507699,-0.7199374021535907,-0.8278992255716784,0.20238933440100412,-0.9696378429159709,1.3925271882842523,-0.7311610403507163,-0.21421482673267586,1.0678870020492275,0.6799792665849312,-1.0818985851199316,-1.4497449265141156,-0.8009401303970328
2015-11-08,2.503600265438386,-1.353558665130362,1.268650827538713,-1.6144281474262274,-0.5065254637748066,0.5460581063891233,-0.3121166085788225,0.6014036540683845,-1.3606103561655274,1.0917077506643484,-0.9041332082288032,-0.20718609129601068,-0.026281527043929147,-0.34610265276111807,0.34913347175965986,0.8600933411489176,0.47416502771250457,-0.8009401303970328,-0.2117080272054183
2015-11-09,-1.9115505816475942,-1.0952022481267223,1.1541059416019341,-1.500187767044538,-0.6515076212377419,0.11154811127914327,-1.7171918232104975,-0.354228638699439,-1.2564931292736146,1.5044082676323463,-1.600909429183991,-1.357071587644853,0.9252815502479768,0.6332308989175445,0.14570968809695767,0.5149474787959221,0.8849907981644249,-0.2117080272054183,-0.8984829460734204
2015-11-10,1.0983723572686586,-0.6512030374596098,0.14316679847827957,-1.3025613945403178,-0.7554349875047258,-0.03400856415339321,1.6269792508825212,-0.060267886507347414,-1.7516875740211708,1.3003192704773099,-1.1790273963136382,-0.23768907067493217,-1.018030914287111,0.9659361492031953,-0.6103259162034878,0.2803818225627847,-1.507156949953956,-0.8984829460734204,-1.6801349539951616
2015-11-11,-0.05319683037513706,-0.3120542251639987,-1.0871957633844889,-1.0628832528425363,-0.8171145826899389,0.5505282480545834,1.3805367053082427,0.2935278354262886,-2.194413474464608,1.4990873288879476,-0.2711852496896406,0.310751459129442,-0.8367575770138573,-0.8861044294191216,-1.0629279349081702,0.2674918344064191,-0.25537323585384913,-1.6801349539951616,-1.3852129580793404
2015-11-12,-0.4369394431491035,-0.14897909213034907,0.915840654303043,-0.7958240473038382,-0.8666200564922841,0.7979976783876346,-1.2733361828290037,-0.27975284991468513,-1.7234389912350365,1.8326918709510858,0.0808235940037867,-0.6290478768266964,-0.7108262263078504,-0.4653548363770282,0.1681959171695313,0.4805752501496266,-0.5202597731346719,-1.3852129580793404,-1.560159083241044
2015-11-13,-0.16272977409579398,-0.26423476248390093,2.666245566550071,-0.5264386822613482,-0.9011076959579389,-0.06359676267365773,-0.40428677190035234,0.07019573208818362,-1.5173709265422852,1.039665209201055,-0.2768567150088475,-0.4226643347188698,-0.35006163257988876,1.2651401196652317,-0.5144850896488022,0.591028904396201,0.030551068692966244,-1.560159083241044,-1.441327025490329
2015-11-14,0.8652376047866434,-0.6145483579689731,1.2969346570028961,-0.24148769920128088,-0.9311953872973191,-1.3422342369846672,0.4902320990132196,0.36108761466727857,-1.2383555536885198,1.182603187322892,-0.4058217004369158,-1.423025584526519,0.037322123663478285,0.9540097465318591,0.09288523756429168,0.7052649090079797,0.3456291842053793,-1.441327025490329,-1.8647339543268753
2015-11-15,-0.3937893543149837,-1.1286620193375896,0.0645135490389905,0.0398588794225989,-0.8975792823165102,-1.352552792481152,0.19276938245927405,-0.8413008447412987,-1.942358245682964,0.6904269080977529,-0.8968413563150777,-1.5414988339122462,0.3047229560776633,-0.5767215165695789,-0.5772209445887314,0.44957609052112374,0.05614833413560627,-1.8647339543268753,-0.8133962724696759
2015-11-16,-0.4972979871925329,-1.619363449000705,-0.6470497852068379,0.2885373579283955,-0.9061714605864744,0.7391331436033513,-0.7987519860501124,0.9839386415537091,-2.2644938998695108,1.0742771851130193,-0.5091710687130291,-0.6384480349843957,-0.1656770511489655,0.107448303487827,0.30093312363570274,0.07151202078585625,0.2331221077592668,-0.8133962724696759,-0.994616198368036
2015-11-17,0.6173859798719864,-1.573309357019639,-0.34317957673488836,0.5402543256924872,-0.9107280136258304,1.8425661821883883,-0.042811454961772175,-0.9386727015917353,-1.7742473212016294,1.9212293822450754,0.34801278931839913,0.2140504541312412,-0.9413946311955498,1.5299201558035742,0.4678680651407784,0.38688990424822617,0.06859086664576886,-0.994616198368036,-0.5520435144672305
2015-11-18,-0.42973655407604194,-0.9352861656601387,-1.1992456817085206,0.7231117646547263,-0.9287057056695674,1.4899623744133714,0.36703505844216144,0.9845023406254418,-1.2814873817891828,2.550793877043787,0.250321302416599,1.936059726709844,-1.6354921769774093,-0.0028936680006358315,1.5472295807214076,0.6054185130196655,1.4578005677490267,-0.5520435144672305,-0.1668250892193098
2015-11-19,0.5579742507539986,0.055465913460984034,-2.1921822068377477,0.8344043740620901,-0.9119995058425356,-0.9355222081537441,0.2651459468388238,-1.1384867644509584,-1.2952444696318421,2.1670540071437734,1.205971933396284,1.5944606952813154,-1.7113065221013604,-0.6057024206478735,1.0186662194125886,0.41823174236434446,0.6301190412903178,-0.1668250892193098,-1.4240000040754566
2015-11-20,-0.7895016486429659,0.9896727671205241,-0.8956802517244309,0.9018557204868209,-0.86865913809833,-1.67078146404206,1.355522369181569,1.4239106322449169,-0.5921015681953039,0.8129706461627317,-0.09679026205615718,1.6320945071091129,-1.6689509315864055,-0.5432850051195535,0.2785879583663265,0.26736917166671303,-0.9215131580169906,-1.4240000040754566,-1.0627130634981012
2015-11-21,0.30099047074150875,1.5990431129169984,-0.18458701303881295,0.9431641165391751,-0.7891528781970593,-0.63843135111847,-0.7747252907811577,-1.3210112655678943,-0.31056080167628447,0.8959301886081625,-0.4105046077014903,0.4928162754199775,-0.2649251353557158,-0.4282311108162438,0.005880502211175221,0.19029528617210598,-0.35141030618187336,-1.0627130634981012,-0.936224287850871
2015-11-22,0.20462574537296555,1.9389105809780371,-0.6457892725009644,0.9539725360499439,-0.6707046905949238,0.3546128276853459,-1.352251901804109,0.7997247070635783,-0.28946797932828944,1.596065671562465,0.4060641429352138,0.017466723014800865,0.7780019683549054,-1.329544254829977,-0.12692803428086075,0.12616722190498686,0.5896147543881181,-0.936224287850871,-1.2254442319420187
2015-11-23,-0.1881371557468565,2.1405695962293247,-0.10824897641032394,0.8825213505009547,-0.5271367537468309,0.8040067700238258,0.25004479771455207,-0.3078106502496758,-0.6940349932639821,0.7130171117125744,-0.8847501272510749,-0.3019310722675729,-0.19689761012705562,-1.1616492696807297,-1.1586638077663058,0.06884095185189074,-0.2622374295293714,-1.2254442319420187,-0.8572862763023723
2015-11-24,-0.24563737717182918,2.184258834863513,-0.8089656139952704,0.7015882025651791,-1.2568743063470287,0.7075359402156023,0.27515744307746764,0.21794330770313364,0.0162844745605758,-0.3634263124810452,-0.3997999162191718,-0.5337145973766234,-0.5971856932708407,1.0360329159236974,0.15502936401069045,0.2174602408148735,0.6460805265062056,-0.8572862763023723,-0.6050682161528854
2015-11-25,-0.06856558826139209,2.0531155865620656,-0.21279279246683244,0.8876337893397057,-1.1808061824907397,0.6904863615785616,0.29967265507588225,-0.36578902152307363,0.5895057585437593,-0.6986667292612609,-0.654312430680312,-1.020386022745486,-1.1512193925157157,0.44090757038677514,-0.4816020372959675,0.12394948032198633,0.28429183000376756,-0.6050682161528854,-0.7075475629212356
2015-11-26,0.7113030996746068,1.704901269782411,1.2647595316396465,1.063864177018947,-1.0761657359892374,0.743289959204691,1.0935399684132965,0.6343794187000052,0.7266176135395226,-0.25920335700388647,-0.8988426003560176,-1.2135113274677458,-0.7690458219396645,-0.3669699026840282,-1.132234751111174,0.10416404894024066,-0.31818980674051034,-0.7075475629212356,-0.7210130042585281
2015-11-27,-0.4477232767133241,1.2219801216236308,0.6447087200020956,1.184373769339049,-0.9568891809714098,-0.1323443981224975,-0.2399763846486908,-1.0665928765933528,0.4287551130833038,0.6536276270020079,-1.822378234531502,-1.3804006995983957,0.9707114152562235,-1.0240354855957419,-0.6458629971649639,-0.04593686925296222,-0.13028406174036825,-0.7210130042585281,-0.8934994746661384
2015-11-28,-0.7261385409744983,0.7249488896828953,-0.14574882782742046,1.2513504187444302,-0.924034149504748,-1.4630481461630516,-1.1496949770650222,1.6038021864087406,0.5248786036341485,0.12008575251301652,-1.777367220598868,-0.9812042518217046,0.5595193783061815,-0.17170725396233288,0.03318537740167759,0.018735205040595834,-0.1421139488712524,-0.8934994746661384,-0.9819901124402081
2015-11-29,0.9958407958376446,0.3377292175886223,0.010756767835177657,1.3084953791884606,-0.7964356393929487,-0.8917383038083045,0.34803720930942844,-2.1180314423465947,0.7704451125010191,1.0437688824035545,-1.3702854294724767,-1.4311098676909584,0.1259779783980192,0.2299770604419269,0.5379108684028101,0.015334900820903089,-0.26035538346374115,-0.9819901124402081,-1.0003227510369403
2015-11-30,-0.25065465559837236,0.035567907056721686,1.6558792740595767,1.332460031947175,-0.66731451565219,0.5531614879191706,1.0520872788443587,2.305396857228021,0.1811851704030896,1.5637481608750334,-1.7101634694550831,-1.7368838323667966,0.3218338388405978,0.9681847466190538,-0.07447728583316325,-0.038565177390060115,-0.3218190341794239,-1.0003227510369403,-0.9691033303143912
2015-12-01,-0.32949719513160314,-0.3009985890708719,0.8814829379659179,1.3307306198189894,-0.5942189150360931,1.295742428972144,-0.7100964473428628,-2.1614533230035917,-0.18928421202933804,1.9310054639490932,-2.242532056906449,-1.838678929152954,-0.12974045314051316,0.42016994713579386,-0.3940943217342367,-0.33022635329629557,0.7973601772881851,-0.9691033303143912,-0.902739714230779
2015-12-02,-0.052040022043901915,-0.7039816236252524,-0.7135117305591756,1.2806859838710654,-0.4706847057517677,0.5936370058720747,-1.0690492473856212,1.806466416537889,-0.8913759065992883,2.584167438425603,-2.1751889957944597,-1.7487878337469691,-1.0449127086667622,0.7038874532850887,-0.12423046614843013,-0.4563555718740536,0.06264538501894715,-0.902739714230779,-0.9115579127862131
2015-12-03,0.6793937446349545,-0.9073759035883676,0.4890693978370878,1.1947356706418153,-0.3425621038277553,-0.494581462673123,1.2411624993810129,-1.2492524365158568,-1.6275951070060408,2.5578430248148742,-1.371255931588835,-1.1508558481141014,-1.8792226559803022,1.7491165549568102,-0.846903770464827,-0.5845345353134125,-0.5178476645769522,-0.9115579127862131,-0.7891209512494133
2015-12-04,-0.8222967272429709,-0.8352687691002018,-1.2050003415921173,0.917775372417788,-0.18786269183396656,-0.6202648692536415,0.2591910331122519,0.3939334818875967,-1.9104608803487517,1.680387561023186,-0.2561281600635348,-0.23028738222857792,-1.7238892488194486,1.9857101514096709,-0.26528804285797547,-0.6339409222289846,-0.24632564778183935,-0.7891209512494133,-0.708713581593752
2015-12-05,-0.025795764409962015,-0.8071469568119695,-1.627267640704261,0.7796560241944249,-0.03960411502110731,-0.8748558324706667,0.2404046444269821,0.5414684898321896,-1.7866416336870206,0.6698849729155907,0.5370525542509916,-0.38682297237141533,0.19738483244480176,1.0903436720371373,1.5163498821130035,-0.4576302937095584,0.49984896677247925,-0.708713581593752,-0.7078693925334425
2015-12-06,0.6760884638652869,-0.9321359255586746,0.3977173031115577,0.5360992402893068,0.21026762820928638,-0.4916575734943793,-1.0069754385192988,-0.8680233718232807,-1.3836336556142759,1.1367399974690913,-0.0867003992338404,-0.6057354763352718,1.32778732273522,0.3872650972566033,0.2551017716573936,-0.3066498254655599,0.46456556282637346,-0.7078693925334425,-0.9544502922595022
2015-12-07,-0.7193622851313364,-1.1712893027687663,0.13998017822966305,0.2974155904989806,0.2985783000641962,0.5035227008980125,-0.21633936353374902,0.7634885599290357,-1.3171295543317874,1.2219027940668217,-1.0663868705348982,-0.7745203183692753,0.5289336430137126,-0.1462749306481512,-0.807432510706277,-0.39845279445788934,-0.14658332712488276,-0.9544502922595022,-1.1682631577671103
2015-12-08,-0.7412749017024134,-1.567853383088075,-0.12280217840414294,0.03281401560431763,0.41973346003285195,1.9218336132498477,0.9546633818987315,-0.46497346553763425,-1.001959034326209,1.5198874802207254,-1.9248168149904241,-1.3014966116800002,-0.33984983602524577,-1.0466426546152476,-0.5548151947463987,-0.4002256210578491,-0.14507243807469444,-1.1682631577671103,-1.0743043910603476
2015-12-09,0.9071590257409715,-1.7560134797120792,-0.24967605331757337,-0.26196430219142597,0.506186917314165,0.7842918798232161,-0.0662196965207352,0.0722342161704491,-0.5678997151244044,2.2816646070691453,-1.1689925351806927,-1.3255898547572382,-1.0966258097717358,-0.46396202175058204,-0.8092551924585055,-0.3711316811815129,0.18863518152807648,-1.0743043910603476,-1.2167819241570068
2015-12-10,0.16560195174142175,-1.4373679179423728,-0.3806439379824283,-0.5510354332347334,0.5676786513467292,-0.5791863570672753,-0.02227097064272022,0.36999387939919315,0.14947062161019492,1.9227531793836596,-0.9821008760640563,-0.27734456720409545,-1.1801678330685645,0.39433801641248306,-0.6433655238076205,-0.31169055561381964,-0.11439527907483633,-1.2167819241570068,-0.9647345501204851
2015-12-11,-0.842665077024792,-0.9831599304426121,0.679735866929753,-0.8141119956252161,0.5888836185623325,-1.0248559155233925,-1.072598294277798,-0.23941633586807662,0.07619202744843133,1.543907710674144,-0.8331432257173644,-0.17310913318646562,-1.0251794534890393,1.2795727554759448,0.8954747638869067,-0.19298854631339749,0.6374934359172986,-0.9647345501204851,-1.203999129840425
2015-12-12,0.8110142794838243,-0.4987072817537186,0.06496679804739916,-1.057408525127169,0.6421257053283674,-0.6450113168437138,1.3228045495629597,-0.4717173046114621,-0.5268916025160122,1.4582548239103974,-1.7336126449914009,-1.7305438220309597,-0.9604291320932866,1.0338938955609405,-0.9908718693275463,-0.34001474368283613,-0.4136748840332501,-1.203999129840425,-1.1493911114517266
2015-12-13,-0.3366758999470347,0.06857594347463575,0.6226565982835657,-1.2222331865348788,0.6817143779941944,0.2617906490620233,1.7584924870038805,1.1294685031476324,-0.7457635381936774,1.2201876556937272,-0.8678982906772209,-0.9164714735063574,0.1481933951919035,1.6104566786363552,-1.338003814723961,-0.4776788287656243,0.2547980969310796,-1.1493911114517266,-0.9398334060751489
2015-12-14,-0.1738200519176574,0.677456326579823,0.6856198456464585,-1.3355569495069974,0.7151389472370692,0.4693357714398404,-2.3963154381368366,-1.3219881879567386,-0.8997769948828048,1.52797965092561,-2.0820892309111443,-0.6330719399995967,0.2809493503277349,1.2022343238116315,-0.36157754539370957,-0.4773539487816673,0.09886845493927318,-0.9398334060751489,-1.0162955817660424
2015-12-15,0.2935412718192456,0.9968687120146934,-1.3068515374047749,-1.4069977243054876,0.7966273325834766,0.30901050527434015,-1.0915459606633509,0.9939592467009672,-0.7530181557476577,1.691666756857344,-0.37386943408213147,-0.5369747035217041,0.02592052157383507,0.21922443222366214,0.2959214206294589,-0.45906030367470546,0.24097434298747014,-1.0162955817660424,-0.7712280836045373
2015-12-16,-0.2135520129638677,1.0588804472670643,-1.3467229630419657,-1.4345604237951735,0.8122574184998239,-0.10607912928542053,1.9074538666567118,-0.3261252286611076,-0.24976361567067612,1.7426442321707178,0.2771719464052246,0.21874998043759006,-1.1701599957412503,1.7798631936761533,-0.4567571077788464,-0.4042971962758002,0.4127703865897007,-0.7712280836045373,-1.0623256184985754
2015-12-17,-0.14361506804550755,1.033255805236597,0.2106785704940667,-1.441878087746781,0.8458085203017838,0.008949740925437523,-0.46194387786604013,-0.34599409145788973,0.2244310695880531,2.0961605290425926,-0.6337260618610835,-0.04928499695377322,-0.6479937547639933,0.2516774895508246,0.38104837633078664,-0.31538022837119184,-0.3374880138899248,-1.0623256184985754,-1.0166963082316918
2015-12-18,0.30396388600769575,0.740133100653014,0.1902647326638449,-1.410060200173661,0.8140673198834368,0.16149049100372911,0.28385386118005,0.5608193922849993,-0.8223130126116046,1.7467861450153706,-0.4132876035842232,-0.6169785333641143,-0.04180077964802555,0.5735791153299382,0.4351085665186996,-0.47366432985795726,0.2060313826677849,-1.0166963082316918,-1.0300360608752643
2015-12-19,0.1773223397550587,-0.0083215233718331,0.6291601232718468,-1.18302906366683,0.6782242397859699,-0.2992250506351878,0.2797495861888173,0.05203193949182199,-2.0525845796555955,0.47974343841632994,-1.6553076520183931,-0.9721250664607783,-0.05627804543932322,1.9623467069992175,1.139324884729252,-0.3681940719148643,-0.11786150714441905,-1.0300360608752643,-1.0524158273231834
2015-12-20,-0.76167539492786,-0.4490273010031679,-0.16669605989810507,-1.1750213753807284,0.6691246427454092,-0.5911273844882226,-1.7572099406360087,-0.9910963394853918,-1.787132343117138,0.463678082486164,-0.9718555241124416,-0.9939881208506831,-0.478620677330443,2.392051520931608,1.9267042449494711,0.019202275578245394,-0.045487754789842245,-1.0524158273231834,-1.148205255643723
2015-12-21,1.198157016952094,-0.5782030657182025,-0.48008899444252406,-1.0417703462692853,0.5847396675638655,0.21581512289752863,0.9189951281916535,1.6235823621108945,-1.1753520501905126,1.3915191274991814,-0.9011319559903062,-0.8973549800865357,-1.824510442563916,-0.022217550001657607,-1.2812183185268784,0.05991520455931896,0.13318502816811387,-1.148205255643723,-1.2421944632391118
2015-12-22,-0.5585729960481314,-0.47518752202766595,1.6322657276960335,-0.8840990938610304,0.5156070076854328,0.56729651942795,0.6840053642019526,-1.6168193226322591,-1.927336938040543,1.1917943421395083,-1.2956858088410754,-0.4702977588997696,-1.3853478132093475,-0.09900955943958453,-1.1363512093744446,0.03805597488154152,-0.2675829366350796,-1.2421944632391118,-1.3036487214207506
2015-12-23,-0.19231498424744922,-0.2269880436142749,2.276739092796679,-0.7114994612614772,0.42446486347917795,0.019176956037403024,-0.9321189731132898,1.157638607736099,-2.0903961962655693,1.4086716643449182,-0.9141633627807529,-0.4156555727542837,-1.0494325458705696,0.10197010516126648,-0.9586130060906987,-0.01743907415488397,0.5863472184138291,-1.3036487214207506,-1.3678531882918459
2015-12-24,0.7828469035014498,0.16910102275822678,-0.6162310088219272,-0.5112762644431194,0.3424314988775448,-0.4168819404623096,-0.6461833351071642,-0.3233575010176675,-2.0559976919859886,0.632660755687909,-0.7803628233373676,0.7637710896057646,-0.6587052755332856,-1.081052575769881,-0.9121061974311214,-0.4196577062556809,0.12146788398074226,-1.3678531882918459,-1.1783080567805817
2015-12-25,-0.4260547994916257,0.695598386966485,-1.4638870865737315,-0.2198958601853549,0.2627329899755225,0.08595377386906287,-0.04923122867627076,-0.34759709401075756,-1.762993042881388,0.32366066952834693,-0.2557783895519519,-0.722613752918024,-1.3253945409507293,-0.759283452584803,-0.6094475339059198,-0.33169768404995625,-0.005404593871727401,-1.1783080567805817,-1.0708378295421757
2015-12-26,-0.47259422217665287,1.0983491746514393,0.9207131285624377,-0.19475051606788765,-0.06574054513551272,0.3625596113437213,1.3243881827784036,0.3774012516072943,-1.921360777009751,0.11182561094708311,-1.0516873643957947,-1.7502381577419015,-0.704067649619057,-0.4878464996067849,-1.4559823734781376,-0.3332868595823724,0.14895097623141942,-1.0708378295421757,-1.231257213820954
2015-12-27,0.9194418200684048,1.327810277358443,1.1507706008584369,0.03190251878881513,0.1147442830908216,0.0032517982307475575,-0.06547981795578448,0.08998496916833261,-1.9769833112048896,1.0010950411484327,-1.9870354938422632,-1.6026539736855832,-0.756835997315143,-1.2424593591994577,-1.2069379657960828,-0.44226153810646,-0.4832256380749983,-1.231257213820954,-1.263541125409044
2015-12-28,-0.3361814671331427,1.183087257815508,-0.37499021533540977,0.33311709792902566,0.29049847080973523,-0.5713277231050469,-0.7303592256219185,-0.5622570719857577,-1.9009038206314242,1.5217701887107937,-1.504982626685329,-0.8138631296748468,-0.7801563823845581,-0.3981166552589379,-0.9860928524467308,-0.5896302985410867,0.10141918651573807,-1.263541125409044,-1.4621818868554717
2015-12-29,0.1985000783312558,1.0878454625794016,-1.4072233492908985,0.6027330578560522,0.4713382619021624,-0.1366481276838559,0.6871650101385864,0.7656345877024293,-1.999455177448977,1.7014567010819621,-1.0494294160299116,-0.4388144820423431,-0.5811865724527845,-0.45808184760081055,-0.30558066907955406,-0.5743808554691733,0.400271418101839,-1.4621818868554717,-1.3114333640567613
2015-12-30,-0.6078507988606243,0.8479281832277819,-2.1147675383643136,0.8804530996008525,0.6733579752575874,0.01675332285223135,0.7185331772293339,-0.2992329910395329,-2.0456083907676366,1.7359025765107934,-0.3733603243969543,0.31679020678716036,-0.4517527708064216,0.2892197017887898,-0.8005081024011282,-0.7270817256108606,0.7816691307077132,-1.3114333640567613,-1.1260517289113088
2015-12-31,0.03607962016971854,0.48477764893352543,-1.3988705980732052,1.0696172128418835,0.863671714434011,0.2574992643218974,-1.2018159061755014,-0.6060519265725056,-2.3848388079331637,1.1358181020958524,-0.6253805168378701,-0.8003901734177908,-0.5248390546546247,1.037769493014607,0.2917083936249105,-0.8374367449959625,0.7393475670931541,-1.1260517289113088,-0.9131048243171225
2016-01-01,1.5620940486926898,0.0354033767032686,0.6970156316328201,1.1515540996852576,0.9958876876410211,0.5766308883134283,-0.563789468533254,1.2049648586525976,-2.1192055667050145,0.834774592149366,-1.1976105140879496,-1.4681920889173297,-1.8361049992177128,0.5257040310613642,-0.014682108325393264,-0.9970579475629097,0.8128168113559299,-0.8823165944929038,-0.5744811377012949
2016-01-02,-1.3869418362798656,-0.46863851832223885,0.6030143253373323,1.1860323526997258,1.1316200407627885,-0.06746112643525543,0.35294633595378916,-1.49896236102443,-1.79856053223569,0.684927523319439,-0.7251965064342991,-1.2848263990962576,-2.9659950741840224,-0.06952481367411342,-0.08083442398384696,-1.3662784151565621,0.4178929870011404,-0.5744811377012949,-0.4269830314231021
2016-01-03,-0.40023671649294407,-1.1100067305713595,1.3264678016196174,1.1943340988515208,1.3102307028335332,-0.8540298467367154,0.37942329208868425,1.0967279773171463,-0.5838420136117809,1.5691497934531986,-0.48199329239864724,-0.895913029840012,-1.2041845303900405,0.42715708274293984,2.282264362179822,-1.0248363260594162,0.7603720391433569,-0.4269830314231021,-0.18671571493133368
2016-01-04,1.6083480230680454,-1.3124744853622445,1.0678328927043992,1.1855641509213595,1.4811821261716311,-0.37173785490126116,0.283915534863667,-0.2762908700654162,-0.6193614269372741,1.6750918432848905,-0.4194924917281753,-0.11551293446024462,-1.166758113643096,0.00016290090923569626,1.3552472539317035,-0.7373141392270277,0.8334341805097499,-0.18671571493133368,-0.12983910044036776
2016-01-05,-0.051733357967767755,-1.32488249588489,-0.5414170275929044,1.5062067017310816,1.7268550715556399,0.39087648556266025,0.012786663840313364,0.3945030309110122,-0.07112529286016228,0.8725477208003538,-1.1179322527257793,0.781805042213509,-0.3928615836167531,0.22988427387791857,0.8824201578664014,-0.3833496093124219,0.22237547991365597,-0.12983910044036776,-0.3095128167289848
2016-01-06,-1.4494701306672082,-1.0852197023423975,-0.5007835753835217,1.4565577195383437,1.8264223101194716,0.4257880897424959,0.18246740829968522,-1.09657349296529,0.6892241079904385,0.4434020469891751,-0.3129250790043071,0.7341824916437096,-0.1797570793062216,-0.132080312829668,0.06391528352162276,-0.17551153369894382,-0.41252198003009205,-0.3095128167289848,-0.1901559000492083
2016-01-07,0.7755703196453314,-0.6773225644661578,-0.10502739930110272,1.356011775868731,1.8571376485243083,0.42537964461356376,-1.5791144070234417,2.0608846591495817,0.7380557245100323,1.0452462327352927,-0.25816757067269813,0.006876148492322659,-0.49920323371343794,-0.6278280810084901,0.25260834105044927,-0.014704264637745395,0.4645433009087676,-0.1901559000492083,-0.2243934847359869
2016-01-08,0.8135135583369528,-0.2692725698937969,0.7339885147459886,1.3112010341344167,1.8603047385209976,0.2562114902220725,-0.2878947006550641,-2.1013359935604257,0.8542379188651538,0.7498332528268334,-0.8359811085378246,0.23651247591958222,-0.2805010171255219,-0.2807135920778299,-0.2053224325726864,0.1383811879831063,-0.1688065299197098,-0.2243934847359869,-0.30923085119045657
2016-01-09,-1.1635286670997256,0.06272596621078091,1.8766484647489248,1.2410974707832543,1.7799059743923848,-1.2552876283655037,1.476655894568763,1.1572155812683025,0.8876868525314496,0.9666368985357808,-0.9750806216441648,-0.05240814523368144,0.1397846518376895,1.1897515259683178,-0.572880848272215,0.20480924914878246,-0.3251112131744819,-0.30923085119045657,-0.39060213083716516
2016-01-10,-0.2598812712939628,0.27727896805108526,1.6561825995943402,1.2376102958358215,1.671078258768993,-1.229256322437155,0.07654368401383918,0.20784154951264894,0.8648939332937509,1.049369110647167,-0.3997608133998851,-0.002015622914153556,1.1275581224215119,0.6795033532190371,-0.6357186211694029,0.19842086805052933,-0.4634385876489611,-0.39060213083716516,-0.4822553832416119
2016-01-11,1.1813213405202108,0.36767355773351207,-1.4782328985101392,1.1699087979195764,1.5024759109456918,0.8530474328757505,-0.5268606232415758,-1.4043554699616458,0.7058533275558665,0.27615828977521706,0.15297498530448922,0.43089740272807053,0.7400818090888716,0.2951271036329084,-0.8800391788440395,0.14240833662116498,-0.21105454186163067,-0.4822553832416119,-0.48781596519850967
2016-01-12,-0.03511004217199851,0.35703057862458654,-2.127842125252491,1.0874308657324392,1.2780610284783283,1.6277292781636308,-1.0715618843367163,1.9050314417315997,0.7848161694372575,0.8756240058018124,0.9900391731385951,0.33505075479784335,0.5026601229362285,-0.14448899541449847,-0.9574257509818833,0.12454028011830498,0.110052975023528,-0.48781596519850967,-0.4468014401424182
2016-01-13,-0.6727931863298778,0.205815052897945,-0.7682288496033427,0.9837276688642329,1.0615941296069697,-0.0979973868691961,1.2894962959009666,-1.6510256498770135,0.8055537835109245,0.23232056609336707,-0.1742296913432571,1.1484874238127893,0.29737436314189697,0.12754881878545268,-0.7549530893875219,0.013489867381182196,0.313054436946712,-0.4468014401424182,-0.41720305581713074
2016-01-14,0.041495473702821056,0.0016037797155709491,-0.7428219587825895,0.8523446366652011,0.8359074182896837,-1.2806104908251612,-0.5517552042700494,0.9641511784632255,1.239518618733954,0.7241831692750509,-0.71945741784377,0.24570554292658292,0.08070776689296838,0.026256799339015726,0.1306756084312062,0.03914766332574649,-0.04206914789402098,-0.41720305581713074,-0.3331993499325449
2016-01-15,1.4179436162146462,-0.27306137551203225,-2.029657998149642,0.6880512557020577,0.6035087039281826,-0.11857718562580294,-0.39589373624809077,-0.3035406089917941,1.1937012472617718,1.8031718096979268,-0.5797622075841418,0.7645965110844622,0.6628444368737296,-0.691208635594115,-0.5420067076480226,0.0018988269463596765,0.3742371080807584,-0.3331993499325449,-0.38389149883972795
2016-01-16,-0.8581962253442015,-0.4922099505486924,-0.8587326880481678,0.4651206985682075,0.3709247169157886,0.8047010569802869,1.7621044127554468,0.13163606499507138,0.2871161198120495,1.343880788765905,-0.2558207556920747,0.037372526137260234,0.4418350089482518,0.43089603994504005,-1.0378172459029735,-0.27505852318362844,-0.17910802365935694,-0.38389149883972795,-0.336269492258709
2016-01-17,-0.766533673570068,-0.6140313344607156,1.642791613496113,0.24092446403341472,0.12807120061850388,-0.06177208634686091,-1.55751666334176,-0.36192562007784523,0.29014129633435287,1.585205631638065,-1.1980007504844568,-0.364745504889685,1.108164682656926,-0.5547721410545757,-1.0473142828089215,-0.5480445556030809,-0.022340625932258152,-0.336269492258709,-0.41908334246436957
2016-01-18,0.5869395161728223,-0.59783850812999,1.5595489676774899,0.14427185630446895,-0.15283023516609265,-0.8403880414646632,-0.1504264140599235,0.5751472288938808,0.36786320379059195,0.09846252289986111,-0.43129045949372685,0.43512008574826566,0.04929691683672907,-1.0924990116286564,-1.288897426788822,-0.8709822526936538,-0.3117315217037915,-0.41908334246436957,-0.5438036845656515
2016-01-19,1.2569826947326863,-0.43989381429580865,-0.13426828409912722,-0.04638753104213151,-0.4084658213719914,-0.1290460148098306,1.008853327705633,-0.6687283051154005,1.0016547514851937,-1.0683759563302306,0.5185070443286037,0.0556669191965154,1.8955651781981318,0.9258643177526452,-1.3276068260475993,-1.1476746363528492,-0.37207488006258693,-0.5438036845656515,-0.43592442795346703
2016-01-20,-1.7598354800560847,-0.3021542988900464,-0.04583578928189567,-0.3373503182512877,-0.5579015298417992,0.7347636318899117,-0.1859694540026838,0.58326204993642,0.7365569603861463,-0.5518249127146487,-0.09958467877051638,-1.7031685551249776,1.7800031336191469,-0.002323921452048526,-0.7330086662525873,-1.4000671670355609,0.35051273216413076,-0.43592442795346703,-0.42279106653284704
2016-01-21,-0.1614507866040905,-0.060221452709836386,0.3636007862995792,-0.5152659630286293,-0.8471480745370505,0.6244011171518743,0.11706288009130898,-0.49716890767526206,0.4151317559407361,-0.06114783777579149,-1.5421351090929563,-2.022871275141952,1.4953734659646314,0.045585880799850334,-0.8820088055998676,-1.5709946795524476,-0.10780750242792038,-0.42279106653284704,-0.3773970411811592
2016-01-22,1.17762348773289,0.1538186314704065,0.06542283389407964,-0.6236791755232454,-1.0901051787983467,-0.07850357393428196,0.20807780781259538,0.6891813458184887,0.06288881837853469,1.2207927846705007,-1.3191805180152272,-0.6182905165965177,1.9737816629571123,-0.12537161872858388,-0.8401613340175343,-1.6217510849007728,0.36810043874228815,-0.3773970411811592,-0.32149999458042944
2016-01-23,0.3358672958774245,0.32464719813645576,0.37636167510160057,-0.7673191823316197,-1.242071211135247,-0.8792157083669077,-0.11904515544347195,-1.1525887164513122,-0.013245276351810751,1.50861057069345,-0.7838657698490565,0.3291485187244635,2.6604832966687377,0.23458670991155176,-0.6465619678039781,-1.6520110584179195,-0.179279649574861,-0.32149999458042944,-0.2694809756777119
2016-01-24,-0.6184869234716774,0.4707930440609622,1.483508513859438,-0.8182120536770937,-1.384202641644912,-0.4367771884542436,-0.9951947672253099,1.4371565892076317,1.059721204310722,-0.9101527419284083,-0.7108038464084774,-0.25521833030493757,2.586788237285675,-0.15035335335908406,-1.0395008375105632,-1.6728366700637896,0.3665634221593418,-0.2694809756777119,-0.2173887409502426
2016-01-25,-0.3532872794701863,0.4415895784732996,0.9547785280223476,-0.8505324105995943,-1.4787810294680834,0.5866406833430707,0.6911028382188319,-1.39766824414042,1.4375091438096197,-0.7503976523368432,-0.46496714469275,-2.6150564940378764,2.828344463829901,-0.15205486359965234,-0.7521270496433761,-1.629856254939858,0.3510025999402036,-0.2173887409502426,-0.19743178264176653
2016-01-26,0.8840592443784178,0.405672329942024,-1.1786841327431217,-0.8581981647746971,-1.5188188928128707,0.4137304159487487,-0.453027577912053,1.145812908227482,0.44666997577175993,1.7035206535530274,-1.8415011036009294,-2.270906069829347,1.8459875371455408,0.14020053101390947,3.3250426771843693,-0.7519422023973386,0.13586523365279657,-0.19743178264176653,-0.09299391602736372
2016-01-27,-0.40597536176271215,0.29936056060864374,-1.3508244210297853,0.7517526544854077,-0.13809833556826406,0.2713321999049233,0.40755718025404275,-0.6057809572322812,-1.7705490038317622,2.121512645538772,-0.9589170014386451,-0.227666508472493,1.7738778529410568,1.2175417461289553,-0.9538970653148163,-0.883849831806969,0.4209973970118633,-0.09299391602736372,-0.1285900561951372
2016-01-28,0.6481167033384915,0.21251962546512423,-0.37478974843276,0.5698300671402632,-0.29277081336504973,0.5249861686912425,0.9964088705983686,-0.4675437551660366,-1.6725173399064404,2.483817123703776,-0.3840781537794791,1.2218195658021125,1.0849200144965667,-1.58892788319571,-1.055311072562066,-1.0188913472066603,-0.07664642096535161,-0.1285900561951372,-0.0444733177108437
2016-01-29,-0.3444807829816255,0.10033946807681704,0.39389092170437395,0.3260975410840253,-0.4097740477340133,-0.3341738805484314,-1.2330058489564644,1.3877997440830288,-0.5233613550220271,1.945443796070095,-0.4615189954140848,1.7847860347100708,0.9363625066598441,0.030196070573049866,-0.6997630701066638,-0.9568656347910837,0.2983507618857258,-0.0444733177108437,-0.09481945408182713
2016-01-30,-1.038177999850939,0.33334323512165404,0.9272328899945477,0.09801300971343445,-0.5301909028961442,-1.5361273133944768,-0.5806615760641438,-1.534276860154065,1.2130004591675432,-0.27199224164105046,0.5675266417900239,1.1238419425562423,0.7071382677761985,0.21550238879922823,0.8533774300708049,-0.46221453751064157,-0.09638303861696203,-0.09481945408182713,-0.0036097947712184627
2016-01-31,1.0447722643994422,0.5868531914765874,0.013693877896255447,-0.11795201242269912,-0.6234786036064793,-0.7918376878866609,1.2739528318490425,1.1296713311825533,1.3688325422997787,0.393715057872588,0.21202010717777636,-0.5728840056305142,0.04919656937549241,0.6431783196555457,0.4698340705714272,-0.12659505958926257,0.24386421167275085,-0.0036097947712184627,-0.08005546096753142
2016-02-01,0.31507199050561907,0.764688093062043,-1.0733534459536263,-0.40405587432109813,-0.7149838736334908,1.4733505027611054,-1.232753643793053,-0.681114757844631,0.22140232128151427,1.0941121769285842,-2.290010039402864,-0.6791732552347131,1.2253162986057742,0.5163554673561443,-1.1071853176673772,-0.18040466266229926,-0.12972240893151915,-0.08005546096753142,-0.1806929344384091
2016-02-02,-1.4940140077854596,0.8670028583318558,-0.17218874608769863,-0.5108872481995115,-0.8234273630981319,1.3093825474148513,-0.4994144410775761,0.27625989606492113,0.33151595122526534,0.7596969859637395,-1.394479951657601,0.1050402498611725,1.3359667703769356,0.01562695680654639,-0.803622550626207,-0.18257884579946582,-0.287017283599012,-0.1806929344384091,-0.3645387264143724
2016-02-03,0.9878629383206606,0.7518270629580551,1.1526782952769443,-0.7395915435938237,-0.8072929289059612,-0.22710585329674776,1.9821507708680361,-0.4285602311257662,0.4423188982530589,0.49562536239496696,-0.8722770567565153,0.7201527730536911,1.2822142396776908,-0.15975207461958013,-0.9561113650257833,-0.26459051244651177,-0.5293032292722948,-0.3645387264143724,-0.47739134294527225
2016-02-04,0.856357669033219,0.12753245358925622,0.8425994832775792,-0.9667477839899639,-0.84451265085452,-0.6157225492160799,-0.515422864588058,0.8329397514712352,0.15235117381562763,-0.04725360198355899,-0.6645986239908179,0.2005603797882697,1.0650111770895407,0.9217104951947326,-0.16063241940257972,-0.16813017551762346,-0.11130809667148427,-0.47739134294527225,-0.4426218823816485
2016-02-05,-1.1336835535012875,-0.9247355847209037,-0.3096662577273443,-1.1644576250251384,-0.8803064910553036,-0.57524665529845,-0.48605470755665336,-1.1760394724595884,0.37899242739494626,-0.5205417801220198,-0.21010569259489262,0.5319441516799966,1.6622799437647369,0.9128172721267955,0.660864569212105,0.05732423736354622,0.19377739036613698,-0.4426218823816485,-0.27910380720183475
2016-02-06,0.005983497550059081,-1.4555626115547646,-0.6441541368576486,-1.3769065060936974,-0.9173743173896721,-0.5205696814845937,-0.09813324456512425,1.3682092117273792,1.527035041051137,0.4109572303911867,0.7917951223144118,0.04944478248124144,0.7895879403834162,-0.2639494316717452,0.06701269282218944,0.15780717459297064,0.2737558693418492,-0.27910380720183475,-0.1568906139384689
2016-02-07,0.4949896461244391,-1.6869245355689062,0.19123620490743307,-1.5073068054909808,-0.9482616991708313,0.40143589609813185,-0.21641188350279342,-1.3132799950399654,1.2509151876982545,0.8202152610664767,-0.6953042147124334,-0.7623854726490465,0.20712482831807486,0.7622877263073572,-0.6704571750808583,0.08441099278788569,0.16764215818862496,-0.1568906139384689,-0.34874004269256564
2016-02-08,0.3048316023408473,-1.8438495885574688,0.8711892082309333,-1.6136494405557023,-1.0326326439475464,0.7500776323953173,-0.47399988915315727,0.9600224558006396,0.3945440160093528,0.7617318153345423,-1.5043451186370744,-1.617232758737788,-0.25230769012679766,0.48175152271389676,-0.866881950049145,-0.5457330019803482,-0.49223644938710515,-0.34874004269256564,-0.4138479368618195
2016-02-09,-1.0154112860894695,-1.874531397647148,0.4827323565816911,-1.6545370532295849,-1.075402999969205,-0.2876838711414073,0.40472404243871213,-0.6755548469581594,0.02246516152913156,-0.39855443227263554,-1.4947554774260132,-2.3980944635905113,-1.7169718805156053,0.42699799990986037,1.264495476887254,-0.3046387588875612,-0.1449584212844768,-0.4138479368618195,-0.4446504589717256
2016-02-10,0.755714463251864,-1.7420528735228364,0.10779809122393331,-1.6782788597058544,-1.0601958108493303,-0.9157443368208471,1.1722716509430888,0.6300723816084768,-0.1921859811219414,-1.1764978424821615,-1.4939137491069343,-1.962080626010572,-1.3883856466511861,1.730189903133918,-0.6673150365132143,-0.31146889876230727,0.14722804707849438,-0.4446504589717256,-0.45754998942001746
2016-02-11,0.2861321735019663,-1.015291272223126,-0.6860875266962243,-1.635312862670973,-1.0019653299017044,0.21927994716322027,-0.67783449366054,-0.6293669053058591,-0.19762665083771416,-1.2469730937530006,-0.26447680139401497,-1.7671808874627564,-1.9560337014448812,0.7723340411501115,-0.010250581025838161,-0.25534682013975923,-0.2887574966050309,-0.45754998942001746,-0.4217410103270939
2016-02-12,-0.4184720457009742,0.2575697910981534,-1.7975480249986235,-1.599791086258276,-0.9081771534353545,1.2174178270172649,0.5579023227033372,0.30214210539760133,-0.17752993404570314,-0.7722684042887499,-1.7085589584419467,-2.4346496473110975,-1.6893177393148398,1.0087145010050047,-0.7201205784544551,-0.45075216167328497,-0.16322084036390538,-0.4217410103270939,-0.3075842416954127
2016-02-13,-0.5764103379984739,1.086394103990878,-1.4762917958073805,-1.5551411258469319,-0.6355667457001225,0.6956230765802743,-0.5417838637944312,0.33938172086937163,-0.27333401492118,-0.1498822087790501,-2.0682362407215096,-1.5359458510082493,-0.9900882276125932,-0.15993031880117906,-0.1803206671117661,-0.5128096698438761,0.44047673006319676,-0.3075842416954127,-0.3399036016437873
2016-02-14,0.7866522425245918,1.4364931565267298,-0.17294365334461945,-1.4616912207508561,-0.46919805573393636,-1.3037304295777135,-2.1532687272515774,-1.2194445058124521,-0.27853287272692145,-0.935689341529047,-1.7176198729887657,-1.2066967187234856,-1.6255047549464579,0.10914825971400674,0.31783635980895136,-0.375558328834357,-0.2935641698299982,-0.3399036016437873,-0.29744045860800405
2016-02-15,-0.28028100325427874,1.5453000065944438,0.32628397551864297,-1.328970437426523,-0.2885174485011299,-1.3763494003684615,1.1974891619687489,1.946286591322849,-0.15766031938113917,-0.42802168848085237,-1.4342454843539079,-1.2396297191027272,-0.2442999999278437,-0.18981526129364934,-0.26789368188498286,-0.31534170153946534,0.20421356114517167,-0.29744045860800405,-0.2652606867398648
2016-02-16,-0.2123117591420887,1.4363834325818676,1.682518446794013,-1.1473063724609818,-0.11079090903211827,0.46949214784637866,2.296374719245501,-1.8053996557820908,-0.6622405825872775,1.0365876290439404,-1.9751938022936528,-1.1838875428452507,-0.0983682078741889,1.0828464832680824,0.2581788117922616,-0.14499752675538558,0.12185883762763713,-0.2652606867398648,-0.3563635782027754
2016-02-17,0.18234483361203796,1.1478873127784839,1.3390220217639668,-0.8619680203649033,0.003735131186494007,1.3480335397251033,-1.0998873941868397,1.2591237923268257,-1.1708692101606613,0.21704384031612264,-1.8279601131022913,-0.8915368034516002,-0.7990700956498694,2.4383472627759377,-0.5552938173396601,-0.18162454468804531,-0.18710479056695148,-0.3563635782027754,-0.2195965647414338
2016-02-18,0.46387029295611165,0.6868821934132542,-0.6848273073991951,-0.5981952771816298,0.1557331953096909,0.7882867644723031,-1.5581017497639997,-0.5622336342927755,-1.3479381639490282,-0.49562608738583075,-0.7075986865925392,-0.43515555665407246,-1.2794343655097298,2.5283373140849013,1.0715426555746264,-0.16193649596582643,0.48387180426582943,-0.2195965647414338,-0.17337992690010873
2016-02-19,-0.697275247946947,0.10386676488108046,-0.7280010582361803,-0.35411938205096055,0.2665690520731727,-0.601550696403652,0.4553074933908337,-0.15485903284951724,-1.0390004709921625,-1.4504004756228313,0.1666565929906203,-0.7292837839102506,-2.2710392443383305,0.6307980593521729,-0.5799486369523831,-0.23399420347506714,0.046630451268955764,-0.17337992690010873,-0.3893171259921662
2016-02-20,-0.09976809520994998,-0.45449867996379534,1.40093725351738,-0.0708580505245435,0.385135550420833,-0.9727079335908253,0.43190751701445856,0.6705294873462677,-0.3090618311912265,-2.1626838907270485,-0.8109271965256315,-1.5289804565761629,-1.8228189933379528,-0.1629201925060046,-0.5597785099223775,-0.18260771053881214,-0.4363881339924851,-0.3893171259921662,-0.4667741857973696
2016-02-21,0.8228982968357228,-0.7075523079779173,0.35023362650406237,0.3462535258634383,0.4811193407626824,-0.5930317760878833,-0.853945569954633,-0.8611529900385478,-0.851743465250132,-1.899421254897169,-1.6374633298000134,-1.9706166020951457,-0.3672483497189772,0.597964269314944,0.2988346719506594,-0.0784166699159383,-0.07622782853263511,-0.4667741857973696,-0.44302766743744015
2016-02-22,-0.3411603881638874,-0.5697011212821345,-1.605952500855129,0.6503134591442153,0.5318383264318991,-0.026733869896014777,0.3799814001061372,0.7044549316940092,-0.3806937744940419,-0.9031123419181468,-1.1279696841737001,-1.0495704712317808,0.5242264865202988,1.975618406830586,2.1118450492823784,0.028524676530218784,0.202917370585472,-0.44302766743744015,-0.27114768884694657
2016-02-23,-0.5959355453581526,-0.285806308024669,-0.39278839849349495,0.9235064282096247,0.6231631148328791,0.6764055519244859,0.8623828992198102,-0.20507060244807054,0.6109481516385407,0.15853680139743168,-0.5425835356855048,-0.8889112403807607,-0.020770928291075456,1.6381497291285931,2.5446170757978344,0.48379274072569345,0.3030356479563944,-0.27114768884694657,0.016767575408387823
2016-02-24,1.0645385835729135,0.03758881753914745,0.005259161187628863,1.1847336033897304,0.7073568488622327,1.0124408141845436,-0.05228765161260216,-0.37918376130264175,-0.09648165176194021,1.5749175093958958,-1.1883756816218787,-0.49781661007748784,-1.2675511107988502,0.13469241707606955,1.0533835489720196,0.7033980305567031,0.7238611155128988,0.016767575408387823,-0.1747957205328189
2016-02-25,-0.5306185912593959,0.34941729483285494,-0.7611614940798345,1.4106747064369902,0.7808746951189777,0.30942231762794636,-0.22713635268832982,0.9072636840737222,-0.7989987956686875,-0.06916345891402845,-0.9109383114930916,0.4184693070855788,-0.4732877407829924,-0.19451401939451549,1.25966264457731,1.0950699872589496,-0.5151129126620633,-0.1747957205328189,-0.21627068331645877
2016-02-26,-0.22787243456509906,0.5612417839883503,-0.11859806871436979,1.612885694157497,0.8493215698157732,-1.0169168678322726,-0.8411895000416965,-1.0603419652318178,-0.19262606874591245,-0.9701916403016898,-0.16579061829652308,-0.03459558649650921,-0.49619581323643075,-0.40190282975874775,-0.045368382650386965,1.0017031683481927,-0.07756147686033282,-0.21627068331645877,-0.2755861596642571
2016-02-27,0.6382498365249589,0.5981709241144274,1.3125128715104974,1.6296878822935936,1.0492828354573955,-0.7978328370071142,0.3826345697744695,0.822839211916316,0.4729295573759769,-1.2584722571953713,0.16835497631493765,-1.4821542407710309,-1.364927641123718,0.40897336838485776,0.3340864706107484,0.9881038991122185,-0.08856951409019713,-0.2755861596642571,-0.2723577112542709
2016-02-28,-0.8910954884771454,0.41016032400620467,1.587730631379506,0.5327626568228234,0.241614736696363,-0.10030386385202489,-0.1747723301681274,-0.06579220373402636,0.3713760981505145,-0.8613884003366242,-1.5728138375047906,-2.1510519009306037,-0.9121014641228922,-1.110210855556453,-0.6597528836018691,0.9494483695161972,-0.21943742767942348,-0.2723577112542709,-0.3345051789983173
2016-02-29,0.8533674401747404,-0.05766624823196769,1.1808561969285076,0.5303593400724678,0.10044114683658774,1.211988784159889,-0.04169865121206623,-0.03282579421497916,0.2849973397939895,-0.24303428639940505,-1.995330528897825,-1.8672335646513825,0.08457561502386093,-1.1044380758582601,0.2233913552131459,0.9927321817734405,-0.4641765313168488,-0.35722801639433227,-0.3636157505800842
2016-03-01,0.5610834220627746,-0.2704277364800176,-1.772399085938058,0.4977833634985734,-0.03840524563897149,1.5277115052647277,1.1254171253560272,0.8813843369325719,0.27104972319450027,0.3447894218190978,-1.2728186211704697,-0.6815030338414967,-1.2528965662161784,-0.6434141855242246,-0.76688803637126,0.9344345595872043,-0.25212790737498025,-0.403962235065918,-0.37316486190333004
2016-03-02,-0.015854927564850886,-0.6113152670735383,-1.1469163480619642,0.5674360395627215,-0.06655858131591287,0.02171670615085751,-0.16871009935849324,-0.9478409786458484,0.4176365640472643,-0.30521316213164484,-0.6882262907235746,-0.1507470611259247,-1.2463738863589315,0.3860104633887179,-0.607658105445876,0.6118256477885577,-0.11806220438711552,-0.37316486190333004,-0.3754490125010816
2016-03-03,-1.0927025686556278,-0.9116000333407879,1.4944107645686469,0.5146999839481975,-0.14482011541051676,-1.8962709126057342,-0.29805958041501057,0.7629320272704498,0.5273683558534876,-0.38099922412766185,-0.7966209432142913,-0.3535081166488539,0.26212060113287516,-0.9267982518919352,0.21329483208649955,0.6720431860224949,-0.05846236692759664,-0.3754490125010816,-0.3839950677773581
2016-03-04,0.057500207494319874,-0.9821130324871301,1.593246715746508,0.3010141453134699,-0.20636189981621322,-1.2015592762958602,-0.09740826867356583,-0.41286132464414177,-0.08174653444061593,0.16373984242804668,-1.2036041851356862,-0.0780785981367115,1.139570592173852,-0.7142310474371754,-0.6611533217447401,0.6101485500325986,-0.21859524282001289,-0.3839950677773581,-0.4561287273564114
2016-03-05,2.0353668677072,-0.8729850914057391,-0.7563200394615897,0.19971991228505076,-0.26345849640357155,0.5258038421481531,-0.2229775124357236,-0.10253629478536072,0.12123863593223833,-0.038421338217411345,-0.2750415279835336,0.5147399997311701,0.6776101520050093,0.1853124296795069,-0.10614773610316613,0.5976355498450042,0.21387020633646925,-0.4561287273564114,-0.5751027022234536
2016-03-06,-2.168823313980713,-0.6155732815589421,-0.4081758146534917,0.054043609664069625,-0.2859009453448216,1.273188340444018,0.9070700469772656,0.820080986826531,0.76835737934522,-0.08026184168312679,-0.13981677543564835,0.45737112820545045,-0.5451112643223602,0.39282348561467406,-0.88915692439977,0.29602481271124187,0.04841044071005798,-0.5751027022234536,-0.3406087140606431
2016-03-07,-0.5030416963094868,-0.23492776018418687,-0.13592072315713022,0.03634351171665116,-0.3615595318820754,0.7257650829956357,-0.6870123627858601,-1.3445718968915232,0.9203993893263744,-0.3232295076709075,-0.6426351843411058,0.6124023976547285,-0.09895404328048484,-0.21401706269627135,1.0725777907743281,0.11413173803978986,0.07395231764113575,-0.3406087140606431,-0.21276834277276083
2016-03-08,2.290988342537536,0.3849699724426279,-2.405349337123389,-0.058609424896377535,-0.4109795694249105,-0.6721945653144678,-1.2888735134836637,1.4496071196229738,0.9414878810966941,-0.19559379571180768,-0.6725789085955086,1.4661185437345656,-0.6021195699279881,-0.7142861869900212,-0.5205144892449077,-0.11275580605477271,0.30555515714696785,-0.21276834277276083,-0.1486992681933607
2016-03-09,-1.3708161055498058,1.1968813269448306,-1.8413453603948151,-0.12182629524051623,-0.44712338772658416,-1.193369718566134,1.3962153169051148,-1.3265490771774497,0.006392300043727828,-0.6378589280344463,-0.41657980052657184,0.9063220338506272,0.509204157880751,-0.4320857520224126,-0.0625678619356788,-0.3071675691616407,0.18245265212307207,-0.1486992681933607,-0.3779178428943468
2016-03-10,-0.9678546271466754,1.8625475462645407,0.9958078143079527,-0.17964311519851686,-0.5009112329480099,-0.33850966106042046,1.0666967713252533,0.983185623674281,-1.2370262534040812,-1.0146226448195947,-0.7388957141782156,1.0321619641271913,0.05572367363039552,-0.4017962715041357,-0.36961551578335605,-0.3705766009291223,-0.3218608749459349,-0.3779178428943468,-0.38525931357411614
2016-03-11,1.8101519201993828,2.238421774628942,0.544616035106814,-0.2262798302834653,-0.549972141114005,1.25677469807728,-1.229681006640774,-0.5508012342835605,-1.297182755873312,-0.12560098340449816,-0.48184763861678154,0.4189719316614096,1.1723232523471911,-0.7483883731391975,0.09348407610437875,-0.40939709821490516,-0.26832453051841293,-0.38525931357411614,-0.31838571037437285
2016-03-12,-0.5353876343536528,2.3512051175961752,-0.880277789567514,-0.24613283736750088,-0.6339031649234951,0.7535159627642893,-1.475704735257443,0.3725415649262901,-0.7340574569179085,0.1097535338822332,-0.08985660882826295,0.19861852125592078,1.3226609120872406,-1.1837885849596144,0.5125864518968186,-0.2760962034998215,0.5004690605300482,-0.31838571037437285,-0.4047855813464289
2016-03-13,-0.8220919250792803,2.144446213444493,-0.13756026793096152,-0.2201167789686118,-0.6979272026882217,-0.9830981495422054,0.8212827961381158,-0.5206109464248352,-0.4695704711799026,0.3350721830903263,-0.6549636426186952,0.650942223019922,0.4662070039501147,-1.4278810683234375,0.018377676916601877,-0.323667427645557,-0.00521404510842754,-0.4047855813464289,-0.5295459885760148
2016-03-14,0.8931398375822712,1.3740340852381885,0.27288866862340877,-0.25026474682971656,-0.6862485839263068,-1.199927380796926,1.2120220576686966,0.917433125767103,-0.5050955038407597,1.1139959854544375,-0.25343388471370604,0.7264194659230314,0.3743588571177692,-0.8267047760971111,-0.2300178506446359,-0.2754600696988366,-0.19084413082240187,-0.5295459885760148,-0.6718683563365044
2016-03-15,-0.8467500886201654,-0.0034543386845519953,0.3092325342094558,-0.28348232399307227,-0.6103251422753329,1.0206324405667677,0.1633743514700133,-1.2298604804935702,0.22197372639062682,0.25091863366164874,-0.48961492949662816,0.5299113753850686,1.5172670202621683,0.2970626347320194,-0.0075313067039679115,-0.17514528154630735,-0.27420201854531073,-0.6718683563365044,-0.5989713874726494
2016-03-16,0.5997696661948869,-1.1167041265151099,1.9621738866238727,-0.28142760479769036,-0.46769754882737735,1.6581969018852682,-0.34539578758053446,1.2539915391387708,0.6314625823910327,-0.12765809002590933,-0.5570078007819269,-0.01779273880078811,1.0199995314229333,1.3885467934106384,-0.15306511204373233,-0.23265633355467083,0.13510187024040488,-0.5989713874726494,-0.2472869087695097
2016-03-17,0.29451889878035936,-1.689305867204369,1.8563522866932596,-0.32473274540830727,-0.40816393405313495,-0.6838548976359844,-0.6668579435975713,-0.9376700259834134,0.5688279173831213,0.01861857789782813,-0.5883334446719432,-0.1783412208378213,0.5397909824053216,0.972491017658648,-0.8330117124388182,-0.25292244684083964,0.6786184344879662,-0.2472869087695097,-0.22162024407806824
2016-03-18,-1.630071532480932,-2.0628833468104433,-1.3343402525936319,-0.2730629020553467,-0.21998715380577405,-1.9952271019191636,-0.547078044011587,0.512311640635913,-0.3334195085167563,0.524665972180401,-0.4215502744618613,0.046540054898171444,0.6409645555202987,1.3685633066042806,0.9257539544188016,-0.030187367010771078,-0.07770371042146387,-0.22162024407806824,-0.5145986431411766
2016-03-19,1.3644007123647903,-2.283852290059065,-1.2086092847390366,-0.18175790533726247,-0.021878356650868416,-0.12570489424899542,-0.04454872464961771,-0.16871195211209997,-0.6836730677894609,0.9247415303417859,-0.4761830837395853,0.551026720298772,0.2329613813134501,2.217971279507465,-0.7445813027905199,-0.054290363123337154,-0.6137467352710633,-0.5145986431411766,-0.7215861848909633
2016-03-20,0.35297829476985787,-2.379621031031336,-0.2930278587727758,-0.05983695137702084,0.25464496998900615,0.8497471586810691,1.4819988898355316,0.04624031947812359,-0.893084068585745,1.4590899841091165,-0.35185706242629977,0.612134504532652,-0.7114132722328449,1.9313696052578735,-0.762086313486393,-0.28687445263654987,-0.46682750435750203,-0.7215861848909633,-0.6220703640792317
2016-03-21,-1.3882108966403996,-2.188706053862018,-0.5424056713894592,0.06717985600943363,0.3999648244914745,0.42522789133229966,0.33195419166670753,-0.1337050173580328,-1.0404028128595542,0.38760028319164075,-0.25670733162661347,0.6205718495041899,0.032436139273144274,0.2328673788347333,-0.7298513574669482,-0.31501390350737934,-0.20952604893715512,-0.6220703640792317,-0.70911426333807
2016-03-22,0.1918801709141355,-0.9975874901883587,0.22246580355326923,0.16818104264230802,0.5114287136087529,0.021548336346698404,-0.6079928124972708,0.2360555958643901,-0.39017301281156647,-1.4080963160608955,0.4820259973994486,0.12288012532178764,-1.406504846254606,-0.1277852285771852,-0.5213828842497162,-0.3773744186018547,0.17855035833945324,-0.70911426333807,-0.6143732901611194
2016-03-23,0.43167343228212945,0.40003823150577983,0.8389256828324148,0.1882804440034967,0.6556984987123762,0.018319684767722312,-0.05389561187576007,-0.16274782391217368,-0.5089674303195995,-0.6615853039409437,-0.6848542765993849,-2.032434197116778,-0.4710423483762337,1.2384410380124937,-1.213574110095707,-0.47615965292837203,-0.3545181488248573,-0.6143732901611194,-0.6226314771048671
2016-03-24,0.739853110522364,1.1103697435988005,0.32899506802205386,0.25434040816516357,0.7171063519934994,-0.24471644009022003,-2.399346765427328,-0.20839889036588066,-1.112668073161162,0.37580958459433644,-1.6256917417248449,-1.412674702740599,0.03735352757722208,-0.003036025129608156,-1.3142100012774174,-0.6625893366972838,0.44658217088677915,-0.6226314771048671,-0.7116529909867337
2016-03-25,-1.6619446780919755,1.3496820445648292,-0.27093617874533654,0.3266852408640947,0.7547502987481566,-0.44310197695872205,0.5928371165975492,0.5063892822144903,-1.627846385372622,0.9364235478627664,-0.7845433185608184,-0.4277648554000574,-0.42356402621623646,-0.7616701114269425,-1.2798035829958183,-0.8626822170996072,-0.13116903309809,-0.7116529909867337,-0.7391114450467766
2016-03-26,1.5427963932184392,1.4961461559014484,0.11420541130285432,0.3649257284765739,0.8063888372646584,-0.020471461734278475,2.413171886745673,-0.6385330054253432,-1.7915074285844708,1.2546710605957458,-0.8005315109362864,-0.4551896794269061,0.16545326649054748,-1.5057382563710051,-1.4032453006225643,-1.0320705991541879,-0.2894257634764978,-0.7391114450467766,-0.7209643485584659
2016-03-27,-0.6363506280294312,1.5969684703713427,0.10825896202607917,0.3950801546580568,0.833685198496976,0.5249854890904081,-0.7703648963723971,0.6255226223536253,-2.023982461408836,0.5139572346498452,-0.8730964632275425,-0.6539744228385398,0.3822662552929616,-2.059658142772727,-1.4836588776641226,-1.130152726404716,0.28585727798712696,-0.7209643485584659,-0.8207764944848767
2016-03-28,-0.4467927975476136,1.6783742588878712,-1.2391014577891148,0.3999831137761087,0.9505395740322957,0.345193536063355,-0.9181892082977309,-0.2664945234235638,-1.9068670968302832,0.4810668462788683,-0.08952903573887354,-0.1700956776354188,-0.7823545743731705,-1.2912491162087447,-0.27209629217853515,-1.105218995582548,-0.22303280234760756,-0.8207764944848767,-0.8004365968219003
2016-03-29,1.4699320091014476,1.612896793535831,-0.9142726093521844,0.41948121585998105,0.9548553797923676,-0.07353537722064259,0.052982687553421816,-0.09912326338595011,-1.0660676741135824,0.5269782114209497,0.7204720555199484,0.22390037133830526,-1.6356112019305704,-0.34636789655117245,0.477662835851557,-1.041780325001565,0.009886385172526858,-0.8004365968219003,-0.8131178003212624
2016-03-30,-2.5208380871205214,0.934387453672267,0.7200143921769997,0.5424845084188055,1.089413734349979,-0.10417855927654149,-0.4075767689634363,0.1399358036959053,-0.8072660460967577,0.7722328351189461,0.49420917010191723,-0.11644101119393267,0.6510116022441792,0.027831239845622777,-0.5003650351795544,-1.0371876854979265,0.18941938536315864,-0.8131178003212624,-0.6960213233390294
2016-03-31,-0.13077719860596274,0.14171101746618878,-0.20703924532778184,0.7420324788779471,0.5820789275415135,-0.21542845050402057,-0.015114049679369843,-0.23840120876686086,-0.3541059331920686,1.3277468399400687,-0.7365583642860496,0.022239136675956835,3.046085017005257,-0.1266772711921906,1.0423498659817718,-1.1360975667798334,0.6519410637566975,-0.6960213233390294,-0.4242069415773493
2016-04-01,1.6549711549054553,-0.26565107481209743,-0.7154311943456911,0.8183426027743976,0.6537222936982013,-1.36902604267692,1.4317398731287125,0.2894181597615553,-0.11822922551063798,0.9960869264650287,0.2993272901309277,1.1144878527137003,1.1443928218766197,-0.0729362003883378,0.8197271402156361,-0.9860749457534176,0.14103966677654248,-0.4242069415773493,0.2876603529576304
2016-04-02,-0.4105355785393956,0.04579146293815263,-0.6970414695044406,0.8917498326189351,0.7195422141435749,-0.14036256810799924,-0.24499372215070772,-0.4841625265669128,-0.34068667596103713,1.5989057030362905,0.18567855014742554,1.2624080179671602,-1.0376866323476617,1.5606767270052053,1.1064785382717972,-0.779783616889332,1.312680724575034,0.2876603529576304,0.17926807194467057
2016-04-03,-0.9894257581277717,0.049833334572401404,-0.2959955795849357,0.9575333244820252,0.740112270770393,2.1460489006004138,-1.6834035893705332,0.7532761856223724,0.04998982317608979,1.3916628019616346,0.7302914140749039,1.4875881166741862,-0.4427792135422346,1.5296463170823111,1.716514535301277,-0.516270487955008,-0.296519423627678,0.17926807194467057,-0.41937572014700353
2016-04-04,0.37217654533528616,-0.0043913041174507205,0.8479791843872521,0.973687731692849,0.7651779038486406,2.1463920423340643,0.7768263053210741,-1.1172392266894189,0.47733231544123583,0.19775638081907584,1.2746165083268617,0.7295320278842397,-0.5063072466092758,-0.6184003444238886,0.6548840616517976,-0.3218636919502743,-0.8664927492665395,-0.41937572014700353,-0.48643171300343685
2016-04-05,0.5913510872123968,-0.11514374006426117,1.3671217962803714,0.9419345250379906,0.8127538026128394,-1.5509583417817467,-0.00967691564521978,1.3076311731196573,0.3943131144314667,-0.35335446616674127,-0.13794225346877703,0.27524604624623283,-0.3098351677683582,0.509065788736596,1.7365194430052597,0.06790933978656355,-0.280822918968691,-0.48643171300343685,-0.3947402524972748
2016-04-06,0.7491312919319666,-0.2715181777132589,0.09308950519547284,0.8328914065228871,0.796430976936885,-2.9994366263718475,0.2572077849254404,-0.7117913341211964,1.2966626940120192,-0.6106618716818103,-0.5618257068370188,-0.42528059698627235,0.6707611085876768,0.18170669544225998,0.6287635112063233,0.4243677899525676,0.20800091375761381,-0.3947402524972748,-0.48798632362787614
2016-04-07,-1.5608421609049603,-0.3166137234194029,0.5825265406954171,0.6362369341203455,0.740009876829967,-0.6244293624654218,0.2506631040500606,-0.31244771477412797,1.29065957287717,0.01494976670685917,-0.854353394945527,-1.3214614945760585,-0.8496977396940626,0.641918677225143,0.9852917198100573,0.7833053797944998,-0.26681912881235675,-0.48798632362787614,-0.4873793514050089
2016-04-08,0.7452729889380851,-0.32715436818498606,1.7253468692248404,0.4361903086870357,0.642845666107106,2.1057838956395596,0.10468912730159967,1.465823249148237,0.8439659683293047,-0.0500782419395697,-1.4022685220568953,-1.2430387960488163,0.7995230537007421,0.7414714054728836,-0.28033880230887087,0.9761697444019117,-0.14216216803492399,-0.4873793514050089,-0.5702875917461059
2016-04-09,1.5182556216235656,-0.21424782457422228,0.35802954707477,0.23878490322378462,0.5691132799889468,1.840949083233366,-0.7546149748393656,-2.31205989455665,0.7252771827762992,-1.0733630216234002,-1.0158283977911113,-1.6535946484784199,0.7199057470630303,1.786502783273306,-0.44099049719894,0.9938056094683538,0.12363918684560792,-0.5702875917461059,-0.13898023162814133
2016-04-10,-1.4104974535731265,-0.013540728695224534,0.36835794710479297,0.04950497474457858,0.4041039265241675,0.28376382258202715,-0.5351200745475916,2.3853727743564006,0.34481820767864085,-1.2087708070192102,-1.4889794927344298,-2.7921614231803455,0.45283528482393876,1.3571315773666603,-0.010496307523518383,1.024386012685279,0.9800701861643251,-0.13898023162814133,-0.5558269086516564
2016-04-11,0.8654301653959267,0.2802673797702475,0.568775213281484,-0.10137565506103638,0.2846364471559054,-0.9513145603030675,1.0969662492348229,-1.5742880976396456,0.3833917873870403,-1.0152981289900305,-0.9400909241668337,-2.294160272922089,0.2604192825183408,0.5028542477422954,-0.6072829276336353,0.8778641686667773,-0.6552371646396182,-0.5558269086516564,-0.45970628643858685
2016-04-12,-0.368464006058972,0.7472892465487507,-2.3007423437906183,-0.23616563851402989,0.15641644947458047,-1.664953637054136,-0.48621958391757303,0.4847237871537811,0.24588542864094207,-1.2283582463705809,-0.9282597989003931,-1.5123351412019903,-0.8055813678201845,-0.4966596753995151,-0.9161995716886274,0.7902860285281671,0.011241714313336612,-0.45970628643858685,-0.6276825247827085
2016-04-13,-0.30903443279773074,1.1453274316067275,-2.717656079844726,-0.3986450277052408,0.067161499296516,-1.0582240828866158,-0.5292721264121614,0.3167864881568469,0.9592573486647337,-0.9839627936210819,-0.12059113622951317,-0.24785889173266484,-0.1634079393258056,-0.03796228925447748,1.1214394635532152,0.7998843443679757,-0.11922587392199865,-0.6276825247827085,-0.3393066644239478
2016-04-14,0.6229165380796098,0.9538933351614621,-2.3313775693760284,-0.5902395446832894,-0.017577106566540147,1.5333312418626153,0.42634698963359263,-0.477188004377464,1.0736291415244583,-0.07285916299025028,0.9073080659387157,-0.8353740597152003,-0.26669817518972244,-1.2156794644737634,-0.09265201012656063,0.6229496584951973,0.6399248818831722,-0.3393066644239478,-0.3684371686188829
2016-04-15,0.5066940649644792,0.7529506194166229,0.7981886328290356,-0.6932380405548977,-0.15834530336796135,2.1919471484397954,0.5928694794689127,-0.19018279835950316,0.8448948175341827,0.027553744761820008,-0.6829008895144784,-0.19853404282122786,0.26635610494055867,0.2540572223785186,-0.9363152175646109,0.27401398671979577,-0.176680477604205,-0.3684371686188829,-1.1378835378981897
2016-04-16,-1.3789330603893648,0.5854685975818524,1.575259612850024,-0.7884192335237242,-0.28323800681426786,-0.6167466684710964,-0.19036611225242409,1.4938258826408843,0.3075558651293298,-0.01606559933356587,-1.1882931855720573,-0.0119239042045391,1.1509016752490364,0.6418959397244507,-1.1946934708823673,-0.10748388535799666,-1.438030298011826,-1.1378835378981897,-0.4592289329628295
2016-04-17,0.1275945714683887,0.455735263545844,0.5758070797041451,-0.8809276640721023,-0.3965489747134512,-1.9744633418767195,-1.155611024474855,-2.4663244350859843,-0.08096498090727759,0.013676829068981333,-0.6948376918457697,0.32353945491503106,-0.8965537796268239,0.836826251680929,-0.05019309143050723,-0.21486360588324077,0.7754070720951327,-0.4592289329628295,-0.09329887166149704
2016-04-18,1.2373481283287446,0.30110698387409496,-0.16306765399775283,-0.9727254497790013,-0.4969066069404711,-0.8852067144115189,-0.32543032828375834,1.801384503423219,0.1846030521242076,-0.9205651380657136,0.6486365632172513,0.5853957575687235,-1.5769479580238284,0.597288113073251,0.5835423158960422,-0.3139253260282275,0.6701567711593585,-0.09329887166149704,-0.943928983185394
2016-04-19,-0.6891551140018964,-0.06046547352743572,1.06131076873604,-1.0503992126665944,-0.5999042891885035,1.3700774615398557,1.2232790842370305,-0.5136983376156267,0.2546939246907155,-1.4615360550122047,0.03790263501043407,-0.19170437039512905,-2.09509118275406,0.3869175313012065,-0.10720299676003173,-0.4113121125232339,-1.269013721113329,-0.943928983185394,-1.2145604900491809
2016-04-20,-1.3862365138375556,-0.6933606897104216,1.035079362257861,-1.114623555059352,-0.6806485776362169,0.39991646226897687,0.3190714099978652,-0.4753154327673275,0.22755002531419263,-0.05013022838907437,-0.47672535540751476,0.2724608006955052,-1.379804568910391,0.22697110210268578,-1.5784431748450698,-0.6841163751763215,-0.4287133204718188,-1.2145604900491809,-1.431356128711533
2016-04-21,1.0851350313442432,-0.8505888995250677,0.22834759144981415,-1.193563237355366,-0.7403359410776335,-0.41522961011967713,-0.6039808542611119,1.284056167369387,-0.3338393142108818,0.602365817034308,-0.5926239233752163,-0.19385507628074514,-0.16491005475288367,0.21242457097958714,-0.3378768786370405,-0.6919919330635508,-0.352429424685462,-1.431356128711533,-1.5224293959723652
2016-04-22,0.15884102958861815,-0.881537687211282,-0.16461886270003728,-1.2144264402762899,-0.784540707654981,0.49562637110938973,-0.0352172766412218,-1.6198734276460423,-0.9399747374351263,1.985223281008362,-1.1617994234820352,-0.31523200920529154,1.0729590529017505,0.4440600473745575,0.343567403138974,-0.6292690096169684,0.21285395405103613,-1.5224293959723652,-1.33495307555622
2016-04-23,-0.20833765603996504,-0.9453305096971297,0.4011705680391518,-1.204604514400639,-0.8166419795677856,0.38149476990986475,-0.5179638861737865,0.9923972022345763,-1.845745352242093,2.74145920522109,-0.7818027838159692,0.3906586728321762,-0.08645548883226233,2.052126083212286,1.656749549071308,-0.37254761883427717,0.23134804787881044,-1.33495307555622,-1.3711542303993511
2016-04-24,-0.7157135113818178,-1.0229179038229965,0.1335944871321255,-1.1347167349121756,-0.9045874274217113,-0.4714315132604866,0.4454102545322118,-0.3861779553376878,-1.249638679909097,2.517219406171087,0.0759335231635219,1.5125004321503686,-0.3479082655438396,1.0606369414513224,0.02438928800215863,-0.26827872972523753,0.06451243006110038,-1.3711542303993511,-0.28558147403113354
2016-04-25,1.0314864556277958,-1.0971696854173225,-0.4166325435764565,-1.0429109302546298,-0.9186595745737152,-0.6434916700740086,-0.786735035767131,0.029671308940750082,-0.019618404421556237,-0.12584317371376433,1.7376198429913368,1.5565161855117284,-1.0340642306519936,0.9079759831072415,0.4150280953768311,-0.0688408339481536,1.9054360505933887,-0.28558147403113354,-0.6991656964303244
2016-04-26,0.059748621797064645,-1.07605643662903,0.9385427113523723,-0.9506930077993531,-0.9829224367441515,0.1963216241823367,-0.18351557641054497,0.10832503718857323,0.8790349487056238,-0.11478171723119962,1.362575571340246,0.4833309655512567,0.10762642695563121,0.27224174828699865,-0.31630911617746366,-0.2829364939160849,-0.4870657351220452,-0.6991656964303244,-0.947173288347386
2016-04-27,-0.7995202630851095,-0.7654406122108857,0.8361330842589014,-0.7807400926745327,-0.9644481425622836,-0.17157198668961918,1.505292189533134,0.06267763489210611,1.516506668822259,0.05539758642460026,-0.15365619140768716,0.8886819389737053,0.467746426747181,-0.9718142320042013,-0.842408819428203,-0.3826890579023354,-1.0088956797982447,-0.947173288347386,-0.5076227679321951
2016-04-28,0.4407038516650678,-0.09789865235673406,-1.1893033034362566,-0.586212898878695,-0.9318710202628383,-0.3512126838288359,-1.0108054254743923,-0.37472544348388226,1.1689270095445183,0.5098178221802875,0.05759500897400634,1.4926892917066759,-0.2073208505677335,-1.4545358690421213,-0.20508562819320822,-0.21277776106125235,0.6072028933403807,-0.5076227679321951,0.8369907082212077
2016-04-29,-0.3240739861615262,0.5514500535970167,-1.7829816894266453,-0.36686043901472265,-0.8935277047512081,0.7453205130209571,-0.1738825238408238,0.6114402017952935,0.8393650987293844,0.49804488808275366,0.9970856179925278,1.622102892742593,-0.9127417943414788,0.10375418291527513,-0.45814564709724803,-0.06800605362458041,2.038357824207977,0.8369907082212077,2.5647780794597765
2016-04-30,0.6545087197689496,1.0398099833787044,-0.46660734030476214,-0.13526996300133529,-0.7890658707720885,1.1318447776043319,0.730025537282521,-0.770017098945664,0.983563219840066,0.5125905062510454,0.7614265856491959,1.2383752146032443,-1.9121996233013303,1.5631655435710357,1.9373443221662734,0.19352829011041214,2.658050375587623,2.5647780794597765,0.9779228075658594
2016-05-01,-0.7368917823243317,1.4465475658003286,0.7128342086725713,0.12875281376449713,-0.6114158557447361,-0.6577600975023239,-0.3336771342088745,0.9010024096085882,0.5968451599521158,0.6826334808334359,-0.6079042976782278,1.0658959651774724,-1.1849295676061087,1.3643969358003962,0.4616974413485751,0.22667384292853301,-2.679908982061903,0.9779228075658594,0.9980775817881904
2016-05-02,-0.10199085417566979,1.65703824291309,0.40538420185647966,0.16268074269527028,-0.1149283285284781,-1.3803421743504354,-0.49141797324923153,-0.49721642327355947,0.19229509650171187,1.255286108381061,0.49792175332294697,1.6868586464581756,1.0802761269303927,2.4724470715051012,2.193331324123786,0.6184857901728323,0.1251056454837536,0.9980775817881904,-0.2083131480722634
2016-05-03,1.0019818753596788,1.4579533682895833,0.83553810487342,0.3582177657905657,0.03925965077931095,-0.6878048335167564,-0.03076447203414613,0.5680334383700787,-0.3031973249639886,1.6527607386632355,1.4669591986040393,1.7022269970391894,0.49387032751504756,1.8103149815486506,0.4514644685336283,0.9573540827539757,-2.3454726820053478,-0.2083131480722634,-0.6755781044784893
2016-05-04,-1.242258032203803,0.7170420517608133,0.1301653633190424,0.5280125512990382,0.18237224282901227,0.7912411397806002,0.5687533734441055,-0.7226893850373289,-0.0706172471430648,2.033975065858187,0.3363434798371689,1.4987967645277565,1.2410857763600789,2.247466122953209,-0.8010654524997161,0.7741118370351203,-0.7501111403285241,-0.6755781044784893,-0.4352268661462133
2016-05-05,0.25763063485524684,0.39808687145034505,-0.32362724324191605,0.6521258850873258,0.27145964030361514,1.469849758587703,-0.5217033014556173,0.8017173022946709,0.1974909546669542,2.8143928726371334,0.40755159066203983,-0.0562174210430595,0.8038131376073405,1.6312296361633591,-0.14913755129590295,0.6399420630951274,0.2894526022247829,-0.4352268661462133,-0.7963873049490962
2016-05-06,0.24539483346327806,0.26787875421922913,1.262131726603931,0.7737416505969783,0.402067108090816,0.17750443589980572,-0.06213835460589042,-0.431155187641991,0.5141817528116811,2.6002001305847275,-0.5618346234331344,0.27015437307378465,0.3061952705483606,-1.0035009929467629,-0.8491013326407086,0.11368153078114378,-0.43093248277748664,-0.7963873049490962,-0.43325213664561857
2016-05-07,-0.22481273055989037,0.3099647307385596,0.7887094017726239,0.8152579997569391,0.4788415769635643,-1.276746933042891,0.5541430730903597,-0.1910392532633226,1.0096859324455665,0.7654957504959916,0.5981823711292154,0.778440307634126,-0.1524784773107858,-0.04078227746476617,0.31147225690374736,0.14299267045499955,0.4342926599847884,-0.43325213664561857,-0.6209481003635403
2016-05-08,-0.5524498826256883,0.546323258405259,-0.405072139721793,0.8779392155884574,0.5754879911523914,-1.4166275183225554,1.3533915170285036,0.6981870584850816,1.7574608854797777,-0.868873103194573,0.9245618316690478,0.7541223769498361,-0.0278885751630623,-0.06446436809320091,0.7301375912144605,0.18212212259001287,-0.11817977448357961,-0.6209481003635403,-1.2071787325233114
2016-05-09,1.9576856102030626,0.8865343394412512,-0.6751479096603249,0.7852898796081587,0.6416164805933764,0.6916645283798221,-0.5978129862454181,-1.053119529781637,1.312033579595134,0.10350060140959011,0.7099439067576829,-0.7576769462996291,-0.9652948244175842,0.7489612000038596,0.3866568621857927,0.27569204804423286,-0.948949809597252,-1.2071787325233114,0.39191297538357883
2016-05-10,-1.437451758095775,1.0434201995073964,-1.2431228688395788,0.8037044861438514,0.741804659447021,1.4331561147709546,-2.028251364602429,0.9125233166001524,0.4464934233486678,0.6563478997256108,-0.3548712958579096,-0.9361142388596932,0.24449595822990497,0.0696746999514085,-0.12905801458259894,0.34166578235619205,1.5668492511370002,0.39191297538357883,2.2953897596633537
2016-05-11,-0.02304878689098467,0.9141190103541996,-1.7043241721239064,0.8105399841796278,0.8170002353478548,0.31946947191286507,-0.13414576066692901,0.23152221060923073,0.05116314337383036,0.5892166383585816,-0.7177013251645787,-0.2188820144575056,0.05402898992061183,-1.908399148445481,1.5246522912701235,0.5628894465807293,2.4068081503577607,2.2953897596633537,-0.12219201952022603
2016-05-12,1.3116645751896692,0.5873258272576769,-0.666725948806073,0.8352737848945668,0.8489893202612404,-1.0135170956002544,2.5127644831127873,-1.3113831580235897,0.20543883998304116,-0.36992774169929693,-0.01171959346134839,0.519303796899517,-0.6360724372544818,-1.5461497547308027,-0.8374738789948574,0.5274486903296063,-1.8976433058132043,-0.12219201952022603,-0.18979124025947952
2016-05-13,-0.1978416784373447,0.09169179369360475,0.42316039790204457,0.8226018259290561,0.8781970974147868,-0.8196342288146736,1.3884679485546378,1.8230755277291555,0.44153158446205626,-0.596131203897697,-0.9224935311545447,-0.3800401242235269,-0.21997750724002568,-0.24460575676703192,-0.13829774380070778,0.27819212314471686,0.02067269178192571,-0.18979124025947952,-0.6706829200141072
2016-05-14,-1.7195023691177782,-0.5549221644006835,1.2073716518223747,0.795032590894085,0.8725875098191918,0.6732021109046576,-2.179463773252838,-1.9330276706946188,0.2262483627505118,0.31485041202901143,-1.0702150145598586,-1.4883151274355104,-0.28585630841982634,-0.33189124264685177,-0.571360368666848,0.13350608699141384,-1.288598174569817,-0.6706829200141072,-0.8270508422400721
2016-05-15,0.0966924786075543,-1.2065455145181485,0.845476482230539,0.77287243661804,0.8215230818841228,0.7459819535274878,-1.4948158585262996,1.6379764680603477,-0.36027627784412053,1.2405541779690814,-1.3153886888281765,-1.2179023360919012,0.05539946652197041,0.033593727710116573,-0.19057488976001952,-0.1738292980919303,-0.5490353493559061,-0.8270508422400721,-1.026064296770076
2016-05-16,1.4234970182776938,-1.777569431504825,0.4292115872003625,0.6058072064569052,0.6502035948305983,0.2412230933619674,1.5467551005200522,-0.49165157915665203,-0.6969040195772639,0.8717287514103388,-0.20956707324126567,-0.18521664647443234,-0.3141355010992903,0.6765186202520017,-0.41280259294610716,-0.31696081410929744,0.17147499970959315,-1.026064296770076,-1.1722252940967146
2016-05-17,-0.8632224203324607,-1.9194365161986504,1.289183915005788,0.46960159222220216,0.4959098065980356,-0.38984128740929447,0.10620368393957191,-1.2659971529859326,-1.2364674139975391,0.19265306813923028,-1.0797478112760373,-0.5929152464649045,-0.7996784322468554,0.7910280394480024,-1.4848380152640182,-0.2975305923280948,-0.5260108570503207,-1.1722252940967146,-1.0227509316062962
2016-05-18,-1.1954821834541665,-1.5186931550136755,-0.42617780949860395,0.3362371434108604,0.36450583369310585,-0.6957177981493537,-0.10378922010701741,1.6041190999255452,-1.361623144833733,0.53939963278619,-0.8851621198079648,0.18191551633439718,-0.5088812418553759,-0.11701609609243578,-1.6483512394033781,-0.6117510497810933,-0.12126511091507315,-1.0227509316062962,-1.000499428070759
2016-05-19,2.089120365339705,-0.9903002570742447,-1.91677159358023,0.13114305816130528,0.17181532220430773,-0.19866509525908882,0.20990254119283164,-1.2335648908910215,-1.212999732597015,0.4624130902754299,0.4579882622588839,-0.7329043248712468,-0.9831504708383929,-0.8487173532786799,-0.8321432055337786,-0.6070185150724456,-0.1892424554282243,-1.000499428070759,-1.327809008400647
2016-05-20,-1.55941186982341,-0.6122614374571573,-0.15783127504322608,-0.06294431056165058,-0.05757267565449832,0.5003441012593917,-0.19467282865642857,0.5173435273083697,-1.2194006324594489,-0.4155161310453838,-0.3199299138183377,-0.2749796204456649,-1.000031413220128,0.0682739117807188,-1.420673614521053,-0.9807947936846618,0.16981416973989433,-1.327809008400647,-1.1508992664113475
2016-05-21,0.24516123508782703,-0.3957452651289548,1.6875755812873907,-0.28677767083552413,-0.20319729237600603,0.6831447947408951,0.3346076715724445,0.3136944170590887,-1.2998701106464274,-0.5472328058135609,-1.2434944050733683,-0.5895422969436882,-0.8350778817682322,-0.2233193049862223,-0.8122250381381977,-1.3071965327696755,-0.21635690860087886,-1.1508992664113475,-1.494142311922025
2016-05-22,0.14840381551346749,-0.3031757984027481,0.47829370474601474,-0.4848346000905128,-0.32423662445669366,0.015641944368974887,-0.01599944478540792,-0.9374174000949612,-1.2171389538937094,-0.38927897510919723,-0.5320151095430407,-0.6992502603735613,-0.6773524415868257,-0.6722598731127216,-1.2229994130029946,-1.5774280269493943,-0.222854171528526,-1.494142311922025,-1.798265664602762
2016-05-23,0.07214926870060011,-0.308930115711139,0.7051970835851629,-0.6075247307504543,-0.41970625045762444,-0.7395232720247221,-0.49525260132273063,1.2573175028066517,-1.1999032508821204,0.74852494429719,-0.7910217772160448,-0.8811446391094401,-1.9419469222001149,0.14532253654896465,-0.5298475346725366,-1.4887264787452281,-0.025909543115209398,-1.798265664602762,-1.3801758426295736
2016-05-24,0.4377651337317219,-0.3340654307312593,-0.25047186347750117,-0.6996123050969154,-0.5037761231151683,-0.8122079063575046,-0.5122072274612792,-1.3683752120848476,-1.3845992113512426,1.5227821917732405,0.023569466367160334,-1.2766192341900207,-0.8168639058980683,0.4653310238754021,-0.46475414610875615,-1.6974233403011698,-0.1254683068373672,-1.3801758426295736,-1.4680182759458484
2016-05-25,-0.7670562314122334,-0.3058622602254165,-0.6822613443092679,-0.7515879889462227,-0.574830853576076,0.5703769573819731,1.0908212923080802,1.3267046062374706,-1.2678025808071465,0.24841366903313156,-0.4819308662231684,-0.5283093594581745,-1.2679300158481448,0.5654744972630519,0.9135335135091188,-1.3976427756280307,0.42390934760150173,-1.4680182759458484,-1.222748314435457
2016-05-26,0.728662993244312,-0.05909654589779665,-0.4122058537286614,-0.802405418377771,-0.6084591868654123,0.8379417483920508,0.03076770309286739,-1.1649897168367231,-1.1101821585196165,-0.04700342880819149,0.4496946132626441,-0.4795546367507921,-1.2530467086237078,2.115355821294264,1.4229703551940003,-1.0014296754797698,-0.05299652711763651,-1.222748314435457,0.8710481355007164
2016-05-27,0.10913317185871271,0.456739365464727,-0.3689181989541059,-0.8030154190187524,-0.6626611120663708,-0.1533930914242661,-0.07866535359259164,0.8534385846953317,-0.3500626381273464,0.16649421534144607,-0.45002038676841444,0.06572754131902175,-1.3425929368879583,0.8103264842620572,1.945301171919352,-0.4611327576534408,2.3159396353725454,0.8710481355007164,-0.6341257882408838
2016-05-28,-0.1559151642429747,1.2576537739538736,1.1775689272301162,-0.7870822413309634,-0.7691548343927208,-0.9357733213240156,0.7955445459094035,-0.5088222847152731,0.07886622245108835,0.3860552267963107,-0.11558025229732412,0.6613376550480613,0.06992410998592549,0.8528872369141076,0.6361105444419612,-0.3138326735047406,-2.039302377484422,-0.6341257882408838,-0.734783480406421
2016-05-29,-1.1362567891992013,1.9102632026725677,0.4299470993027376,-0.7357230464114128,-0.7355834264256762,-0.4658700948328923,-1.3111141879366641,0.24989035592476663,-0.03127624359099964,-0.2703093369827137,-0.364353863339687,0.5874346334350308,1.4829580752459814,1.4284644538402378,0.41809970435238075,-0.1663261207896728,-0.08708091421023423,-0.734783480406421,0.07665070008665263
2016-05-30,1.8004519900036724,1.9053619550975964,-1.2262816763033986,-0.6799248771796822,-0.7071233085420624,1.1148996141871679,-0.2548303464354374,-0.11457024826476413,0.022251916536513202,0.13693744290115434,0.3435300671620546,-0.6644302360781819,-0.5138070805489345,1.126187090494174,1.409957130735839,0.22974104689461916,1.3880635004945419,0.07665070008665263,0.179243427798961
2016-05-31,-1.0515220253762243,1.6840894148920587,-0.163105323555758,-0.5428285446188622,-0.7010707159022505,1.1442954331747945,0.7837286958104105,0.04416449054938889,0.2202111176334227,0.20070220454642299,-0.13255135492328635,0.3114926729319937,-0.9541142918656224,0.9796494662221256,0.029735160070136366,0.46300916989995866,0.22096258880270234,0.179243427798961,0.08538377321305177
2016-06-01,-0.18303794530820752,1.3534460142610425,0.2919475049818252,-0.4569636736314474,-0.5870246206678416,-0.36793160817237275,0.23131656728815564,-0.043690765713430856,0.30403585566795865,0.34846651648912247,-0.9529294573314808,0.6940475400491591,-0.9565414260428238,-0.09654539132011146,0.8726094465313335,0.6635048458807854,-0.2048059382893662,0.08538377321305177,0.19339227482741217
2016-06-02,1.0549568699009229,0.9238835771719002,0.031692832206669304,-0.29842504318820706,-0.3652869516573746,-1.8461207264287256,-0.004816913214619967,0.08889854754484826,0.053319805694227965,0.8503144576506549,-0.22554846071889886,0.3803731803870812,-0.15685624075238905,-0.9949415739490313,-0.031588787558922735,0.844948464135876,0.27986824266130916,0.19339227482741217,-0.303697764674143
2016-06-03,-0.925069582682465,0.32090496330267526,0.006003445967790784,0.40431767094972215,0.2602132011926973,-0.7774092115813495,-0.4494413931347871,-0.34690813104231455,-0.9867695032150406,1.0835108235456596,0.016789026106563628,0.15683685623086513,-0.2906040382853191,-1.1313364317683632,-0.18802811484942952,0.8584378621122907,-0.6272595668895206,-0.303697764674143,-0.7807653382339294
2016-06-04,0.1732677156125784,-0.28959626218215423,-0.510569536815046,0.5169145269415317,0.41706081275410406,1.6737601348408802,-0.043759002688833704,0.6473151196615016,-1.172276464068319,1.7142058318203386,0.28372380107346745,0.2516278603650389,-1.1132380769776138,0.7588840865357047,0.5886095850212875,1.087497793479312,-0.9134010001974249,-0.7807653382339294,-0.12551631004294359
2016-06-05,1.4508516824844517,0.22827862925410358,0.8003986205205906,0.6185710051915049,0.5597270461679925,1.6725049147804973,0.8982428488432759,-0.7836375239824392,-0.4831848381679133,1.279920840793602,-1.7398323606092225,0.7400762232158103,-1.5729609201761077,-1.3482733143476762,-0.8787064566630253,1.1043430901605131,1.1043746864019295,-0.12551631004294359,-0.9607970695365616
2016-06-06,-1.2369436097657125,0.13519939048463706,1.2955659666307722,0.7005055434325728,0.82894842636137,-0.5683255338532495,0.1772512786641485,0.6719521931842675,-0.5112762093197984,0.44725370427021877,-2.3969938112421794,-0.2615365588173459,-1.1980791722857385,-1.5732726549619265,-1.224847081483767,0.9868443078420023,-1.4813474195283336,-0.9607970695365616,-1.0919235299042875
2016-06-07,-1.5416810694651375,0.17558895380652056,-0.45618837968832776,0.7441587060268254,0.9477556681673257,-1.3568062029426344,-0.44573613237047194,-0.019247164000881785,-0.37547344903469765,1.0330698851594577,-0.4145500779747416,0.20082995746291957,-0.12971304086788218,-1.0520076710400308,-0.19224399424584065,0.8538444121242332,0.14091400547729288,-1.0919235299042875,-0.49284609201780294
2016-06-08,2.2200990187541816,0.2022232445890469,-1.226631362498347,0.7705435293054316,1.0484768728437288,-0.5332261616634599,0.2595519346736257,-1.1277875826820174,0.08311166230998569,1.5471144673084078,0.19891931766569673,0.1953794349125155,-0.04348381605199442,-0.4674375852899612,0.8569292767381724,0.8029186827859959,1.0238452870288592,-0.49284609201780294,-0.6822304548226051
2016-06-09,-1.0115834519657363,0.24292230957164263,-0.11235339026783181,0.7517066368279798,1.1018689033029805,-0.01889187060253965,0.2945015800386528,1.7664340474783733,0.16555716097981923,0.9990748041878084,-0.173560799434532,0.2474400502620999,-0.7099605055043458,0.506142124737772,-0.4824322912464658,0.3311486757713954,-0.4305760094734256,-0.6822304548226051,-0.755559877043757
2016-06-10,-0.5303880821565408,0.14008347514189687,0.06663480066023411,0.7602975125129551,1.0498639956862075,0.12980632759559502,-1.071277023436762,-1.7297717078637422,-0.16915920844192064,0.4281328411958669,1.0799827945546188,-1.1807185480272109,-0.7589127017031975,-0.6811341873635488,-0.5789429566982159,0.15180440167533502,0.22066907607803418,-0.755559877043757,-0.666636704322431
2016-06-11,0.2024340457011664,-0.12287955668349317,-0.2318763584406061,0.703461670639536,1.0928298449161518,1.2307447932393116,-0.2718636510257334,1.1623318381451193,-0.8241011756414652,0.040501521135956745,1.583839164945891,0.03529933852166605,-0.4913067745805575,-0.5304734245639823,0.1922542763544587,0.08536738841459782,0.4635938093207968,-0.666636704322431,-0.9284171090314767
2016-06-12,1.0280748901559027,-0.6486817555284248,-0.1739204266137816,0.5889231418009776,1.0581763411847047,1.5151435166824188,1.786770860266821,-0.35451291903962395,0.08421352082432307,-0.8973899018199132,0.13722602139908535,0.6591997797653742,-0.6681908998728313,-0.3176993196111276,-0.6493488808573105,-0.31521189815230316,-0.6239290593690378,-0.9284171090314767,-1.017105332713511
2016-06-13,-1.4404225389862229,-1.2309257928285724,-0.08043257350638319,0.4676169307363543,0.9698062306936529,-0.5850864568996241,-0.1913855138414686,-0.3580683618453653,0.6228576240703793,-0.5098143703013476,-0.23156656034336753,-0.9499197672875744,-0.14669760869251008,0.1471226463802461,-0.7907525232256339,-0.47151631178078984,-0.04228261874703431,-1.017105332713511,-1.0672868178930754
2016-06-14,1.1107571583714122,-1.7184054946420224,-0.4478829656622025,0.3068881032374667,0.8538484608163324,-2.771236229527728,-1.3565503849483214,0.6639758685181109,0.5249774947546477,0.7982986637748026,-0.3067080554151531,-1.0684087533350068,0.7119439010090197,1.0974336478694824,-0.3867730729329353,-0.7457288799808213,0.09644705938709291,-1.0672868178930754,-1.1083317996654987
2016-06-15,-0.9201981457064099,-2.112346682587159,-0.599088905084065,0.13234526371291963,0.707865721715454,-0.8012009211382647,0.4369806344146115,-0.46263460257076533,-0.22842519048609405,1.7888751724212348,0.361721341246352,0.11969755015591753,0.574603113116635,0.17693421425295222,1.0978595752142495,-0.5704349009766175,0.4950354966535196,-1.1083317996654987,-1.0099614742975918
2016-06-16,0.25724493510576546,-2.1161820951574843,0.5647861954780832,-0.14933963999743025,0.43102597341311405,2.324327220811285,0.8196005258485751,-0.030552923590799762,-0.5281742553129724,0.887387650227616,-0.07531519269943138,-0.1253638018119723,0.3019778471640778,1.5403988030746167,1.1694723591268934,-0.2842428654156097,0.5487233696218135,-1.0099614742975918,-0.9427845218583678
2016-06-17,0.4977632787473828,-1.409177457308787,1.1466661176034503,-0.2914773712450153,0.26073447061933014,1.4486092355900868,-0.08294394606310856,0.31851897157363374,-0.570767217826726,-0.13349976636545016,-0.8734235364557087,-0.65638302339626,0.3695317420036297,1.8358556460166862,-1.3123442303351942,-0.6656387186238982,0.1570978320498429,-0.9427845218583678,-1.0665738835588383
2016-06-18,0.09310239117209287,-0.3324267484087888,1.3945091709896071,-0.4677328231202004,0.07985933592462338,-0.102818110790944,-0.36850363377275047,-0.20909146020903302,-0.18036367389886335,0.06751526447852502,-1.2649478110894499,-0.39145324775581897,0.640684901001398,0.6866227071973378,-0.4202442368181603,-0.595073897520596,-0.0432441432758886,-1.0665738835588383,-0.8116865634474829
2016-06-19,-1.3639160587007846,0.5394323292085164,0.7132641031998622,-0.6832378125933894,-0.1978845406928161,-1.5394195860152928,-0.4853446393709118,-0.2621616471774552,-0.18470884483983593,-0.6187949778225692,-0.4983063561686251,0.20101065179502353,1.7150813429872402,-1.0832189244352375,0.2838071146817004,-0.24566187409633516,-0.2381217763961335,-0.8116865634474829,-0.6633267421103666
2016-06-20,0.8414394756728438,1.2313063042679782,-1.4582415108659887,-0.8430550057503229,-0.3868792423646018,-1.0999644068472916,-0.16741513697955526,0.7105791972668966,0.09264760605284608,-1.005414428584285,0.35570676007778806,0.4788685067370273,1.2286856654176679,-0.600040243246942,1.7262214129288744,0.10748466327502618,0.6573170998048172,-0.6633267421103666,-0.7821395064974189
2016-06-21,0.796554080800566,1.7189664627811454,-1.341141939404366,-1.1300490512096266,-0.5082300754277244,0.041139080117148,0.5448704064286212,-0.3802729025645414,0.2019087928086783,1.0713202959495676,0.298035732180873,0.4627574414310529,0.38847289660464474,0.08573040976809254,0.7173641593526991,0.13653381086143676,-0.41057767874619266,-0.7821395064974189,-0.6519298599961223
2016-06-22,-1.5714000303769295,2.0881778813037806,-0.1044876666503019,-1.225735644111725,-0.6587245549162601,1.549226194150175,1.1901991081969816,-0.23127886199815978,-0.21454007672272324,0.626276302562784,0.08455351839860054,0.7427513977872907,0.03237599505109353,0.9627079369561022,0.8402653680039465,0.3164041049271334,0.5442076543482346,-0.6519298599961223,-0.7453109546631659
2016-06-23,1.636996031275028,2.2957451653674346,0.9365356014104917,-1.2656202733850448,-0.7856651482720343,1.716855502508365,-0.16771539481442044,0.8897612683316903,-0.24736555031766755,-0.20161972056972394,-1.3407012795061997,0.42155338482481286,-0.8829383769320988,1.003649659530845,-0.7721751724658814,0.18202404875233988,-0.4842618894523374,-0.7453109546631659,-0.7570662654308886
2016-06-24,-0.9248237017498186,1.830422914702387,0.5604457799149255,-1.2271611399609712,-0.8989989457084683,-0.4412474920843394,-1.7434049325955967,-1.5063386465964193,-0.056626617907150255,-0.7099795367206482,-0.22198316322751316,-1.2470697295156896,-0.3997733495517682,0.06380205078190884,0.2829977158404664,0.2094205189318058,0.3444801114683764,-0.7570662654308886,-0.8957140790277655
2016-06-25,0.485419420198775,0.6410581341420706,-0.3187691783940791,-1.1778406349771684,-0.9779019988743499,-1.8304735488466422,0.5324429499433668,1.7540524552985532,-0.5696137925325218,-0.4164995129666276,-0.1187446918509793,0.9529273046378032,0.30401033955118467,0.15553560626597596,0.71391475934026,0.45339230330084923,-0.16847765126586348,-0.8957140790277655,-0.4195091654625939
2016-06-26,0.36326491706370123,-0.5637454957720041,-0.059171134642158556,-1.0950008268782911,-1.0323135607096041,-1.3912995320824912,0.7625347215014461,-1.3302682239218155,-0.8167858164843074,-0.44683900473948385,-0.06407846774446498,0.9696811864494259,0.11025131597338098,-1.3325054102973688,-0.09123017710531026,0.47526011478220753,0.3410318823201259,-0.4195091654625939,-0.2173249373925837
2016-06-27,-0.9180257555055641,-1.3221258976024526,0.44024770221425247,-1.0503491407084786,-0.9839920003524298,1.1758264327693357,-0.7470782042568056,0.6745158717013856,-0.27495944888105744,-0.5133388447168202,-0.291893628839394,-0.3321024551717639,-0.8263381553973809,-0.6196748039386881,0.45353784672823805,0.5945662415877948,0.47408552209860455,-0.2173249373925837,-0.8234192899600935
2016-06-28,0.5151348906011703,-1.6774869036863045,0.4473721645534132,-0.9009481216051655,-0.9690958452868895,1.9899083783937692,-0.08374927634808127,-0.21495643167213177,0.35485300959319754,-0.10517175760877823,-1.0447054526584187,-0.8350397678638437,-0.6476515011989282,0.3155076326040333,-0.9750709407979326,0.2922261896582559,-0.9780075184995944,-0.8234192899600935,-0.8686106404851981
2016-06-29,-0.5991336159928442,-1.7251519043567551,0.3592619390005684,-0.7271687786741342,-0.8046612519868245,0.2998666318525593,0.9798210752535729,0.03664325898720163,0.3658599268916888,-0.0486021564835927,-0.619238393420834,-0.5552316369094487,-1.1212742278997776,-0.5324013487223055,-1.744573484739199,-0.11813020191829013,-0.27954814063847694,-0.8686106404851981,-0.988565776690861
2016-06-30,0.6692079732637831,-1.4918878045588415,0.19274610413326015,-0.4834568287553772,-0.6982473027790781,-1.69819713619254,0.9014450086941002,-0.07209032704329339,-0.40411137647652934,0.15207847241716563,-0.108586299501594,-0.8792402281568145,-0.4506553552659035,-0.016171391568019736,-1.7673969250330097,-0.14999781033655274,-0.4126685854924368,-0.988565776690861,-0.9024176858073409
2016-07-01,0.3920174992648604,-1.0398543899352093,0.4608670483744289,-0.26824581464243913,-0.6397832754427093,-1.176129275787698,-2.0350644206804387,0.12923673587712875,-1.3088982748379436,-0.7414836026084904,-0.7139146251218195,0.6142524424872053,-0.5515259599884772,0.3913008242086482,0.8127687457096595,-0.029736291890993184,0.4653691515310823,-0.9024176858073409,-0.48960301254491684
2016-07-02,-1.1559427758668275,-0.442033965449001,-0.19291643069842784,-0.10451119331106799,-0.651913672460717,-0.10857964113768018,-0.6913588217529163,0.06614728736542622,-0.5022087104280573,-0.5473520650564028,0.0879996100933352,1.4612266933284563,-0.905395850741958,1.0573072774436068,0.65058712224947,0.029522944952869713,0.9562484408963857,-0.48960301254491684,-0.36915933436698656
2016-07-03,0.18870510304684532,0.2814465209133224,-1.2914914888597795,0.14089926185131782,-0.5385960183893399,1.0832092740855064,2.120273775654675,-0.48552070837063027,0.05302859718225012,0.4338350862602298,1.276988165849812,0.41952646040629177,-0.9081673942837295,0.5577431425891426,0.5215327044398975,-0.10718677406239904,0.3919341501021379,-0.36915933436698656,-0.10389804517082314
2016-07-04,1.1117501660831821,0.8908249051736944,-0.9283101701627324,0.30134446963389955,-0.446256525164298,1.2413146562312705,0.05983155328039696,0.8335643820862513,-0.6452700766482421,-0.4982608337731115,1.0296653500470767,0.29374098808842697,-0.92117048290757,-0.666265234569842,0.3215709919353878,-0.2418847167849736,0.6970907931849697,-0.10389804517082314,-0.3837299658415455
2016-07-05,-0.34998549870899764,1.2710101609370694,-0.7017247150406755,1.266114518689878,0.5241163862952524,-0.14941819037464413,0.1558416474605997,-0.837103926021402,-0.357992982773603,-0.8601014017386154,-0.7682847377105344,0.17208641407312214,-0.11789390579389503,-0.08113665744849188,-0.35658789141123187,-0.35679535644852683,-0.5495275040440978,-0.3837299658415455,-0.5021634160501993
2016-07-06,-0.2525398740524526,1.3723217979268236,-0.3281724128875674,1.3020735329915907,0.6568411786133043,-0.8985527376996978,1.2862460160332212,0.6180419345769419,-0.7736836155580054,0.09722700491555507,-0.39394795851526465,-0.14507322356650673,0.3133026863425975,0.1574768860350633,2.3732348657321563,0.08747029372623077,-0.5722418161472822,-0.5021634160501993,0.39825258387962686
2016-07-07,0.48206939357030326,0.4481826693163175,0.9031262937077781,1.29830197700327,0.773397336172438,-1.0338964606774899,-1.365580419933949,-0.3001387598037641,-0.7752038620526464,-0.06431805797926632,-1.0672801961210931,-1.2950696247437161,-0.4379209711411315,0.944254285247614,1.026273364883816,0.17606419007087518,1.6117211622807512,0.39825258387962686,1.0363024691846185
2016-07-08,-1.0269880253751271,0.117348148626917,1.9093612096477615,1.2409157465443983,0.8146948037344987,-0.24909615604113894,-1.7576545152002607,-0.03425799187946123,-1.0739130863515831,-0.49187344515580206,-2.673881195190668,-0.7214784410328842,-0.6319345128528564,-0.23437589111133175,-0.38174472434984114,0.04471992963235311,1.0523517289913598,1.0363024691846185,0.14550258249050751
2016-07-09,2.4445312454459094,-0.2560176194938173,1.4096108992155663,1.1596737941619835,0.8932900065712189,0.619479495002404,1.169477786465334,0.18407352795277787,-1.50297077897396,-0.5740379765067366,-0.620297022901072,0.0950163702956836,-0.13662583590903618,0.4409934625914548,-0.9638351462578484,-0.06692915731388119,-2.6844455102967157,0.14550258249050751,-0.3712321235951526
2016-07-10,-1.8780387633500872,-0.618031710288997,0.6247192138721697,0.8997534546944425,0.943880986310564,1.3253807135088502,1.0112606660292598,-0.12977202645744998,0.025915541379997523,-0.024086554119315585,0.10771698903684414,-0.8337861597051858,-0.982204208381434,1.1785630835382226,-1.5054848638809577,-0.3334608007275466,-1.3979307737192939,-0.3712321235951526,-0.16991096075619322
2016-07-11,0.6920245977230114,-0.9489088067009092,-0.3470376382337325,0.7985521646593569,0.98220603086016,0.24122434075748148,-0.35932537358783956,-0.07204770423880631,-0.23896387076856015,0.44130785968887637,0.1027001838180597,-0.650352161189502,-0.4919967052564843,0.39248852477160495,-1.7135230322358876,-0.3786628461356102,0.8593852993766953,-0.16991096075619322,-0.3667966340876151
2016-07-12,0.10870985923231274,-1.1754927046299515,0.1719423384806851,0.572398256652751,1.007430605415502,-1.0550100808981533,0.2360972307603623,0.29446124239907745,-1.8557975206499162,-0.10738348511851743,0.380893208897656,0.7538893534071974,-0.7787639157204184,-0.1232179266803088,-1.3049845834927754,-0.24856278515815503,-0.7279285263709917,-0.3667966340876151,-0.2744745979510215
2016-07-13,-0.42352709209634587,-1.2473822033930653,-0.03897064967843606,0.37573564800986187,0.9449711112562633,-0.41852057814278204,0.12240903056659203,-0.3275309511278001,-1.41487323406192,-1.429189178172168,1.2711103235035492,0.27332008097765553,-0.3303778363114688,-0.3254256809453047,-0.9759051072077335,-0.11838212210570827,0.4769866188921903,-0.2744745979510215,-0.29995084940924027
2016-07-14,0.8281909119631854,-1.1802990902489978,-1.8031468290816473,0.2021419566740123,0.9117184245574557,0.47589548449095026,-0.935698698362484,0.06785740406725196,-0.009225725456745857,-0.3195874006215665,1.735626200815361,-0.3594918646362651,-0.5099714830617251,-1.540507448010671,-1.257132667773081,-0.38251898318744876,-0.21998375130826828,-0.29995084940924027,-0.500263282167324
2016-07-15,-0.1049222926334467,-1.1361045008809731,-0.9874066822272409,-0.09472970034729523,0.842965906534152,0.1859334516774134,-0.2913075010826744,0.4648064397258989,0.520815343110152,-0.4659555449888388,0.757750024463428,-0.2782824973974725,0.09876555660669432,-0.5424428970470465,2.0308199992177904,-0.23386565967898254,-0.45449878107342984,-0.500263282167324,-0.4820202916801479
2016-07-16,-1.2990701997204956,-0.9951527420845605,0.2738402483813907,-0.29731176615962474,0.7484957452182845,-0.5319574135603113,1.1114103575689969,-1.001968017619048,0.757329660159589,-0.8080072927827242,-0.49356964871111086,-0.463939553152205,-0.855610750519137,0.21239190287225873,-0.3403675579277123,-0.3501260408995651,-0.34528094645672097,-0.4820202916801479,-0.37344856369335044
2016-07-17,2.102840707658824,-0.7080157043362348,0.6480456000170289,-0.49907822973310867,0.6362939771971626,-0.26064765877657264,-0.46814041960590574,1.27301140172775,0.7897777774644043,-0.6867701465685733,-0.9574879023547388,-0.07900493496227276,0.47009932188495707,-0.5480021636578856,2.0495931796024243,-0.09868668424017657,-0.1995882253221419,-0.37344856369335044,-0.31008473310701073
2016-07-18,-0.7816345940851265,-0.275233882616903,1.0004228743976968,-0.6658054502281016,0.5197947862185404,0.797668179993808,-1.1229927951130791,-1.1062208803389633,-0.41223825251463053,-0.009331423357153737,-1.0669967466798504,0.7028483629210687,1.8558716846718728,-0.5663176016519688,-0.4914059052442416,-0.09305367228640885,0.4678898869885987,-0.31008473310701073,-0.42648706215389715
2016-07-19,-0.7140872071332954,0.18644953541841985,-0.2952938076733665,-1.1896525233278383,0.2694397584860864,0.674870669523366,0.778918850017313,0.5242317222292506,-0.3218371140141177,-0.2793593333126337,0.8074783150427519,0.9374634849216619,0.5788632348398887,0.4404509354810446,0.6534633193897108,-0.36632887447951407,0.13676050671860154,-0.42648706215389715,-0.21261254126959261
2016-07-20,1.8121459819432097,0.5486705033120046,-1.1072046089030314,-1.3086543275366511,0.13018894239311102,-0.06265245424422358,0.905889165562411,0.1799455895753174,1.073213123904826,0.06813115339272113,0.3564357444223449,-0.6875051604189601,-0.44917082720022156,0.5815142724709661,-0.45244026266351794,-0.606874442392903,0.297425856668909,-0.21261254126959261,-0.4314973753040993
2016-07-21,-1.5578329748682231,1.0703187356977222,-0.2903160727326708,-1.2330904355513024,-0.01515389720514303,-0.6997213956394521,-0.267856696390565,-0.6827541003822288,0.7925783126093184,-0.4873679617889667,-0.15294242915028164,-0.9689247126691352,0.14762229327510343,0.28320209102759436,0.577286719733352,-0.5181926415095491,-0.5824161684973026,-0.4314973753040993,-0.5193969329535921
2016-07-22,0.572418818815298,1.6168997023755836,-0.03992851908136936,-1.2080961173998086,-0.15094466022990294,-0.9444091502489519,-0.31249623835002877,0.909972335688695,0.14839261835648032,0.3812314181709788,-1.2649895147450891,-1.4357609760805385,0.6218870987713438,0.5830517809141409,-0.10110846352180651,-0.37755649077681613,-0.034010633799050956,-0.5193969329535921,-0.38859958578970416
2016-07-23,0.7354395988181587,2.1796075233836465,-0.4921647241112163,-1.1623381666026782,-0.2935601732020712,-0.08973176536832259,-1.570097084843091,-0.8720660379145294,-0.5691892997713431,-0.49473558800514195,-0.48231686578795696,-0.0515496566404453,-0.39214952763951655,0.8630760807868587,1.1933532525546902,0.0016281589370852837,0.4560343066921147,-0.38859958578970416,-0.42753799441403106
2016-07-24,-1.1304238564708968,2.5313629795672266,-0.7958885187365125,-1.1088922425441154,-0.4390192403208853,0.7810168041040282,-0.08315366976591798,0.534274067223272,0.4355060587319018,-1.1309122244292218,-1.4454616354045509,1.1873821910393032,1.6170109746431591,0.6331633738499957,2.2997755934050423,0.4622016117926716,-0.18865970712672384,-0.42753799441403106,-0.44875958775475605
2016-07-25,0.06937986474917142,2.0405810809346874,-0.3145769560296372,-1.0324929037746688,-0.5864065833136931,0.7137916141930118,1.0791087412900644,-0.12569385474984657,1.2931795593002673,0.6020133571736352,0.19281072553764966,-0.1912530449870061,0.785219153322441,0.3583138161692867,1.4084498976609485,0.7677180085285404,-0.3155721438241222,-0.44875958775475605,-0.22742177741455008
2016-07-26,0.9598125523174623,1.3898936633426222,1.0907468797096502,-0.9254135966658124,-0.7323673265501386,-0.1201501885724379,0.7157139216421566,0.08152351192314711,1.2631043600842076,0.8710575006831109,-0.3325169714570849,-0.3638251723940759,1.645630217961916,-0.22405932396165948,1.5222545649007242,1.0714108461196965,0.824653777712227,-0.22742177741455008,-0.1783189487250333
2016-07-27,-1.3361211060710065,0.7496596976839844,1.1364834251802005,-0.8245317299393075,-0.8742564587453752,-0.12857726724936805,1.36363897881331,-0.37143255274133213,0.6093885292644887,-0.1821824772731059,-1.2411643635047105,-0.7750812899211811,1.4476629411677875,0.7271852141805465,0.07654144264117246,1.2071416281259209,0.23499895430219991,-0.1783189487250333,-0.25295513943864006
2016-07-28,1.1234294612691342,0.16352860512369977,0.5989129330667979,-0.7062490680438152,-1.0057751676488704,0.18179255195050587,-1.8215082657050063,0.732291981357079,-0.7111012041912486,1.5513234324675318,-0.9088960975699282,-0.6384078444687191,-0.18472603285618694,0.6943098956637748,0.44375738929402353,0.9861464010236076,-0.33158681154081465,-0.25295513943864006,-0.30171726822143446
2016-07-29,-0.6377634832326009,-0.2792198532549571,0.5146582197951814,-0.582246507738776,-1.1387281689399482,-0.7448766842030419,-1.5163639808908294,-0.9112705229585686,-1.1093269688910583,0.12734297827369226,-0.050672518227861486,0.7731163137328549,-0.062280652291783714,-0.998789692092872,-0.12212896580364824,1.114764920492013,-0.20475156201760972,-0.30171726822143446,-0.40455179034540195
2016-07-30,0.0749469612553744,-0.5281446499460251,0.06826799903342651,-0.4299740936197739,-1.2363520052874524,-1.2717848590922332,0.21975201444799602,0.7878300550216542,-0.1255274230104377,-0.45246184576864734,0.2642204896471797,0.06539761703600437,-1.0882799958476193,0.7459262537466306,0.48012406003938596,0.9069128885076132,0.13091037459230154,-0.40455179034540195,-0.5712664124228949
2016-07-31,0.2388396670672651,-0.6483833576307355,-0.8661311338458076,-0.17915098368204982,-1.483998100902814,0.06492884134972397,0.9761538405111767,-0.4437990069584693,-0.3663470355966259,-1.1231961866665547,0.7458456580370264,-0.9938351496328223,-0.5393412886244885,0.29054815627069225,-0.1744376040159203,0.9620394955725871,-0.32249009218375413,-0.5712664124228949,-0.3451562721831373
2016-08-01,-0.14840409914801886,-0.6717032681733528,-0.31138911066207253,-0.00865160709679852,-1.4165388184785253,2.0726418784896476,1.1566005116703848,0.046197631776983175,-0.5166329747594731,-1.1444688928030458,-0.5838469776302997,-0.5773018754285114,-0.5121256027920875,-0.44149917770912817,-0.8108951259423989,0.7108793233224453,0.38120126635516693,-0.3451562721831373,-0.25414255274741226
2016-08-02,0.5989357220799869,-0.42126184814561357,0.09513166202387736,0.12079002558002683,-1.3982413633208801,1.232749601305546,-0.2471857893748767,0.24779089004920737,0.290279365540626,2.8847549073228866,-0.6261732311576772,-0.07702961780794058,0.2316875748945032,-0.0843478893884435,-0.26457599268199666,0.7883989746042183,0.3013963166452649,-0.25414255274741226,-0.47569415736024884
2016-08-03,-1.3791739844996782,-0.15414631780471894,-0.4904677209149511,0.2023467952282737,-1.2713279563265756,-0.6488813286175009,-1.2492916784864188,-0.20839134121217348,-1.5038407170882488,2.085935667145486,-0.4309970134091791,1.151520351045679,0.3560490093041626,1.1717514024222901,1.3566583886945485,0.8889262362175141,-0.503922171525294,-0.47569415736024884,-0.18058965091389842
2016-08-04,1.1751742404936032,0.12641175859359924,-0.3964432935202043,0.28352737182876026,-1.169540193812527,-2.064550159670503,-0.2838865171821894,0.01097832250869669,-0.9231198841065784,1.9997039583871816,0.321514837828101,0.7312642110295694,-1.1057152777163277,2.053690131533159,0.7938147974116352,0.9120855235950265,1.0890582418665484,-0.18058965091389842,-0.41168309381256224
2016-08-05,0.30634142489648025,0.22970144289265335,-0.5375411312884661,0.360485403332695,-0.8075800064398573,-0.8065988171473375,1.0128237488209368,0.2272067323532758,-0.25050617184751645,1.2551729250801413,0.538408635979822,0.44045518505000086,-0.6117219056246207,1.6565057203101115,1.7402727102329536,0.9061181715381832,-0.6595244358378272,-0.41168309381256224,-0.19998165200464224
2016-08-06,-0.5579720985095064,0.1481279176350548,-0.15212384227698697,-0.45737268196152564,-1.5306721288819687,0.4987961829790082,-0.38216568122802547,-0.14662502941396055,-0.08596528346556226,0.046464508947114284,-0.5835207428825524,0.355408045201205,0.02780295307939929,0.8399509791671729,0.34145970618270344,0.722752984795203,0.5462711186748082,-0.19998165200464224,-0.4208697055849757
2016-08-07,0.35598191368187854,-0.07928784381502482,0.8563070986909749,-0.38987846456866443,-1.3620078046748056,0.8409349511966743,-0.8612320334422726,0.1473029556504133,-0.6489941563766369,0.05964097882340295,-0.4237936182400414,-0.38746671686954487,1.1957117650721945,-0.12857345891303032,-0.3591378450341721,0.4984232193692234,-0.42612926979330706,-0.4208697055849757,-0.5855131328237106
2016-08-08,-0.4281168784339288,0.924932816105367,0.7618957879769663,-0.30845891370438056,-1.1445610515401505,0.2007223724911838,1.7516297324210366,-0.258975872048368,-0.04105767411602502,2.151512527520826,-0.18379849315106667,0.001943286798645209,1.725577586993614,-0.11377764098514057,-0.5065563557962179,0.25793361690472694,-0.44682928304693575,-0.5855131328237106,-0.6105784281943043
2016-08-09,0.43411663956746394,0.6630650784048832,0.11712662830277736,-0.17462265639150595,-0.8520730300577016,-0.782817168392414,0.882217876864512,0.4708400628988658,-0.5348492372598534,0.4377049807797745,0.3342555128769079,0.2580447814979736,-1.3818966070539278,0.2652350085297883,-1.0542285105327525,0.09946853983217697,-0.31288705307449793,-0.6105784281943043,-0.9281969016596466
2016-08-10,-0.060139306849571104,0.2913442829138983,-0.10957921493358803,-0.06888041763970729,-0.47386525817840647,-0.4811611507435166,-1.4550239854502813,-0.7308437533930079,-1.100190346392821,-0.29365495002430153,-0.02645608943229413,-0.21377335106642192,-1.8683485039036334,-1.078616630337476,-0.5141764282829139,-0.05632248456222768,-0.3063390186245095,-0.9281969016596466,-0.6358534032115684
2016-08-11,-0.0687412933712482,-0.029927476106849957,-0.30517070526581996,0.1949011934679741,0.06298511881167272,0.8832498606063287,-0.788633991907984,0.9994062724155233,-0.5132390446820757,-0.3663100233080199,0.6914843713138262,0.05258997053765486,-0.9958774293750943,-1.0704911855285024,0.5328937264188951,0.021230402696268892,0.5741995379065176,-0.6358534032115684,-0.6276187566203549
2016-08-12,-0.35195873477257433,-0.06728626444093466,-0.35777892467951694,0.30961453112173976,0.5284620124481075,1.0815209344084369,1.221006457221015,-1.2417418733480636,0.21629601586030936,0.1806191475876759,-0.17984492527112747,-0.3880142210700074,-1.72366315185375,-0.14616777542659334,-1.3063420140615676,-0.31907686281647946,-0.11857696122937703,-0.6276187566203549,-0.7523938985366646
2016-08-13,0.741402752672653,-0.0415606292064581,-1.2137980847015475,0.43163138842794924,0.9405238871216023,-0.4465541252099078,-0.03624892007163681,0.878137663694697,0.040553890020509756,0.34909050232454103,-0.36454332126359207,-0.6181554227127836,-1.6510215288097685,-0.09391946407432214,-0.5608206975000687,-0.3491635461366385,-0.1800739036926925,-0.7523938985366646,-0.47117677460866464
2016-08-14,-0.38545704066870856,0.03297445524667113,-0.019416333642420763,0.4979455340624924,1.3805345687764552,-1.9466088481549695,-1.1032737964393526,0.2172279244793607,-0.19018887216027605,1.042831098464913,-0.5050875266115673,-0.06618585873087175,-0.7036656696891648,-0.10844263765729446,-0.5164702703317263,-0.29091254336817546,0.8009813295536501,-0.47117677460866464,-0.2241535910520489
2016-08-15,-1.0536980516387298,-5.360890814541763e-05,1.0147651531209019,0.5435627922753691,1.644581518151029,-0.95097039302461,1.0331174085096353,-0.9670504216402953,-0.909676606222367,1.2761182632999064,-0.4654213758118469,1.1871700378352166,-0.2326102117149641,0.49349191640168344,-0.6848495105799766,-0.37038887845619245,0.8061978436720704,-0.2241535910520489,-0.5854138289080021
2016-08-16,2.4883097828797642,-0.32534587513843205,0.10650240110018053,0.5279878228917352,1.8313542992691976,1.8953429189766373,0.9887069393992818,1.4307686455321555,-0.997390813469581,1.8886069326631778,0.011224286756368811,0.7534132403892475,0.20008470385187394,0.13087746637519498,-1.1346232855645366,-0.6846546763166547,-0.7335812331602279,-0.5854138289080021,-0.7486374548899568
2016-08-17,-0.9891879853486083,-0.8970114436760849,0.869203961534826,0.5170835636660325,1.9605901296259043,2.2413366800494563,-0.8345296592128777,-1.5995136543823543,-0.9742873044002284,-0.15144185794984102,0.15276770827283337,-0.9109891022418957,0.1516971116436106,-1.1343700029398291,-0.793522095390133,-0.9347946591850922,-0.2529573797678503,-0.7486374548899568,-1.0494613106327288
2016-08-18,-1.0959388839978046,-1.409316845652556,-0.17696127582158527,0.4898398544339224,2.037970223480514,0.10547599475688513,-0.2249597072011381,1.3294704000804762,-0.7000720409383526,-0.34366357530958275,-0.07922223342298487,-0.3637201653308225,0.08006549774261539,-1.0462058302352322,-1.6021391323241223,-1.26598576314491,-0.8290906897478162,-1.0494613106327288,-0.8906864544208664
2016-08-19,1.0774948258709198,-1.6047000883763083,-1.7384204965617256,0.44418924192222803,2.024268667116705,-2.7053476343013902,-1.0955620297510333,-0.648800786528705,-1.1757749644728817,-0.3867868044392525,0.39240693776325375,0.6617175942548956,-0.6384641535577906,-1.3274007364930955,-0.42473469638838335,-1.2951140805581343,-0.25477590974916503,-0.8906864544208664,-0.3257464455257737
2016-08-20,-0.479471794521863,-1.5887408443894755,-1.3491754160258016,0.4116653668312023,1.9560177482384582,-1.8373179538654727,-0.5345605723536696,-0.17777234780056259,-1.044484254453398,-0.4819475055371764,0.7230347806050655,0.6278349710479433,-0.8663880925066695,-0.9674432439033172,-0.9881668554532165,-1.4014129452115252,1.5349446499608832,-0.3257464455257737,-0.8385360746953743
2016-08-21,-0.1550146018684445,-1.4476386364147673,-0.46270931542433347,0.3628974869086347,1.8985575343554977,1.641360947703451,2.366266987694686,0.9093437011000349,-0.6116418959831922,0.4696030046384296,0.6827308149218878,0.19855151474217586,-1.2662467605513423,-0.4323743542071127,-1.6545919152381077,-1.5480347911529764,-1.0315301872382618,-0.8385360746953743,-1.2628902930791102
2016-08-22,-0.09906908632546324,-1.0900260881888033,0.7583263692289153,0.28374653235931635,1.8270719143648053,2.056419985015824,0.4138297354623888,-1.457467314660703,-0.9481419165117059,-0.3419823976554782,-0.09827131077308954,-0.5106385912926732,-0.6998424026099439,-0.7159069035706059,-1.7923095191433083,-1.6118727452063308,-0.2224219203645843,-1.2628902930791102,-1.2930505342600913
2016-08-23,0.25510137331401334,-0.46180775252604267,0.4060512992599373,0.22049445225350683,1.6670423260098464,0.9470131322032792,-2.158832871571973,1.2971849566280214,-0.688737800388441,-1.0309012248718898,-1.5110269828396978,-0.5047068679305683,-0.8729152908995967,-0.9830307203504771,-1.2538039061522266,-1.6881589199190428,-0.3216083201242018,-1.2930505342600913,-1.1141270199812667
2016-08-24,0.1693581172553663,0.5423411215736266,0.612721980683204,0.10933314111022667,1.4663157010008,-0.2266869187476418,-0.2807960806289081,-0.7776455218582109,-0.2515050761106492,-1.1751321563284771,-0.34446430769677905,-2.380711322883277,-0.917508645586823,-0.5861944564281119,-1.3536548845784906,-1.7916018651112935,-0.06167847669454841,-1.1141270199812667,-0.9246396819724195
2016-08-25,-0.18451551995932972,1.6539579436321956,2.0384151513306636,0.041051736312220144,1.2166421886959573,-1.0811016453173954,0.6459131388695422,0.333169469604087,0.18967619111468623,-0.31233559497597335,-1.9095385517493664,-1.670779468899904,-1.460502957378661,1.4204319474728042,-0.7532821397727488,-1.6949881154940745,0.1649853014180834,-0.9246396819724195,-0.9790115786754399
2016-08-26,-0.11790687784574465,2.3416400990400654,0.6169397219974605,-0.02684442072870055,0.9148214473493184,-1.6624588027350569,0.1021816482713109,0.06487171465109817,0.5515553159738577,0.6518136014105065,-1.3612424703296095,0.6677514511155689,0.9912199593592044,1.0019615161706856,-0.03502419626550914,-1.686893487175382,0.1812651635848209,-0.9790115786754399,-0.6488942884901109
2016-08-27,-0.220444429285891,2.3267467001201805,-0.8429876568279656,-0.1324716898857777,0.530646000261584,-0.041755279811371795,0.16754863886358887,-0.3829386573352415,0.5133570939486458,1.140389993117759,-0.5784936414195839,0.7030530354013579,1.1282298186158175,0.8821990203604025,0.6024994489455157,-1.6570327734367856,0.3470616278185636,-0.6488942884901109,-0.606447497622387
2016-08-28,0.8027283734131861,1.8771675539347807,-0.019801580882278107,-0.18820723212035081,0.1279421848308707,1.5017568284099867,-0.6776393004453851,0.3170798048189044,0.7185190345062611,0.9953680648906301,0.6385269484560075,-0.5174119603841805,-0.21455041121294008,0.630337247123053,0.33382385483309707,-1.5260350478249636,0.3566492384690609,-0.606447497622387,-0.253347151943456
2016-08-29,-0.6332627037112558,1.170497738139893,0.27072301540895705,-0.23694322007130939,-0.29057412861971876,0.9782188670301439,0.2597039011031812,0.08721468846653825,0.49151384455600666,1.0489670921699676,-0.5139208982768516,-1.1047021827744923,-0.9647742998138585,0.5761819693676926,-0.15898443556858513,-1.4781187308868873,0.40497751360153444,-0.253347151943456,-0.9859435967703116
2016-08-30,-0.06278094219290793,0.31459423145163834,1.1051165796919866,-0.32485145111695807,-0.695634875277898,-0.5587092179673953,0.8609219507397936,-0.3521232525766058,-0.03859604556663849,1.4861436436609958,-0.0428435210490162,1.4155435713113478,0.45223715601614217,-0.9147563743998538,-0.5930520836992814,-1.4345530031300149,-0.6256678773689002,-0.9859435967703116,0.438100364183575
2016-08-31,-0.019711205265656808,-0.6017636075356155,-0.04991480737814084,-0.3499253400483498,-1.0643810533304192,-0.8066923751865707,-0.8761863287895314,0.37673103944869746,-0.9663469117647986,2.065667164343028,0.6905778644819163,0.6667836740700622,0.17209057045428358,-1.4687265998798338,-0.23510339062178218,-1.2651953063187102,1.154623447897424,0.438100364183575,-0.6687809593814736
2016-09-01,0.2541739457583053,-1.3196142921365974,-1.505186504050321,-0.37802402257067785,-1.3431800287245612,-0.30653968494367434,-0.9171563734558088,-0.22481054857955227,-1.0497813311151942,1.944965282890805,1.4159717237279839,2.098862272335063,-1.067523102301286,-1.1591461402594505,-0.17219959185987446,-1.2556382307837337,-1.2537404788589794,-0.6687809593814736,-0.7743457300295792
2016-09-02,0.5122672654423296,-1.5865406163552753,-1.294844395470265,-0.406530426251117,-1.5587276230312537,0.21028048682509173,0.4712733202865854,-0.16560157916081972,-0.8877339389504759,0.7870277192341284,1.6650882978457582,0.947303163752591,-2.0978364259642235,-0.3191383999772679,0.164037521037026,-1.1101429357918033,-0.5201370660802698,-0.7743457300295792,-0.6838046501401966
2016-09-03,-0.9969579719410574,-1.4682763911235117,-0.7463170081832612,-0.39559408390478223,-1.7403387111832838,0.9646230135120991,2.0016672182760935,0.7785349880103152,-0.5371188628604984,0.15232092663109842,-0.13272280769362277,-1.2974909617647292,-1.267563122891879,-0.7651107111293328,-0.20510264369681502,-0.896777261309545,0.3671638236206976,-0.6838046501401966,-0.39796320038222377
2016-09-04,0.3486463251940737,-1.0319788142902295,0.4407990031765534,-0.38066801049935095,-2.076443620389701,0.4197398798436003,-0.544218398387214,-1.125725639174248,-0.4569087873640313,-1.093922076165777,-1.1357867336673413,-2.1729510546749835,-0.4537084683070019,0.6988884810011184,-0.09405285562728773,-0.5470050730730226,0.5501861336083784,-0.39796320038222377,-0.43731347067944626
2016-09-05,0.5450869626995035,-0.3127524556913583,0.43216800991345816,-0.336574578696682,-2.1549812514806397,-1.2311752296618745,-1.7730532176343434,0.9115639681022085,-1.012505991955622,-1.549274465631509,-2.0584202624918206,-0.6810522783542043,0.6390771267364426,-0.11005444926864195,-0.1602889601537415,-0.42602749839138526,-0.40433484731939323,-0.43731347067944626,-0.14067041874024605
2016-09-06,-0.27776857695498014,0.4672390445718501,-0.73917246556977,-0.5206189303504998,-2.2908720061868633,-1.3514776837440612,0.05178029032305313,-0.3663556243146249,-1.7628162015163615,-1.7677279135158657,-0.9536786437520515,1.3449536812794332,0.7908848416132193,-1.0881770302404328,1.8674323264865815,0.0816285932297393,1.1252854344291177,-0.14067041874024605,-0.6585767625874448
2016-09-07,-0.9588079905004737,0.9824164900711422,-0.10391413614970067,1.2932536303919895,-1.9088558942756684,0.8146313189837201,0.6843689321145994,-0.3322834219244744,-0.7300961201812358,0.50650898815782,0.25828973376131464,-0.48123939348013833,0.5751305670773684,1.2844119153923936,0.4696822148634809,0.31790942355243756,-0.4979919014567425,-0.6585767625874448,-0.837888629843033
2016-09-08,0.7243774173880427,1.1606938843784098,-0.0707702824504394,1.3141126535218246,-1.650428176715295,2.0878632599067197,-0.08455886346350484,0.4278783723220378,-0.1529373158209225,0.48565948712250406,0.16113530222991068,-0.07990575234010495,-0.28631283029620713,2.0812185837566584,1.09196417766356,0.5162208637534745,-0.259712286613897,-0.837888629843033,-0.8227258600323594
2016-09-09,0.07098557250343158,0.897617682568767,0.736609998677058,1.276942753340202,-1.2779025957034873,0.4287552915593183,-0.41888574188614025,0.10287412763555404,-0.21082093707094754,-0.15636404932036185,-1.3981368437200303,-0.8157068114409817,-0.018825366157796734,1.4047601376101573,0.42887608879606043,0.49532537354291734,0.27449333932981584,-0.8227258600323594,-0.6604451747204679
2016-09-10,-1.264503241278167,0.8172176241900504,1.3291018025890904,1.2257282729637518,-0.8161851191554387,-1.251561529380685,1.633074787915223,-0.7334809679728541,-0.2976859833137288,0.1599288822613202,-1.7592591782989309,-1.2763652293907115,0.7071672637063672,1.8394103147116856,-0.6173574633051576,0.3900673626865151,-0.060454908109409795,-0.6604451747204679,-0.8757741371209691
2016-09-11,0.8262775745904967,0.6014729030702023,0.2596363552856984,1.125082956037388,-0.3018321681058399,-1.2443654171412697,-0.46196059138683543,1.0844278697361143,-0.40940558901308677,0.6559664571917496,-0.4605455895261185,0.4358640263606734,0.7130672950004315,1.2061197270505875,0.491043123278301,0.4601634752995709,-0.2070082873757831,-0.8757741371209691,-0.5038865740575945
2016-09-12,0.3696462592281043,0.23644232255187086,0.2154182931731075,1.016017042308667,0.14542482573472612,-0.0990897743254566,-1.8661350256757574,-1.1402915008035979,-0.29866291688607904,0.3361487330970825,-0.7930221401519392,-0.10914629842042516,0.6176422896498847,1.0532920336145215,0.5269165708668904,0.679257668943788,0.5593334222021425,-0.5038865740575945,-0.18848831071226801
2016-09-13,-1.257607853812453,-0.18638227104744923,0.8879024772328962,0.9013507294332139,0.6269008954593274,1.0316792630263445,1.1364154409486442,0.9414069867071938,-0.2970561315693248,-0.07040920429342674,0.42797355137725734,-0.37548639607343187,0.6878293431027597,0.5664380991596193,0.799908063639038,0.8631381739882956,0.290153330675785,-0.18848831071226801,-0.10041739347850019
2016-09-14,0.8376599783876717,-0.44932044133363563,-0.06879935051464017,0.6939983419009468,0.9251124890693602,0.897537930068181,1.0366355325430598,-0.5621071658656118,0.0938922171122488,0.015353504538932757,1.1755752774034527,-1.1642020923921408,1.1558947258028147,-0.07088938978145896,0.6260743519140874,0.9974064318867624,0.014352631711730273,-0.10041739347850019,-0.03996355388712124
2016-09-15,0.28346074747682626,-0.5428232386469015,-1.8967070719941423,0.5708208368564746,1.2108137774185517,-0.07451137224802931,-1.7223921410470027,0.2036178608665728,0.09232454165652447,0.23214022064003006,0.43793649153843744,-0.668506844735514,1.5736299751150127,-1.599468373145699,2.2034134377056573,1.3490796066096096,0.15219567841071727,-0.03996355388712124,-0.9276118877261252
2016-09-16,-1.330393188230278,-0.5754225082207355,-1.4160882465330704,0.4298118106055078,1.4648115105634893,-0.7603140361837261,0.49175742005052964,-0.14743254768077052,-0.651055656620456,-0.5180997011176292,-1.1704243015122173,1.6918637483807057,0.8533557517919949,-2.3026288955827208,0.21809405495224626,1.3980270885779442,-1.1775362463994437,-0.9276118877261252,-0.7213204076655068
2016-09-17,1.5821698031233975,-0.5689361342804072,0.8449496890088786,0.2869656076015471,1.664129855033777,-0.4128031230012714,1.8340385960999999,0.3241952001189685,-0.21551074181773314,-0.6707954847074382,-0.44239102199143265,-0.909819083552355,-0.9373912682803938,-0.5157653647638728,-0.4956192624723503,1.400264645667279,0.04096998483309476,-0.7213204076655068,-0.6472591863352883
2016-09-18,-1.2188004742336318,-0.5809570318354298,0.858487887105418,0.09754946242799253,1.8182782583108328,0.26422802669966494,-0.8802159885163744,-0.3408887335488719,-0.690359848340567,-0.9664492978166611,-1.4637738689337967,-1.9681449579716657,0.24996320292425817,-0.12362756352072239,-0.9861192738649538,1.3911573840209506,0.35482206477969686,-0.6472591863352883,-0.6311443324077557
2016-09-19,-0.43158466973424303,-0.6068289083641077,-0.011198394876727686,-0.1341249794055126,1.9362816970925347,0.3275832970340799,-1.2711643998953164,0.12912209851865122,-1.013893137489161,-0.42551198263242285,-1.0109805448221647,-2.2721325546582896,2.000619416909046,-0.2178752002478135,-0.31495760526906424,1.1275648241508491,-0.1714458066387319,-0.6311443324077557,-0.5118338535981529
2016-09-20,1.7191572534031967,-0.6015991034675141,0.5896041406544521,-0.5354028252935488,1.9665022040774351,-0.1464475534586626,-0.58607384098268,0.23306997940280735,-1.1288630126003205,-0.4584859726522395,-0.8399453058241922,-1.4648302005066816,-0.1354201289463955,-0.22179900267980857,-0.6255778782889868,0.9566245257139772,0.36978166563142967,-0.5118338535981529,-0.9545465432786824
2016-09-21,-1.7652011981198406,-0.5477341084244401,1.228838599372023,-0.6774542772861666,2.0067145240634416,-0.5796313895028042,0.05960005540918646,-0.6043774176566056,-1.3500612945796024,-0.9622284840950652,-1.6794354204729216,-0.1561148417713452,-1.3023430930738966,-0.15394792892380826,-0.8532652579837531,0.570805462432198,-0.9460235832468722,-0.9545465432786824,-0.6067382145081386
2016-09-22,0.0923899852224478,-0.46733004281024193,-0.5073913535474129,-0.9020205744893304,2.050208600908117,-0.04477140516703607,0.9925984801510594,0.734352725413682,-1.212404277024394,-0.8489492904485031,-0.6702327410443332,-0.21514990413268908,-1.2072379503119723,0.545490653332024,-0.235247988502587,0.49342430666890186,0.4484187290935546,-0.6067382145081386,-0.775940508010194
2016-09-23,1.3216831398033848,-0.38587548678027633,-1.5586198710139585,-1.032458548547362,2.095965651200571,1.353791769446983,1.3358759654565588,-0.6414374916764538,0.20053409249913767,0.04414930899181988,-0.16035156984931423,-0.6031832712094997,0.8756458484601064,0.9809455604867959,-0.13714001690303002,0.5843466429807667,-0.08134600446479917,-0.775940508010194,-0.7791672675545879
2016-09-24,-1.5703193430251903,-0.1877722266606622,-0.31906056828732265,-1.1110496085775976,2.0898284324909184,0.8834881164593665,-0.7732760503019597,0.552283569375514,0.3280111227821313,-0.5763004312856421,-1.0575302797588861,-0.3129220292941527,1.6446024426537182,1.9408252330970854,-1.2110881163109548,0.2409203987345145,-0.391897019503096,-0.7791672675545879,-0.7336318745411563
2016-09-25,0.855742884435218,0.03790185268534115,-0.8041613663274497,-1.1019543063927146,2.053930783745789,-0.603689059414545,-1.4642940392243655,-0.6992637902712117,-0.27450656732833517,-0.363411047143782,-1.7628975399267488,-0.8465735019882845,1.20258952154679,1.0310063804906642,0.24155574981742692,0.15345076865100585,-0.36870430150918393,-0.7336318745411563,-0.8677429071663483
2016-09-26,0.9013400088482886,0.1979532783920169,-0.41323706700754415,-1.0775862808022043,1.9711067843570231,-2.205474747688579,-0.21632222224478842,1.0449674331170773,-0.4249624873168069,-0.4854379056812713,-0.6478079704768314,-0.4316681212885091,-0.07569214122881746,-0.5491172218083339,-0.272910368496524,-0.08911422214207661,0.17827765879811094,-0.8677429071663483,-1.2532832852512472
2016-09-27,-1.0249282465152723,0.31526823736522064,1.163426873476884,-1.0348633804922371,1.8149669763862841,-0.49631574194425565,0.5955590761977284,-1.3759241691180948,-0.40443199020365717,-0.9416963873891949,-0.70903690859864,-0.3113991897134306,0.15355529026997342,-0.3436331230713739,-0.5961913009232317,-0.4490277038396269,0.03725883442079511,-1.2532832852512472,-1.157501112125563
2016-09-28,0.1371518080267083,0.39492120704140693,-0.14366991257050754,-0.9418055161792308,1.4839415925371169,1.4049953299765892,0.8195391511705739,1.3820361207033718,-0.8146380605706052,-1.329100511605156,-0.8455701434580819,-0.7826127780440356,0.7593725911392292,0.5370675038593963,-0.5952555762129814,-1.2929061172846088,-0.6015166661351078,-1.157501112125563,-1.1649020834013977
2016-09-29,1.6718015064437206,0.35939139411224114,-0.840605333992432,-0.8886009607711536,1.1341957947147046,2.1302067121332615,-0.1827703274077246,-0.9928736998366214,-0.9192782598116467,-1.9894701030543431,-0.6136213405417728,-1.122276878033918,1.3600299486776253,-0.2532149684558313,-0.8390491825602495,-1.3602442887408766,-0.44335073426028976,-1.1649020834013977,-1.2280738455122084
2016-09-30,-0.28114613750927586,0.1284286966287407,1.1214846756362555,-0.8289106089731875,0.6982365983721563,-0.2750349059192854,-0.23550644493711062,0.32447528748357113,-0.7754588380045773,-2.9026502679842325,-1.9061800919655585,-1.3440347625064404,0.6987025336091235,-1.2611010607901316,-0.6982960827610546,-1.310267823433623,0.4394074048663476,-1.2280738455122084,-0.9388557835341494
2016-10-01,-1.491221560371421,-0.05724067693310608,1.3931240191563676,-0.7616607003771994,0.23794682755433852,-1.527512333944227,-0.06633869935552333,0.33665924771172523,-0.9887599392093886,-2.6020316643545565,-2.038387014483402,-0.04345711377763639,0.30150078094291727,-0.8234117748309316,-0.036943484327645305,-1.1255100909167384,0.16321228212578084,-0.9388557835341494,-0.9577354142378387
2016-10-02,1.4857761485410586,-0.1353409431867085,-0.5214770037575609,-0.6844134500640922,-0.22878814305940767,-1.1190415510060636,-0.4375303458139777,-0.6959917889320055,-0.7417066263680696,-0.5383882068272232,-0.12084991306698831,0.8190108256301818,2.026449017196257,0.9478369185092702,0.8846270235248443,-0.8448993689837043,0.21130996815770373,-0.9577354142378387,-0.6464526829935393
2016-10-03,-0.09970714133442053,-0.07995616186867248,-1.9473023779786178,-0.5973329768100375,-0.614217065435873,0.35277506344175397,0.4355955119780463,0.2856232872830615,-0.20494238114375518,1.798468606504729,0.8716998383811378,1.1721035379550984,1.4802338624026805,1.5698809458971636,2.899712560222889,-0.3699832238792753,0.5696905452598082,-0.6464526829935393,-0.6532350925016779
2016-10-04,-1.1286473453389674,0.09019703028443518,-1.4393632918700972,-0.5088063954326344,-0.9628540616499623,1.0046300781952022,-0.28698222505498233,0.7569003797239736,1.2825494932206003,2.5832692088043703,-0.2630618352325638,0.8572133801535856,-0.88605122558125,2.0732640370414734,1.9953129147850042,0.024259934752536346,0.19487400404381758,-0.6532350925016779,-0.8050865514295247
2016-10-05,0.49796797952848526,0.41389439689198787,0.7810504322749042,-0.3809927507676814,-1.2245833674404967,1.258848008739751,-0.7273406315899578,-1.4386336080205029,2.357364996913271,2.229969553702687,-0.2223755400254251,-0.02035030093041016,-1.8681793454819817,1.6251929717694718,0.12525011060343194,0.07465036872257354,-0.6169675855257574,-0.8050865514295247,-0.36624475132327683
2016-10-06,0.22982205854943338,0.8439014109071921,1.318522747547696,-0.14605041073888153,-1.457029162064301,0.14125654707010238,1.4413733405203655,1.898737538621517,1.7765358830449844,2.1134858691074,0.2866255599910906,-0.3562106139961678,0.5745468237996366,1.0810352713527813,0.16004010906906083,0.11725382286128189,0.3721182975202343,-0.36624475132327683,-0.586477782047891
2016-10-07,-0.7718863500132752,1.170266242234648,1.4267823386358294,0.05645009933131118,-1.6076641826636324,-0.9948386124847461,-0.0940113815384337,-2.243231181835028,0.6296211641298058,0.07713043748995298,-0.15333558438229214,0.5491770246033121,-0.16101540042096854,-1.1594660406999466,-0.4622978286774415,0.1941697699608902,-0.5041152093241411,-0.586477782047891,-0.37466808763875786
2016-10-08,1.963404680199827,1.0913616600668061,-0.07965633071322262,0.2191689225230595,-1.847587474513159,-1.187589841831997,-1.1440863889878996,2.3065820454740975,-0.0949530169137907,-1.5485431906273506,0.5228436056482971,0.4930495190481204,-0.09500717921331996,-0.7818609646056731,-0.07457725435161208,0.1570821557178112,0.9944792160338273,-0.37466808763875786,-0.24986614437326812
2016-10-09,-2.506494504152102,0.7200258691837528,-0.6496264088319659,1.135361101809987,-0.6887293747505978,-0.04293644743626577,0.37175403075622937,-1.2481393629637059,0.14171382703007432,-1.3313129935348813,0.4401663108700325,0.6638522109921539,0.4256095390859821,-1.0014187898791134,0.29763906704313686,0.2548070199468087,0.35046069116530937,-0.24986614437326812,-0.0519399007516053
2016-10-10,0.6914173644840561,0.28955391611170644,-0.5230440337301256,1.2002955233988768,-0.6958485939671819,0.8236451299816828,0.6923340008654808,0.21436347821140078,0.3778873636999661,-0.8513378964927178,-0.32827060226415145,0.2873320851242612,-0.29761390529934423,-0.4427397692419252,-0.0052353871160531395,0.3472901954852,0.6643311364551766,-0.0519399007516053,0.2746196926305945
2016-10-11,1.3379546116137087,-0.4598306422318354,-0.2927279308094199,1.204338066944314,-0.6950258527568445,1.6176640435667722,-0.4373973234031124,0.41774737588138844,0.2374958890615191,-0.805807520291152,0.8645235058616866,0.26042091176199506,-0.06430696019217998,-0.6812535657860538,0.5261149298577003,0.534569924793771,0.4128220767736137,0.2746196926305945,0.3262627970048628
2016-10-12,-1.7112679015552148,-0.9635560112032495,0.5285954283787659,1.1192794855905657,-0.689974288391665,0.12567530524393422,-1.7021665263490595,-0.8872700952770386,0.19016188343363555,-0.3502167503874641,0.2564197994343683,0.35146427618721554,-0.9126293949549983,1.6282601077148846,0.24662962189393028,0.7482016684126187,-0.0838514215636159,0.3262627970048628,1.283047852083771
2016-10-13,0.9812289884208287,-1.4244715543018005,0.4421348672562087,1.0580182122091715,-0.669968322724625,-0.8730689012596915,0.9216209902006266,1.2989115542454912,0.16247574471332382,0.19272679556549532,0.263248400576975,0.5656116047689015,-0.3256997459948238,1.245790959305933,0.7047741572843639,0.9950021845327461,1.7098138544014554,1.283047852083771,-0.7491554654540223
2016-10-14,-0.41644519826171233,-1.6319145569809466,0.20076216164898203,0.9810243809901341,-0.6191268992279401,-0.7939076530845448,1.351557178486043,-1.2002931238340244,0.015120289726475446,-0.23673029943811297,-0.31485458088529467,-0.5955640998689838,-0.2991014150800118,-0.5082649490491623,-1.2188401791364547,0.7383520366395472,-2.3965526960675945,-0.7491554654540223,0.19842566450266766
2016-10-15,-0.02962033186839099,-1.3679284454058278,0.6040557426336927,0.8932484055778113,-0.5800905099015055,0.08258129225589983,-0.7733221344921898,0.9109572016125952,-0.5792729236097167,-0.8118037596029967,-1.364776987440676,-1.2791775274017532,1.2591431732279537,0.05789920492796282,0.006175550262619678,0.5971248773189325,1.8377162647385208,0.19842566450266766,-0.5045527970225416
2016-10-16,0.4574640299727954,-0.8130919842188359,0.7750805282323063,0.854724726313896,-0.5159383121602513,0.4743141736527774,-0.0755289251926056,-0.8529389630315208,-1.214492425894601,0.1210092158082257,-1.552151041517064,-1.4796396587669314,0.1539290994924188,-0.6082000206852186,-1.0997207218360463,-0.015840861643951196,-1.1901729585061604,-0.5045527970225416,-0.6062339154562028
2016-10-17,0.1063465159557851,-0.20415837983869384,0.9993820592316794,0.7363798977363171,-0.44201164122588055,0.339187709990248,0.4279369857410291,0.9993230252466537,-0.7159125700686921,0.5885332155377558,-0.7078779047239528,0.4137425154095857,-0.8791598639654761,0.17742577522656253,0.04969934548320041,-0.2339302536468249,-0.23346306734027664,-0.6062339154562028,-0.6857544020038768
2016-10-18,-0.8570590866816399,0.2470789589894451,0.411568341973467,0.6155708973631695,-0.38888734379765866,-0.08173963089583819,-0.26005607984097684,-1.1975703081689648,0.5582457706013624,0.11112894106060392,0.36536559695927345,1.338987308460202,-0.5003934937500029,0.6259650901928056,-0.9885322989865152,-0.3873112443563072,-0.49072010475776306,-0.6857544020038768,-0.3741533728407272
2016-10-19,0.171232505055298,0.6167094423847648,-0.4477135636748519,0.46704315194189505,-0.30586638807119987,-0.24115202986648604,-0.37492881466763006,1.1513662110292564,1.6575504688712295,0.4864884595971067,0.32686792067556847,0.861541280072844,-0.07276355107712189,0.7665943330252873,0.5235304870965378,-0.3586540551260631,0.5061199238857164,-0.3741533728407272,-1.202829775540655
2016-10-20,1.673455709974077,0.8920702626932222,-0.279717605729162,0.30221532699282033,-0.2182754024283405,-0.18199617821964512,0.21192446689199748,-0.9670367434311572,1.7251718230992,1.73306194906108,1.0208613785825689,0.015248047735441063,-0.6219622440838514,1.4347397039461809,-0.5803663996097516,-0.35030823437488295,-1.3907055551918148,-1.202829775540655,-0.500126391505959
2016-10-21,-1.683300940642645,1.0255392360462794,-0.3237135958571063,0.11213020230556864,-0.12168240040852378,-0.012096526096353534,0.035544713379842066,1.0236375056536602,1.4877955903981344,0.6628001769135942,0.3091231862525423,-0.23748313869180568,-1.5365463461317457,2.347705277017711,-0.15635640402774253,-0.3538407011656941,1.2984082754892947,-0.500126391505959,-1.2472077507343395
2016-10-22,0.17511333326623735,0.9830881750285784,-1.059528688767395,0.05080726339852778,-0.03880362660290735,0.33746065444857376,0.11399667595658602,-1.2229735490196474,0.8748968383159245,-0.7129593342347563,0.2582084964559377,-1.103607042389636,-1.2538753972518113,0.9482818825788843,-0.8899377547350172,-0.5661184132557849,-1.3962291871357284,-1.2472077507343395,-0.016565400971569708
2016-10-23,0.8992057265511555,0.8010005940034896,-0.5693710036210162,-0.22764693900552083,-0.04885338695386918,0.3281931243489433,0.3513604356129229,1.2181455334782514,0.44824107758308657,-1.2945302249507005,0.2609505139815452,-0.9169868631330553,-0.23804671492792878,-1.0156722987975084,-0.6906686314242793,-0.832441928754903,2.288179943031461,-0.016565400971569708,-0.5722795832028932
2016-10-24,0.03418829500969931,0.5194425788413717,0.504064142598832,-0.5605769092220741,0.03524407534071076,-0.4894654390533547,0.5341596927754064,-1.0460089776157249,-0.1697796122962599,-1.4271129043337476,-0.3900138832009393,-0.5175200594947276,-0.022244837759441326,-0.631223321778791,-1.1987580298647942,-1.2847243224649487,-0.8394272867011591,-0.5722795832028932,-0.2248094542868001
2016-10-25,-0.6174307333929598,0.3291214360992478,0.8356260575972463,-0.7962310348258147,0.04270954300283214,-0.6462520384389631,-0.9407602170884614,0.6121313620587714,-0.34299651694710565,-1.0802124825703852,-1.0829687631263727,-0.6901114086422242,1.6752709926059177,1.110583197337125,-0.4793890436110993,-1.4099224238043169,0.25867410222136855,-0.2248094542868001,-0.8179658710452692
2016-10-26,-0.5754364806076737,-0.00018889307162230315,-0.36766545517223725,-1.0769294382310517,0.1057100857704279,0.2605894916555216,-0.49999767266045125,0.45350035578354936,-0.06473932984101251,-0.9790716917191408,-0.9399631080383531,-0.02796726762897822,1.097397457323243,0.45232438816562515,-0.2108382082297875,-1.4727394214305523,-0.35874785581168156,-0.8179658710452692,0.4867231006852246
2016-10-27,1.4638852487152778,-0.18112577603247174,-1.4373223993785034,-1.2394340573388583,0.18892739301589526,1.0448651854205495,0.8133367066819549,-1.7126171842586904,-0.011807578302852772,-0.4271991852141995,0.6600932925922633,0.18276824798333216,0.43646517408427377,-0.20226174985392148,1.0080382178302243,-1.1303055156987167,1.1177056762488882,0.4867231006852246,-0.09895028952581328
2016-10-28,-1.1737998904657856,-0.26790752380404464,-1.4724418688872452,-1.3095091861756294,0.2455206326004518,0.17008175344672774,-0.5007617390612342,2.100678806933422,0.2446360433843915,1.1010760185315056,-0.3420376927437785,0.7263737014483137,-0.033128322281307535,0.4084691314659086,1.7548870146899491,-0.7916540909620389,-0.6588734714643971,-0.09895028952581328,-1.0855975433818792
2016-10-29,-0.7446775519489965,-0.3110301574646831,0.22375290977972156,-1.3081350491330062,0.30246530897388685,-1.0378874519041974,0.08496595576338499,-1.7199078105697212,0.6759877726553603,0.6928417419306974,-0.8192639947348672,0.7680528261385365,-0.32356403473946166,0.14343504752158479,-0.3448500060063166,-0.5305559791475617,-1.2867509700808095,-1.0855975433818792,-0.6180061624776317
2016-10-30,1.054670319482016,-0.3192618612768294,1.022850146884315,-1.2570971046630304,0.3510712886994095,-0.438010565320639,1.1677571310459274,0.9195075155828878,0.7621730891041704,0.16541795432539483,-0.22048912936285045,-0.06912364322907473,-0.005881351216252395,-0.19998690982318473,1.9618858485046422,0.15064750114022596,0.13196552368780287,-0.6180061624776317,-1.3757933765824808
2016-10-31,0.8623185542451077,-0.3079924294892865,1.574629108209631,-1.1808054744057899,0.4062038378063254,0.8198720504943032,-0.37349515667364935,-0.07565583181082476,0.8298647916002739,-0.5420697492224064,-0.34531257801275944,-0.6549699362976296,0.16622264162814876,1.6071608618988351,-1.6136168778808953,-0.053703281422401515,-0.8341915563136528,-1.3757933765824808,-0.8916437498665709
2016-11-01,-1.7540041109026605,-0.2345092752492353,1.3530170554526222,-1.0885575529427016,0.46237042660586775,0.37951283039843525,-1.083749237883763,-0.579095161959341,1.459164853509479,-0.510548066620996,-0.5330806221350752,-0.2771712164736291,0.5148119340224271,2.202159254987291,0.04854450804239567,-0.13505256234448182,1.0478958140424408,-0.8916437498665709,1.204989819576956
2016-11-02,0.6096163414288414,-0.13669943112182448,0.025810213950525747,-0.9049192305911876,0.5256787695395196,-1.0359163774308173,-0.07337078357209338,0.8145247103582727,1.714456954737062,-1.257155854267079,0.9873485855698221,0.9139029129620041,1.2784722947501082,1.1819263924759351,2.190581319441003,0.3762584074339423,1.9645640657215386,1.204989819576956,-0.6004151216174926
2016-11-03,1.3619013256483372,-0.03806797302098823,-1.0485805515214752,-0.7786262721252524,0.5760087762111337,-0.5545832551330608,1.2038778534288914,-0.33688690362158,1.0049875284236145,-1.0808693349972358,-0.0027622800626236187,0.24782263284511072,0.3187897368140197,0.5049448791217518,-0.2427016999429976,0.3786773426059188,-2.1143014241191134,-0.6004151216174926,-0.8335736848247427
2016-11-04,-1.9642964607095519,0.0737718334762443,-0.43545553200207887,-0.7115781623215132,0.5761872250525863,1.272396455594552,0.808744717421818,-0.725075938529483,-0.037522302593309305,-0.8227366228704869,0.2388139218428369,-0.18996891623344705,-0.36547505148570925,0.8237887012332437,-0.9917234456295663,0.23767503849210422,-0.42800406629847715,-0.8335736848247427,-1.473857346772052
2016-11-05,1.06558568975922,0.1422216291974087,-0.7457271658010898,-0.5429215280243285,0.48912149386682613,1.2568414819905247,-0.8238052094902747,1.6949817000721892,0.14509263574802492,-0.5285321636369407,0.13545796431621712,-0.5564099028664824,-0.9607983525906809,0.5824014968137645,-0.4643882623301527,0.25321429596434664,-0.30929057667434195,-1.473857346772052,-1.5338802711041237
2016-11-06,-0.0508269413458839,0.14159211436584554,-0.2462247306295097,-0.3720161742802906,0.5051959200933637,-1.2268920055382946,-1.4377796176255964,-1.834928214457644,0.17227995652536998,-0.6815077826935819,0.18944359093004645,-0.7052311421623872,-0.905825086067054,0.10066178324178067,-0.591276464733204,0.38826070607899255,0.7088144433347954,-1.5338802711041237,-0.9586183532043442
2016-11-07,0.4629889325476433,0.13704269854844953,1.091216209489591,-0.22417513545394155,0.5204279312525115,-1.9044582038198967,0.23802951388032614,1.2802413386713611,0.5563106807778326,-0.2676555890124376,-0.5428253401375362,-0.7861802147854496,-1.4074677043970578,2.2469318859667275,0.06928867445835521,0.6710354781032924,0.035049417943236814,-0.9586183532043442,-0.5533615929828704
2016-11-08,-0.3268723535604869,0.07780564049952325,0.19577786102449202,-0.0223425318265519,0.5082862893782587,-0.22819895462962902,1.0094415686914902,-0.35517594546941306,0.9904363713914852,0.009328792729023885,-0.901760966611303,-1.6256813613885681,0.871648563814096,3.1035433647432056,0.31437816579597216,0.7650383416738922,0.26972396068156895,-0.5533615929828704,-0.08654323346558024
2016-11-09,-0.8205280880490282,-0.014017076842328785,0.06294347698446393,0.07538416948056172,0.391880109043365,2.1747423500003875,0.4307433555600551,-0.7272936897558425,0.618162098885406,0.4574572220935784,-1.0022515802473453,-0.7774100108135269,1.9969736611820261,1.309900666911593,-0.9052944989608714,0.25142173831758136,0.6848347039376216,-0.08654323346558024,-0.3485911791047918
2016-11-10,1.7050979193349596,-0.021089165962475682,0.2585217522888662,1.2779664655902605,1.057286866168183,2.0731049882785326,0.17077992304944162,1.7760031510868144,0.08217476217612765,0.24149716917003367,-1.1080240286368654,-0.9971320148045516,1.2162144556631311,-0.6131383044224319,-0.9953216547893394,-0.3403331734235171,-0.5777721112721009,-0.3485911791047918,0.03259407419876115
2016-11-11,-0.8794988298796422,-0.01302221611284832,-1.204222042287866,1.5358178289313413,0.8820239380836694,-1.3409202274693528,-1.3695421341668133,-1.7124224515872772,-0.01805213017845116,-0.45691442156734363,-0.7621893041209059,-1.701114645023843,0.32900028115378704,-1.168343130799679,0.32011512810573184,-0.202625135854434,0.5838415945525169,0.03259407419876115,-0.14517648477451053
2016-11-12,-0.8248216546500191,-0.28726389631630317,-1.2875330984220301,1.7555817361587889,0.7077910784932117,-2.743757200170028,-0.5338811818055648,1.1823845441310397,0.001740841697497902,-0.20853819240826252,0.17068930108704333,0.15334129993610576,-0.47251038676503215,-0.18593305946178507,0.49050616366397765,-0.7832986573394324,-0.3586891946767757,-0.14517648477451053,-0.8163527989603844
2016-11-13,0.9605640773954679,-0.35597138330232064,0.0005337242648925943,1.8781686692555835,0.5489514213326699,-0.5006652395421507,1.9507660144092163,-0.494656178359576,0.3479556113168816,-0.26264786284621466,0.021010427077720953,0.8395931722420572,-0.8746070927687258,0.24986196005555536,-0.5470455139698087,-0.5010502038780582,-1.319712784530539,-0.8163527989603844,-1.017115002538172
2016-11-14,-0.4038847807520445,-0.4043158726181519,0.7196080675974794,1.9797721397092407,0.3832639453682287,2.416318701662637,-0.21617768397348927,-0.3846651096613138,0.0057535188310910935,0.2432759641012443,0.24408064497725943,0.6568945502523618,0.062446526313506605,0.39867508037335647,-0.5249047400834778,-0.6167692947486667,-0.3757201235150586,-1.017115002538172,-0.09361655217611492
2016-11-15,-0.19113066478072263,-0.45564916221998614,0.6431256624329709,2.0187057070737526,0.23783914858805316,1.530751781730113,-1.9309278915399206,1.2993851872174456,0.2472444258593614,0.6804609181176139,-0.1625989006608402,0.7483239679555012,0.12191502937083978,-1.3191127447283675,-0.2855659770939219,-1.0228785031986098,1.523562180489465,-0.09361655217611492,0.3663088074524277
2016-11-16,0.3430188362630275,-0.49483947908221737,0.04927327504560665,1.9927489874131779,0.05319821576089533,-1.887637392257143,0.09781500917336378,-1.4629807892542896,1.1481233477459272,0.9995034208896287,1.102709238603326,1.3790929441964295,-1.0777245541419096,-2.2503504827995764,1.250036629352108,-0.6752288750274825,0.5817879178495022,0.3663088074524277,-0.45634012745768904
2016-11-17,-0.3651829281070394,-0.37592969753704397,-0.3130608271562159,1.905348951008397,-0.10816283265109838,-1.459206296669322,1.981993064605659,1.203687174592941,1.7229669736833326,0.4984951319956084,0.6248450574915176,1.5548532647901976,-0.4488563555991164,-1.1735575086423577,-1.131349201224123,-0.6098590628297169,-1.415740230517135,-0.45634012745768904,-0.6506448523582168
2016-11-18,0.5027539248820813,-0.14548693580694766,-0.32022100115692614,1.7586775539667865,-0.38252531806146606,1.1382114310213647,1.0816894604551157,-0.989365416011562,1.7614727854920225,-0.0035738967740026155,0.5727869163551281,0.878745646108137,0.5580886256443512,-2.0990058598614776,-0.38595252941670866,-0.5302016866406517,-0.04965541533878617,-0.6506448523582168,-0.37486645319353773
2016-11-19,-0.862643531055893,0.23130899337281158,0.32421518088169726,1.5207390276474273,-0.6454058274138534,1.2783084723921692,-1.6139700494189255,0.812149513502532,0.44356239748824744,-0.06137233143457077,-0.1431927071737408,0.933689287414935,-0.5941017715899451,-0.8883870027662126,0.19211701793810348,-0.40307296598475917,0.4825937659702022,-0.37486645319353773,1.7432515908773671
2016-11-20,1.1370258785148915,0.5301605227194378,0.452631310457968,1.2579546969444353,-0.9236316238866442,-0.4792667677248246,-2.0745328417945044,-0.4846185510878506,0.2271519732411531,-0.6225506270897909,-0.3132347826517604,0.8638762860691493,-1.155801896426709,-0.773119894484972,0.9187419403619551,-0.2794186517020347,1.7321807323410245,1.7432515908773671,2.9558706592208086
2016-11-21,0.043327939251397496,0.7003875759672618,0.07390829466218257,0.9483018190023507,-1.1845470829199551,-1.0621422934052531,1.1128165704510544,-0.33562653885903687,0.9392172117918185,-0.9665161909022348,0.8863705550320509,1.5719638174042656,-1.1453162593625688,1.9966658418524557,1.2141319396756296,-0.11871017214767163,2.754695615553351,2.9558706592208086,1.1387028370573664
2016-11-22,-1.797733708941155,0.7231836879889996,1.4864168816536167,0.6225392506406976,-1.3951098760525835,0.09653073468660059,1.5342004570974068,1.2229891717627697,1.0441609835237944,-0.10295472080126228,0.43781180962978383,1.4129465928519458,2.851216902920585,2.0219810133787077,-1.1305887538437902,-0.15832147173148042,-3.0486276711957863,1.1387028370573664,-0.2553325626614596
2016-11-23,2.832322699601591,0.6892520205993857,0.3237653428844102,0.21778482007780645,-1.5283574500729762,0.8546773833717709,-0.3565931122217701,-1.8072188696694336,0.36465448107302517,0.5625000189464185,-0.24935296925762152,0.9608732150089005,2.969788265832393,-0.38708359973567724,-1.099553457143118,-0.1410710644644122,-1.8838876602996923,-0.2553325626614596,-0.7814668528045537
2016-11-24,-2.175178401131381,0.48997115514472633,-1.8639458139803766,-0.11181988382240934,-1.4171096209353968,0.3117322735539332,-1.5069576026788833,2.0737879266626624,-0.1214111205030284,0.1112637717506052,-1.0771017192417645,1.065455329871744,1.2664036468897693,-1.9152920543550545,-0.9931916954504635,-0.2820882713209301,-1.3202273071122428,-0.7814668528045537,-1.0171757751480661
2016-11-25,0.2508956904040326,0.05873694308472655,-0.33199802431294173,-0.4608004764994796,-1.3779159902326208,-0.5733259199833772,0.18802034491793299,-2.2273955306499373,-0.29154199047631074,0.12253117751160855,-0.8135164318991096,1.014405415702159,-0.36910170790345553,0.2842017480471479,-0.4582927746447083,-0.41662546169406767,-0.41005642175466334,-1.0171757751480661,-0.8114735252212357
2016-11-26,1.084622851907644,-0.6748253769257597,-0.1920417656171503,-0.7537412260366086,-1.3042717252987657,-0.6075052206928825,0.8709106290330842,2.335511995327506,-0.954148674335001,0.5052315023646017,0.10045502459922834,1.125512135384579,-0.9323917146788709,2.334982299992128,0.8483159008208507,-0.24596819957136998,0.04759400258515566,-0.8114735252212357,-0.46980061730613193
2016-11-27,-0.9841165714624729,-1.261122009389902,0.06661232332572087,-1.0369889684935838,-1.1902425739420648,0.09402469283039247,-0.8566209059698984,-2.3484261190972884,-0.010316040682437404,1.4406083808855277,0.2024258375838789,0.9854200866806242,-0.3171058852610742,1.7559668553307302,-0.24833802906982688,-0.18466033089667744,0.560457094513328,-0.46980061730613193,-0.09692294119453157
2016-11-28,1.1010355119459705,-1.536182174515333,1.1003175240291383,-1.2891762003491938,-1.1578425189692338,0.5778056308509016,0.38583495677807006,2.0664300618405287,1.5286716989269589,-1.5876208964134138,0.597370624384471,1.0972481072439184,0.16289825361604532,1.7200549418607065,0.4299525058918114,-0.12047762037009357,0.8091031668469376,-0.09692294119453157,-0.06425008465205362
2016-11-29,-0.9918423209175615,-1.6131688543323348,-0.019520089992961412,-1.4939894436553482,-1.0123262620233942,-0.036654184195412,0.32358414030663346,-1.5281045409998903,2.1873491569053134,0.2808264342585724,1.0475396161549297,1.2871800293777274,0.6040197682732353,0.19731934541329046,0.3131626192209334,-0.305546071928833,0.07027814911629304,-0.06425008465205362,0.21890176100372952
2016-11-30,1.3963988453292282,-1.6060624353133743,-1.353122226381824,-1.662413543178838,-0.8554677328104174,-0.3667710382809801,-1.34567972704359,0.8793317864580658,0.9218497869118757,0.24174734660185518,0.516607669725865,0.8924381458983116,-0.15112757788992956,1.4673205475051148,1.6435913236339204,0.00142605556766648,0.4463915229212322,0.21890176100372952,0.38128281914625356
2016-12-01,-1.4607259036435176,-1.4180010533062923,-0.5553468698251204,-1.7862790659588206,-0.7469058314338537,0.2815999309389796,0.8338044790299469,-0.39417518437156734,0.7160362967642706,0.22604177035683928,0.07182709642286865,0.1473380535792409,-0.42825686698308063,2.299210220615736,1.8101671659502987,0.317685603434471,0.48085088591518504,0.38128281914625356,2.3531834858631426
2016-12-02,-0.1841724030957986,-0.8403654124503732,1.0507115385285042,-1.8874920491740002,-0.5798096673491,0.37337344906272973,0.7485231730812457,0.05914122017909988,0.319261911705485,0.719768736690273,0.3573977750304728,0.3390442166475251,-0.87015769965624,2.2538069942020122,2.6126054893474775,0.5973355977996966,2.926104256932725,2.3531834858631426,2.16765596276043
2016-12-03,0.9667867173385317,0.25226310384080647,0.6421715025968721,-1.950615646379863,-0.4001152800328162,-0.7686905796730554,-1.3656289951893124,0.25940117129576584,0.012784053890446451,1.564988263975652,1.0663404234222575,0.4716646265719311,0.830085525201446,2.4996695939410087,1.5420223442872008,0.7037072481490885,0.5044943848748021,2.16765596276043,2.806058599790634
2016-12-04,0.2587429320847137,0.916934940501475,-0.7968661640646247,-1.8729780175470012,-0.186022097376826,-0.6382543727751663,0.29680282081301984,-0.735352812935515,-0.19579258774680805,1.916365642143263,0.9212783363050925,1.1001320670505492,0.9375666124640043,1.4310607391826358,2.725504058591031,0.9860594437098662,2.5709907326960164,2.806058599790634,2.0125624538629574
2016-12-05,-1.2610766900707016,1.1889428286104262,0.05221774055032466,-1.8800745960406264,0.027686799787882566,0.40569700620218946,1.0423042340882338,1.2800643535153664,-0.10727955944551235,1.1987240192796125,0.3967777593821365,1.1816785571976423,-0.6654970904517534,0.25522142749089916,0.5304465480628135,1.242974297684672,-2.827568585064276,2.0125624538629574,2.0019835534698283
2016-12-06,1.0963916273422116,1.324443806095398,0.5248628529270465,-1.7770822828108874,0.3700020339891049,1.226770338996168,-0.282951018496461,-1.5024070767561097,-0.25714017873986966,1.5262931198841345,0.7723606929886374,-0.10243806821051143,-0.1818508418712821,0.17627029375032885,-0.3205921391130606,1.3654422102889234,-1.3493852370784514,2.0019835534698283,2.301724631104386
2016-12-07,1.0322575756479804,1.4494345523571566,-0.6058367500875173,-1.6871091039475161,0.5146592355646238,0.1478033575623535,-0.9846686591826207,1.6413592024372123,-0.39127736158795556,0.9413648777701611,1.1492014131558137,-0.10531531821624836,0.9956413903493708,0.19274630025544381,0.9942090813671492,1.5703759714272782,-0.3666737043809139,2.301724631104386,1.453317040042454
2016-12-08,-1.3794631768160006,1.3892555016539616,-0.09918098440441783,-1.5047060635638836,0.6907079292685767,-1.515866599267273,-0.3938213732907126,-1.8671786119921383,-0.6131601533129757,0.13039864974999105,1.139308350844639,0.20591753774519023,0.2565999777899941,-0.6679025054823006,-0.1272949265355956,1.548467855498606,-1.9337985172454752,1.453317040042454,0.9628399526127057
2016-12-09,-0.9153404484337748,1.0577702099420316,0.7577806850474123,-1.2356494156961426,0.8162521172154094,-0.7597717853528883,1.6556343132081122,2.3431627143274563,-0.5402391823371183,-0.8107117755160067,0.5654108464778772,0.5892278687275175,-1.566060864157523,-0.4347426594623819,-0.34243316828642817,1.4773286972204573,-1.288198325035647,0.9628399526127057,0.970562910769966
2016-12-10,0.9397304792210762,0.4742502037525661,0.7226804560439458,-0.9179128836585982,0.9023841263659779,0.4994923964221104,0.5442333097712057,-2.824698044752794,0.04979318526891534,-0.6649232502828472,0.5709650101146893,0.4706479759667779,-0.8218155126488859,-0.40088964683481554,0.5499757519875401,1.6715076197193712,-0.24391588932869068,0.970562910769966,1.6433677324134726
2016-12-11,0.7640268298600134,0.01101221751802055,0.0621161601020028,-0.5554072003590578,0.9329353047416764,0.7956868396739156,-1.5736762003115585,2.327130567738708,-0.6623933753937284,0.46371110640090946,0.2884943807438333,-0.061563175937786214,0.27844169798961904,0.12974520940898118,2.195998922087764,1.9279980650881774,1.558362641744121,1.6433677324134726,0.23540177602495413
2016-12-12,-1.7180470421871874,-0.3114938391324731,-0.3333890075280348,-0.028076949672591413,0.8138434515482819,0.1777505653286558,-0.9682560333523625,-0.9430702981554745,-1.707153441818119,1.5977380670179302,-0.11338967234526558,0.6761640591211651,-0.08791932412521686,-0.17549313064276414,-0.4426168596571967,1.914755726512028,-2.4455107308098842,0.23540177602495413,-0.22062855664302525
2016-12-13,1.562696008467495,-0.5993964962130656,-0.2115093710830454,0.20268651272335236,0.7263385825561407,-0.08489131948278571,0.31241239113372565,0.040732498657623364,-1.5817542251099805,0.6766540732450576,-0.15196007193802327,0.8376919416296298,-2.069534637829778,-1.9449565855299686,-1.135342286963533,1.7256166906499952,-1.7118644708560389,-0.22062855664302525,-0.34303103160491805
2016-12-14,-0.8127599599605249,-1.2669459812092507,-0.2021945813705296,0.40690045533143604,0.6177924197449751,0.3762191184298451,0.9666251036181451,0.8200334102136567,-1.0429062752584946,0.6813907504669291,-0.12800406662940902,0.10762443984040339,-1.3919210742809438,-1.2817665033339642,-1.1965146876009791,1.3869112306611078,-0.5031789040090257,-0.34303103160491805,-0.247456503603557
2016-12-15,0.20746613334611053,-1.2802966680064731,-0.10560965647984637,0.5726149796590951,0.5301052695966375,0.7901431820165773,0.6066179064986007,-1.5475626049135331,-0.44723116393451107,0.1055979071206234,0.491973826895124,-0.24414751138557608,-0.16830799989961412,-0.761865824894841,-0.8222027326620328,0.9836558490952801,0.42721771028299266,-0.247456503603557,-0.2972469786830572
2016-12-16,0.5482445816452343,-1.0686265268149138,0.00714297162850649,0.717552965754199,0.35884739993969206,-0.2728033356493007,-1.7699487508034983,2.129173166933436,-0.3953741286614524,-0.5167360270814149,-0.0034782996396326977,-0.7831782735812877,0.22178694968540924,-1.1876990407870314,-0.573088214867544,0.6343070024116442,-0.2301967928967508,-0.2972469786830572,-0.7434079161444465
2016-12-17,-0.4565034055568981,-0.6646895096327246,-0.6474889464268905,0.7887737359163752,0.181285123298487,-1.0180399548020336,0.7020969047783374,-2.4260718757442015,-0.04328897429827062,0.22050718142777084,-0.014084330448782956,-0.3242942286647894,-0.12757531522698673,-0.7081895113784106,0.19764626724601791,0.06172547503461976,-0.7257252622617267,-0.7434079161444465,-0.5506880213752472
2016-12-18,0.19290004712425832,0.09871381746065865,-0.10648451179668031,0.8959184195889838,-0.0747791168233097,-0.08423465458022937,0.8596415484293709,2.209327135920183,-1.477311533505332,0.7543631599542349,0.331282064457459,0.2868590438466677,0.6560422365741077,0.4134077033230115,-0.7963217427455339,-0.15867635035400235,0.5616711120160535,-0.5506880213752472,-0.7615782004413841
2016-12-19,-0.219477570944526,1.0988298287360412,1.7520924246626934,1.057452315725126,-0.4632341437696006,1.0001392500356738,-1.1541652510950908,-1.3260253168074363,-2.316223626504029,-0.7592476772111393,0.3785577527293959,-0.0473001273382201,1.9568929007235125,0.08390998273282432,-1.0327741886613535,-0.2755408033202952,-0.3009512257029764,-0.7615782004413841,-0.8545268981961639
2016-12-20,-0.1181695202702668,1.7950187444187589,0.7373892323224335,1.0511888571866412,-0.7242917496841551,0.3762854982695814,0.3220012817405947,0.5651688754159725,-1.9352565314161583,-1.3479192333874963,-0.44384730260254407,-0.7840977619305739,1.447379436128006,-1.0171657646998309,-1.089153944182998,-0.5793043865764723,-0.18540046913545422,-0.8545268981961639,-0.9396040396410675
2016-12-21,1.396068165543242,2.0211801214030802,-0.7525685977281837,1.0780195737472524,-0.9612112335955665,-1.4853639961297378,1.290213334147055,-0.13955489312656752,-1.1696718891076407,-0.8506142271545544,-0.6407430682652132,-1.080599896515926,-0.4967806460827051,-2.184628485291481,-0.09024050506550654,-0.6434272329683667,0.0967770094378385,-0.9396040396410675,-0.9389262452716123
2016-12-22,-1.400648937260261,2.230493211009579,-1.3339732673991236,1.1007059701864657,-1.1012459779825403,-0.5641259248939271,0.08527091189949658,0.08143893078282631,-0.18959043474748918,-0.4646178037960618,-0.03518149378937083,0.3338969371804973,-0.7443408658061897,-1.8628897271237914,1.2454229864300765,-0.4613097696982522,0.03726513080243644,-0.9389262452716123,-0.6346795205030821
2016-12-23,-0.10456474480382734,2.355554833615441,-0.019405585626096716,1.099089914516187,-1.2073139858577218,1.41426710906834,-1.3329275754949246,-0.2022798265083521,0.25451497085232366,-0.5483163862945682,1.1663111377983901,0.2206612043715105,-0.8459133837307038,-1.3756718834484911,1.3858411715294447,-0.3573524101737028,1.1562708894384723,-0.6346795205030821,-0.5703287441727055
2016-12-24,1.9066941685827796,2.331220312828568,-0.5073687435032128,1.0816264597902308,-1.2597381010058708,1.3157228380198085,-0.15442501986082502,0.4632149495279027,0.06767413352176833,-0.5782551975827285,0.5911107984899567,0.6968901070063458,0.7001503968442138,-0.5331828537344,0.005682070482775877,-0.8897840582274684,0.24870524064155033,-0.5703287441727055,-0.4021290930771551
2016-12-25,-1.4202247196905262,1.9474580055595963,-0.6174895738724452,1.1333145862886707,-1.2722915924135034,-0.4577487802566466,0.20039044759612024,-0.4317993462147128,-0.5272341636364766,-0.6060565883963472,-0.1483793041583307,0.6153942898636239,0.7890248413655772,-0.6715533344918898,-0.060032219910965634,-0.7111868225048819,0.17657892749448473,-0.4021290930771551,-0.18467083536542422
2016-12-26,1.247933840763177,1.2119649379913788,1.2528763698130707,1.1009292341829753,-1.2415634536568207,-2.2121888079673,1.0026896607500013,0.3288157951591811,-1.1219912621365336,-1.1281932760921571,-0.3085565338013027,1.152801878095468,0.656325092247073,0.6331359667002878,0.5509143250894958,-0.446142238080979,0.41642302348871957,-0.18467083536542422,0.2533500561651385
2016-12-27,-1.0024344928299695,0.42758252244677897,1.3662451515349563,1.025653040013767,-1.2224215452084806,-0.9007751896848741,-0.019849881895365577,-0.35182176383794944,-1.242386697336423,-0.4265979385855139,0.21886203053481146,0.9468371151247026,-0.2684641747633629,1.13531313839128,0.31825704634961643,-0.21485380448608699,0.8219302023500532,0.2533500561651385,1.1157387151868083
2016-12-28,0.2555639926290647,-0.35798052146089937,-0.07442400503608192,0.9668196059155494,-1.1850480174026794,1.7194678530019212,-1.0722878092667116,0.4637690473540415,-0.8179732802930317,0.05912587841174699,0.6933237294473306,0.6445518291334026,1.0407084528840025,0.09926924793443458,2.2321257489837203,0.17425229345595852,1.2605270448710775,1.1157387151868083,1.1671469732850923
2016-12-29,0.6226110050707311,-1.0251961015775568,-0.14384348769084251,0.7713966993906168,-1.1241780908352466,1.6972811133480927,0.23984859473270384,-0.5966990794016755,-0.4625155560171858,-0.1248563308575355,0.5058841517075019,0.09423562817355893,0.10215368638205229,-0.4984889816656928,-0.3145234667721552,0.2928990938814355,-0.5932756740485283,1.1671469732850923,0.818776131104493
2016-12-30,0.4547888537295936,-1.593574612348123,-0.28286515129870315,0.5683025527610682,-1.0339117370926205,0.6463641571647532,0.9137930710176234,0.46333803763994125,0.21054390599163947,-0.6394739094342491,-0.4860618542267983,-0.4496548798004758,-0.6008861896886324,-1.6552877037786777,2.1310763385206735,0.4434564164620392,-1.2614714305041517,0.818776131104493,0.08894339711785682
2016-12-31,-1.8002609151469018,-1.9474010497923024,-0.2061247450292491,0.3256046497131006,-0.9373531304111864,-1.7729068452488843,0.7806041583752589,0.11016317733081421,1.015823479654765,-0.39491123114224347,-0.21392169136205763,-0.8442272829238487,-1.7491681266307728,-0.19576227287905038,2.6101322333796078,0.7922303233385228,-1.7328906306542013,0.08894339711785682,1.9179838849002118
2017-01-01,1.5665200198499507,-2.1405448334658534,0.1493167732778746,0.10615785695274693,-0.868004600530484,-2.073611895179406,-1.7972409387477057,-0.938382492474378,0.38880981859843083,0.1836889637649674,0.13607470919780476,-0.048236937326533835,-1.9918116031804332,2.223303473083909,3.162145634769811,1.7210675805583846,6.695002206845023,2.3362084881808216,2.696311990568926
2017-01-02,0.1622866014196639,-2.0467877506379892,-1.696458603560858,-0.013631085301091708,-0.7208499091964915,0.8910640170845608,-1.1287369063626613,2.0006608751119686,-0.5184109636663617,0.5874554346446161,-0.011974074732519616,0.3909681594821947,0.528532405163813,2.2661690568185113,2.2260279705806876,2.2409207994940092,-0.3857311316771582,2.696311990568926,1.9656498446391792
2017-01-03,-0.5839417303007259,-2.1452539273901587,-0.44831020738634386,-0.15421137859757927,-0.5492244876075821,2.413914772099963,1.312413906958013,-3.0121586647753364,-0.8545666581796617,0.7120240044903694,0.8403695731268492,0.5460802899611367,-0.6947848733887089,0.2195997238188803,0.44149427969741045,2.3473207027106295,-3.677713048609459,1.9656498446391792,1.4727590476878714
2017-01-04,-0.27004565105661255,-1.7517696316478581,0.696537992698496,-0.2639733285577962,-0.3545906432607828,0.8100984498601884,1.7962605036485808,2.1342395138463828,-0.8937303908102029,0.9267605256925062,0.0901825514102807,0.878020362477302,-1.5236720804461619,-0.12223745786571608,-0.4455581185995327,2.2161234432591295,-1.9194410213864925,1.4727590476878714,2.1330641527195247
2017-01-05,0.9840312790245368,-1.3967675960706656,0.17440875545589885,-0.2528054553179999,-0.10189331050760084,-0.8900751503736254,-0.7019104775603545,-1.2502988353309856,-0.03182758877066029,1.2742700322238807,-0.10959245487312352,0.23635600517788552,-0.27109732660658015,0.4197407147173971,0.6565641232961007,2.038185334008849,1.9012869746148093,2.1330641527195247,1.1865697297234457
2017-01-06,-0.5785089847584574,-1.0799142493938627,-0.16311178344510172,-0.3375295736123189,0.13020806010915822,-0.6990941825697283,-2.280695041109913,0.9380952226522611,0.5051877501916352,1.77657070075001,0.47072137615741794,0.2528241129111872,0.15202230368821734,1.8309326149492613,0.7787436468418794,2.0350261787769583,-0.17484757213428775,1.1865697297234457,1.541854167702037
2017-01-07,-0.17864661673812085,-0.8259324117416293,-0.6876978375581231,-0.4189710576330803,0.35349540617103353,0.05014494947509103,1.4604189932577294,-1.0766232913826943,-0.32879724827436574,2.444039576167497,0.8835323679473239,0.6521946362551264,-0.6551086010459426,1.0685655101274212,1.0810609415103263,2.2152943014690942,-0.15358924400514054,1.541854167702037,1.999392219666609
2017-01-08,0.5176259538072642,-0.659510664274581,-0.25474915787705943,-0.44158715985784414,0.5996382072408202,-0.19293979102531808,1.1903143978177053,1.1369637104016317,-1.1781144846361173,-0.6038381543620137,-0.11890227911731746,0.0007191813952069149,-2.962448448661802,0.8826802482939841,0.44612792620011904,1.9812795111417196,1.8065093564538188,1.999392219666609,4.165510104052941
2017-01-09,-0.97755010499641,-0.5118235700020113,1.003534843036529,-0.4796494782924063,0.7875974854128022,-0.39336323944932744,-0.6263308793700706,-0.9410638623930054,0.15156315965128797,-2.6663687849134545,-0.013811564224194701,-0.24449577224649005,-4.178087975214122,0.4275045822008208,4.103463897250611,2.4305259810733792,5.921954205882387,4.165510104052941,3.318098316091167
2017-01-10,1.227127543256134,-0.3268503171802299,0.9878638350030831,-0.46433512161464596,0.9683322165955541,0.36719728181274436,0.1361734108889091,0.4014455908652604,0.7076920900904616,-4.156213498969609,1.1400615630290478,-0.4169509538821007,-1.2558037138948912,0.4980129931836567,3.5692189939669596,2.452765272284693,-2.2007762663120602,3.318098316091167,4.017891907282339
2017-01-11,-1.7231317166991897,-0.04787639701326442,-0.3529917300722535,-0.47627083215323057,1.089579495232268,1.0035713969177673,0.29258842238823196,0.4622507235489209,-0.12957383478021867,-2.079125756873481,-0.20207615912673002,-1.2763129437301772,0.6961415902512781,0.509600286921428,2.043122022863637,2.6759489921307815,1.5746808367864324,4.017891907282339,2.4967868068724894
2017-01-12,0.029090203341696326,0.3796420430672348,-0.8754824652582877,-0.48618313334696583,1.1445723951037177,0.2313657796756245,-0.016704619730464193,-1.1621648634037516,-0.21010058317411928,-1.6640440618609447,-1.4362852638546588,-0.0835733555773443,-0.04462024744500327,-1.3211837616770574,3.286652073575324,2.7312803423710634,-5.115262057963765,2.4967868068724894,1.8688310492762417
2017-01-13,1.7625392558014217,0.9016080610106442,-0.2934651898563779,0.47854262033828854,0.19159266166149932,-0.7318791132915438,-0.9919050929996067,1.868731769111523,-0.379060837083021,-1.8552520670063786,-0.4597316915829795,0.09372295030824304,-1.0156228349722487,-2.090353123466892,0.7490385542963268,2.531534154745584,-2.4819888678084907,1.8688310492762417,1.7906592356110427
2017-01-14,-1.4037648316640325,1.495909881138425,1.5914971024611262,0.3613414373597299,0.1410866220430986,-0.7783664763207367,1.0768152320990947,-1.3036103358458295,0.15910415315618803,-1.891910152366063,-0.63428030735919,0.2545863143134768,-0.25311843372004467,0.6071352928615491,2.5321356479028894,2.341896041611133,0.3663324702326933,1.7906592356110427,1.5956816785824106
2017-01-15,-2.27873268066978,1.722132726628622,1.487793240568783,0.2067780350711035,0.08524185737626108,0.20159528015002492,0.27390469820039876,0.2182063507973954,0.33426999813873287,-0.9673995593287645,-1.0413934189011524,-0.4054601689333135,1.2118755211081862,-0.0494877975102611,0.6217256563248426,2.2133863997182073,-1.3645359801508457,1.5956816785824106,0.7978688601990827
2017-01-16,3.514991468406426,1.9526017826744422,-0.6310447443361733,-0.033356928920365916,0.033826203456631426,1.4853806582781424,-0.8965535867911191,0.5656069770910299,-0.21558096218170902,-0.4052630954151746,-1.2729264930611321,-0.8448308391439854,1.0200550439688332,-0.373677321686701,-0.7641654356090012,2.0468954123500036,-1.1933919816107987,0.7978688601990827,0.49804456471959263
2017-01-17,-1.1519427715448014,1.9929490372154672,-2.3747009041694755,-0.24355168460961266,-0.022723557462437885,1.2773900904813282,-0.5393589693649713,-0.33487505737135204,-0.6293579870904067,-0.42528670112678885,-1.4195013388516107,-0.5009891817500282,0.6366229025428818,-1.0308177118782769,-0.8761988863192317,1.821155967828027,-0.38716774038349533,0.49804456471959263,0.1436482249829147
2017-01-18,-1.4226490161064391,1.8085238945458995,-0.18995354378397947,-0.31508082124872233,-0.10577667957036024,-0.6276302852368749,1.2477747676738817,-0.5447167900205987,-0.9132139949869377,-0.36546949020765057,-1.3158307238867308,0.0887740730779409,0.43948352962837756,-0.7538275745005016,-1.0893948267897795,1.7138925537316578,-0.4019331547297211,0.1436482249829147,0.08698196386809029
2017-01-19,1.6027938792120506,1.4181274926315475,1.7823927360484946,-0.4853665877715256,-0.14814513207989513,-1.5356917594592954,1.1225106745987048,1.6541310552754476,-0.549942989596084,0.2509580511697802,-1.1188487238554963,0.35689144010006685,1.0796279294736455,-0.6971057868233081,0.21945810735095508,1.8108668904104528,-0.17409472053855837,0.08698196386809029,0.5988376434198242
2017-01-20,-0.30761921616865157,0.9889868349648211,0.45828235975479664,-0.7882424381917587,-0.11160576173898963,-1.0069449664759844,-1.9896240287621725,-2.5178193262876967,0.46620250975158434,0.5465290246354353,-0.6688448865451048,0.7890349498829549,1.3633395942700803,-0.9332461369023929,-0.1226319020812446,1.78847686386297,0.4631419945433091,0.5988376434198242,0.410002160641742
2017-01-21,-0.3956533458182518,0.6360741277467787,-0.4208015007956156,-0.9481271192068218,-0.03990641466969396,0.5788185361959448,-0.6903115162446716,2.4510221300228334,1.1981350498017245,0.9006794903876064,-0.14302512877649728,0.7343140846719338,1.3187425882968244,-1.3982252557529578,-0.6540036717106397,1.708252635018665,-0.141871601271839,0.410002160641742,0.4701665364593842
2017-01-22,-0.18515613896892344,0.4355589765719043,-1.5568954646516138,-1.052612769025723,-0.0404429870088985,0.8768169285836999,1.6178477097433408,-1.5727022791704814,1.5147798128258338,1.5336689622138602,0.8017553045941733,1.7733014244622505,0.6020116172910189,0.32022479438256085,-0.8532699216886502,0.8242068777583182,-0.0771919189566768,0.4701665364593842,0.05173860539280473
2017-01-23,1.2842576318877181,0.2987942789952791,-0.26760911509608426,-1.2022491019969452,0.015955707247407528,0.43693526605889155,0.9266390313008699,0.3216101548901559,1.5515577654964552,3.1938996225403646,0.8070449792004644,1.6001271823009033,0.2280264896957693,-0.08899353360254178,-1.2518723171992285,-0.031222723030425843,-0.38185712076939937,0.05173860539280473,0.17274679304687146
2017-01-24,-0.8825180598835485,0.16868094533680375,1.301546914849916,-1.237815393845354,0.061485733365778866,0.15942794296006577,-1.0507085135052883,0.5678322563090333,1.9776998650552597,2.0195107878590006,0.1792389840545189,1.8628806121091492,0.7827998289611264,-0.8127318145957549,-1.428689572199548,-0.46774060987677946,0.18619489712204643,0.17274679304687146,0.14441297309599516
2017-01-25,0.09586625993803509,-0.10675488358174649,0.20936484180658643,-1.2472826049072756,0.12060724931187045,-0.8173541215291785,-0.6196012321749816,-0.7982218188482374,3.0914123575685752,0.11818120720862786,1.0948627251627545,1.9959173848695546,2.294939447467172,-0.41098317478474433,-1.5451891946577596,-0.9148985886156096,-0.189972481825046,0.14441297309599516,0.11829406778271624
2017-01-26,0.7367756602997009,-0.42675777443582263,-0.5005143243300988,-1.2246167115770275,0.19865560839754093,-0.7201913837629493,1.4321706668980703,0.6961952524076074,2.63872642421689,1.5274283861807303,0.49262145528334855,0.362449575819896,0.8816252102062304,0.38671842233716114,-0.582219417761317,-1.3008314778901946,-0.14242637026083868,0.11829406778271624,0.27270774802115877
2017-01-27,-0.38032495980781955,-0.7722449655841207,0.3296000051470595,-1.311694541020855,0.22030003515795385,0.38525130218401316,-0.4309985907622292,-0.46738011751869873,0.07827585823975097,0.8391070577792055,-0.4882191983658239,0.01756438692258979,-1.439607213379096,0.2989179953697917,-1.0253997495529765,-1.644761176575784,0.31938090386035994,0.27270774802115877,0.1520156799997151
2017-01-28,-0.19920053035622953,-1.0406185356070035,-0.06185931800121648,-1.2488767271266228,0.34112040481198114,0.7146087930345134,-1.0993830689307635,0.20343675823510177,0.07411227405907478,0.6816447799931731,-0.04827236321742535,0.9891323248765455,-2.380131481854152,1.0215073878386283,-0.173716523817924,-1.86262937958281,-0.09962308325545596,0.1520156799997151,0.49868051192901985
2017-01-29,0.7585909836347986,-1.2144986450153532,-1.4501870700205253,-1.1350045091345886,0.4948161330894196,-0.5661466676010883,0.9304043064112351,-0.10926911914122982,0.23799521889476244,1.4007749394416258,0.5609626152664494,0.598156793384237,-2.5370555000051596,0.697835576845865,1.4529796301610076,-1.5151474105118816,0.7886058835954033,0.49868051192901985,0.32488726517748845
2017-01-30,-0.44463171187124234,-1.317264638010117,-0.9134178120099629,-1.0127442551844805,0.5848610517457338,-0.45406670483155115,0.03143005162734468,0.16635583624621764,-0.03411519012748423,-0.15540097685182752,0.5126635387514503,-0.5846682274431643,-0.5455710161458375,0.37377839767719095,-0.24570876985987103,-1.3086159695323638,-0.1925617136972252,0.32488726517748845,0.45886136143646855
2017-01-31,0.35631643250432643,-1.3030577729958766,0.6457203675158129,-0.8157185761420328,0.7134253084116078,1.9268716084999724,-0.08350683671832018,-0.3686787980313939,0.7020933099677542,-1.1699564331028045,-0.24889623302422942,-2.482046304473798,1.1816051944049941,0.8922577551417531,2.671997647236763,-0.6491910288096366,0.1504076241353308,0.45886136143646855,0.6115375609226619
2017-02-01,-0.1813124223032936,-1.3405236522501718,0.9553550912156165,-0.6325156088862356,0.7628748515386554,0.9809199682204759,1.0689721902719609,0.6362657032874391,0.1317191582358822,-0.47628875041918933,-0.8517086024496892,-2.4492521396880482,0.2739359612817556,0.9501710543819942,0.8168847513088037,-0.4718391469421561,0.4365382102979954,0.6115375609226619,0.638397945283376
2017-02-02,0.26518402391862944,-1.262258886446167,0.8186861080262924,-0.2544946138004762,0.8306022488503428,-2.467285301136732,-1.113038804597818,-1.0612291648401553,-0.11694534424634706,-0.30824816352058837,-1.2624175810647176,-0.8452643561208116,-0.014186099305087066,1.9550889598649508,0.14212359927858692,-0.3558299581560869,0.021415593723134212,0.638397945283376,1.133815099056666
2017-02-03,-1.1806939038568718,-1.2085899481430047,0.2549164706627799,-0.01847374576548827,0.8810451753759528,-2.976338023741134,0.13945407468772184,1.525919112901855,-0.16206086775764117,0.4965132425833809,0.015647259144349314,-1.1007847497289212,0.07299832257304358,0.37128732461479846,-0.19785922475406006,-0.2758494041350825,1.3710209946516503,1.133815099056666,0.8783967677335022
2017-02-04,1.0820368490230294,-0.9131039574592531,-1.339951360232132,0.19638359266544833,0.9116073838317171,1.683978715056153,0.21273482004901062,-1.800932319768142,-0.6280822012624141,0.2845189199561456,0.7130298083283833,-0.26872935911125084,-0.6906493050902999,-0.4305338997925077,-0.5569570225634346,-0.2433093179857648,-1.055683976833689,0.8783967677335022,0.7271062387941293
2017-02-05,0.5493012964621211,-0.3759455762451802,-0.900911442960066,0.39838361844138487,0.9308814165218986,1.773591247579091,-0.5813540051658999,1.73737878684108,-0.3001106968015065,-0.1949127112550272,-0.6403056666969011,-0.7254447496058553,-0.8541948816921151,0.01887796365651186,-0.3022282076558683,-0.13359725328748548,-0.7844246533751668,0.7271062387941293,0.45941436069272046
2017-02-06,-1.232331556442182,-0.027432409653834852,0.8695379707574608,0.5098256094849197,0.9236578574396981,-0.04661945921172235,0.6809876070685583,-1.5079349944271316,-0.8157619908835678,0.12249398513594642,-1.4745169038943218,-0.5786733486919157,-0.4076376774684221,-0.8511871292045183,-0.664416397437442,-0.10291712206634805,-0.44695224514178233,0.45941436069272046,0.24479845491004373
2017-02-07,0.08217539221430371,0.09745811081533978,0.40557768106372777,0.6741992244666234,0.9268278725174688,-0.4645758849985961,-0.17397930976832748,0.9595317671681172,-1.0611602982543873,0.19013380366579155,-1.1167433113596468,-0.46389027340149297,-0.46185058612816166,-1.6228630021705392,-0.6819763865082732,-0.10577531013106677,-0.2991001365159854,0.24479845491004373,-0.04355856466196348
2017-02-08,0.34549948252087415,0.11235159902539309,0.10022752590141079,0.8045851773184538,0.8910449028019342,-0.2942619246802951,0.4583710105370082,-0.20153251778193615,-0.6758097410909852,1.6756671344737262,-0.4773833542281713,-0.7152403609919291,0.04719431237894282,-0.6478080714715738,-1.0640674917610349,-0.11840463452891259,-0.557646695909123,-0.04355856466196348,-0.07252167641239143
2017-02-09,0.20118461902795842,0.12996226675401756,-0.08591245371278321,0.946234720359954,0.7977463761867941,-1.150570579169416,-0.010791272915725866,-0.32649985001464776,-1.2480604762081724,1.016828540297829,-0.43065140814196773,-0.4383854580663777,0.4192739276654461,-0.6433681210746316,-1.413132994783539,-0.22677376804165894,-0.11249843168298886,-0.07252167641239143,0.05686804758258362
2017-02-10,-0.22099051137678155,0.14983416155413293,-0.8879647489710532,1.0430912072664162,0.6809411972751335,-0.3499528870578171,-1.0877587575513388,0.5938049109527269,-0.942637981754803,-1.5483355938108456,0.10228021811099103,0.21354046176857616,-0.346933671350066,0.25811632392320777,-0.943733534399533,-0.3286406981617945,0.20100087326179467,0.05686804758258362,-0.1970695923476586
2017-02-11,-0.354176896297898,0.3277364590887392,-0.47526770256323064,1.0666547351280393,0.4532054250728267,1.9255506959716184,0.4162090956276262,-0.5464678338566735,-0.058756347760543996,-0.8458134213542655,1.2286236437461138,-0.7210627121611651,0.1270586044485544,-1.277083733024367,-0.7848132879278257,-0.5614323416691073,-0.2609204599510201,-0.1970695923476586,-0.23855542875440305
2017-02-12,0.281199509097536,0.524765625549378,-0.712158887791291,1.107537511784996,0.21276795069134247,1.170716972254823,1.0939184974607736,0.12947894858806033,-0.15283108853125646,-0.5786405940661207,-0.5242943833952228,-1.3542843185298743,0.1572385303297314,-1.0640650384397172,-0.8423191085472981,-0.6493310836936196,-0.3607614744839689,-0.23855542875440305,-0.1665936529873453
2017-02-13,-0.4346362940919544,0.6711558012788263,0.13612432610237013,1.1256595969944747,0.016445118908105613,-1.2998168860794166,-0.13102185811732428,0.2859829750678947,-0.04565060790594959,-0.15827183833972822,-2.183498466527025,-0.7000932356093041,-0.04469948861255683,-1.2788470394052691,-0.5039723165915685,-0.9512812240403901,0.25393340880598103,-0.1665936529873453,-0.21676075025003277
2017-02-14,1.2054400145311537,0.8281288679411541,1.3467395858440303,1.1154920599904792,-0.6840338881980823,-1.7081415738951018,-1.1059425635430553,-0.2992730636283007,0.6506675638436891,0.4948152352116005,-1.0845687324806432,0.5311296774204053,0.11635316999098853,-2.9241099190581967,-0.8715824861973118,-1.1339426788725038,-0.2237190683321911,-0.21676075025003277,-0.20485355028416424
2017-02-15,-0.7919098467898966,1.0286352526333251,0.10796033573771217,1.1160299796480033,-1.127930588431256,0.3665065680116318,-0.815944375228079,0.5789036287373497,1.6437852864014186,1.6516692034833835,-0.5277303534329135,0.9074410397861402,0.29253815676939343,-2.2699295762712697,-1.146613474764877,-1.3222840844690995,0.1051980737672993,-0.20485355028416424,-0.21245111714050496
2017-02-16,-0.2807289577522762,0.7435658844816978,-0.4974295942861405,1.091890760276092,-1.5085504858605348,1.9693603754782163,1.7318715212409739,-0.5744357079583495,1.8899682321880553,1.5163539336562,-0.15735610692596524,1.1715829173409706,1.2422503558540974,-0.8638953645788778,-1.0864670129555847,-1.4618968432331227,0.008404770693025932,-0.21245111714050496,-0.24824250024248543
2017-02-17,1.0982114494081487,0.9876337044391424,0.17832705032994567,0.8081250192264037,-1.9096097161668217,0.6461013844559709,1.6975192301969964,0.3464055156313839,1.682079764327409,1.0744864781078767,-0.06281663308574956,2.1475016439224532,1.8044548487507273,-0.05942062773954198,-0.9710980893441525,-1.4442126548072916,-0.03238864564200874,-0.24824250024248543,-0.2949174132240875
2017-02-18,-0.28141623867249504,1.1950271276086106,-0.23949476223664584,0.6911198937032378,-2.156679963164245,-0.8430555013247149,-1.5780252193963138,0.09963393797257995,1.1318578354246427,1.5572678886967128,0.0866636501374448,1.489528716622918,3.8225990242043464,1.2871979963032605,-0.9935015316760842,-1.4291570501262691,-0.023255357665749578,-0.2949174132240875,-0.2586715273855282
2017-02-19,-0.22944518863587948,1.264049235095061,-0.41933470637845055,0.4616731358172403,-2.345848949277048,-1.099053030468109,-1.2734376030984922,-0.7430163267614899,0.5851852098657315,1.5647676959767622,0.1880166921119396,1.383726500710886,1.5373351318236392,1.2964290803974505,-1.158354473047732,-1.4549064823740443,-0.023372581390642855,-0.2586715273855282,-0.3834699368244067
2017-02-20,-1.2547703493428888,0.9544335494138435,0.39011032740593027,0.29082324252903974,-2.4909483454508483,-0.2214225865507323,1.7485647524032457,1.333104619251473,0.2528166082772836,0.9656800869777845,0.03491205094067289,0.8805183818990505,0.7917181510298197,-0.49466792687276306,-0.01967470258404109,-1.3283515989214598,-0.336921925704158,-0.3834699368244067,-0.4176350695944452
2017-02-21,2.536555217883542,0.2925749342626122,0.8592007983889801,0.2362760638724099,-2.700175655064075,0.8227408357168767,0.3100141412414012,-1.7110687590636497,2.0062715913472724,-1.0287270568599418,0.22513168648192913,0.8696794866963329,0.407531304768487,-1.0257742499093176,0.18728237043940174,-1.2934375684651,0.06367676612806965,-0.4176350695944452,-0.4463320293550478
2017-02-22,-1.8635615016428997,-0.2148822313112153,0.954216673676119,0.0671297883275234,-2.85063403819424,0.5696816885183127,-2.0353139497432338,1.7341261734495101,5.056535448842601,0.2960097720329187,0.5984910145141331,0.9889090390937026,0.12160485558707967,0.7059609344459868,-0.3501392180326657,-1.2214013623333726,0.039598635290229056,-0.4463320293550478,-0.4230778892810525
2017-02-23,0.5100662826261994,-0.5485963443331567,-0.3736313520926352,-0.11142220322723861,-2.954524471236725,0.10643615515460962,1.1224772801350122,-1.2596061027230432,5.492233816550962,1.2909169630141768,0.3482473150851872,1.3389725034714282,0.6662808092371137,1.3638425356434467,-0.5699070079780575,-1.24474876739543,0.015376822727597168,-0.4230778892810525,-0.46559626648877706
2017-02-24,0.5794435731896551,-0.760906300758779,-1.6358050566023985,-0.2686419753880117,-3.0123498461809697,-0.08300806317246591,0.979300231608601,0.5815468448039587,5.433173801361116,2.1535704290376168,0.30119332380165553,2.02574326790635,2.107837918621354,1.9799319658595331,-0.48195399886636586,-1.3033907580716233,-0.14154540939605872,-0.46559626648877706,-0.44493508661948866
2017-02-25,-0.7443595161892944,-0.7880466955060261,-0.7550066789769049,-0.43928192976873925,-3.0166411818963668,-0.24733496416238965,-0.5345830534422354,0.04957855681265934,3.429243429177814,0.9968449318084271,0.3153105074287318,1.3086145132238263,1.7701252004041492,1.5948066905074518,0.2812598619848617,-1.1258987771909472,-0.27210243740144796,-0.44493508661948866,-0.46757825342073395
2017-02-26,0.3552430772396164,-0.5603063012557307,0.8636787089486203,-0.6034299962578141,-2.956651657976309,-0.399157877346871,0.20976553128788702,-0.17392044811702054,1.7266865815965329,-0.03605322995069575,0.34143466184556515,1.785891187973844,1.2707486483101602,1.742442403356861,0.16020604106868194,-0.8877617785880185,0.10619799386185323,-0.46757825342073395,-0.2347672572636478
2017-02-27,-0.18150131303863187,-0.11237230168361446,-1.040086319846628,-0.7751398562710355,-2.8622418852494733,0.3219905431807679,-0.381540188699377,-0.25971424177784963,0.9250783513658809,-0.6132473645750726,0.6774913860790845,1.068870804967118,0.07708596803980246,0.13724153260338187,1.3376622199522366,-0.6220066430041749,0.686627162868306,-0.2347672572636478,-0.2173445956795029
2017-02-28,0.2745607331542196,0.41744686044204454,-1.2875037186212737,-0.9307065568052382,-2.519334549335278,0.48359478099485387,-0.9451346019399002,0.8801033950934183,-0.42146853729692846,-0.7011407968756115,0.3221404524449362,0.3123645642355875,-1.1837937002318561,-0.299464735356715,0.8472970865834031,-0.34061656988706124,-0.14502050205345812,-0.2173445956795029,-0.18371317975330445
2017-03-01,-0.2594022266074081,0.7637460674348523,1.0602612426193707,-1.0396502100765184,-1.8383606060123518,-0.9152032052636548,0.7980104743706552,-0.6060466288008831,-1.0278772347894962,-0.2563776838080546,-0.925928136785586,-0.33659630536964597,-1.4854611425320035,-0.8095579113244296,-0.3965646042819467,-0.29098317940474216,-0.06320531553404232,-0.21284912062995576,0.07284598928326767
2017-03-02,0.43950138953158874,1.0156318656579193,1.2050301531973486,-0.9478461645818852,-1.1867481678720642,-1.1004191297163064,1.5394722867800674,0.3905654388206207,-1.147819030353664,0.41142979542460567,-1.0081829343922908,-0.04313127831422229,0.2821555875286577,-0.367029239685381,0.6942243826632593,-0.0335356610685675,0.9658089777607334,0.07284598928326767,0.47408455545654815
2017-03-03,-0.42886864324731616,0.9370231835050267,-0.1598980598660054,-0.9888077365012332,-0.6667903365669273,1.0742202862162906,-1.2186212052805194,0.0800697497866719,-1.1327570657024095,-0.2316678929540912,-0.659301706880292,-0.19684300825107195,0.9222729330099387,-2.0633056232268463,1.1809055628446035,0.2470874314387885,1.6843477391843968,0.47408455545654815,0.42011178385611864
2017-03-04,0.722163993806504,0.45433510656993026,0.5829263651026665,-1.1114407641827626,-0.1725365409665672,1.4558590394478812,-1.3158993613329995,-0.4887690569432439,-0.8977783443122168,-0.6780744774958211,-0.8849534010536266,-0.49536247815337825,-0.49085100874423626,-2.140976234799779,-0.3194996462122319,0.3175964029187346,0.031039729577675028,0.42011178385611864,0.22978179846387614
2017-03-05,-0.8598014576072083,-0.10270863521921833,0.7986379092176471,-1.024640849095699,0.278112070324714,-0.011093628979486823,1.741384390477474,0.8048342525003973,-0.46100855282984315,-0.9527878804355542,-0.7720465103019903,-0.5916387750133273,-1.1513588229060263,-2.0128119805935576,-0.47043373881044453,0.2711073606887843,-0.554713848922711,0.22978179846387614,0.4777088731237442
2017-03-06,0.8838837813037022,-0.5802567517577722,0.8957427720213422,-0.9435109817983912,0.7337854890358293,-0.8924934780742139,0.502748464548776,-0.8652873423740396,-0.5134561486639506,-0.570787961032668,-0.980683745796123,-1.1126348058371125,-2.928047265388562,-1.6886243042446312,2.6377577537058725,0.5123908619210202,0.38191277953830643,0.4777088731237442,0.8127945182716109
2017-03-07,0.18053868739746542,-1.0771676972136384,1.1331030266263418,-0.749580769364091,1.013295089387996,-0.8615066648088893,-1.2912531771649103,0.49295106047034637,-1.0906894957171263,-0.6755618791820935,-0.903278945023099,-0.0014380872796481254,-2.1768428157146977,-1.1194804973019685,1.5345022939013115,0.7233261139373708,1.1301456990111831,0.8127945182716109,0.5795635408520542
2017-03-08,-1.2825409650002508,-1.5378704619555414,-0.9472853824255022,-0.6514988946153217,1.3597907774564737,-1.0294966727136952,-0.27963630049421284,0.013122590738232255,-1.5703237451335605,-0.575851711092136,-0.4421784464554784,0.36113994716997305,-0.10394080601221102,-0.2582300975401286,1.5342211829005528,0.9715569531308964,-0.6182484206006582,0.5795635408520542,2.365654363590377
2017-03-09,1.3319345003344738,-1.766590946798777,-2.220546801590576,-0.5533205110132509,1.9998390072542176,0.526342512237095,-0.47614588769788135,-0.459973123557008,-1.8409334215076625,-0.2815617009786648,-0.044757381797500495,0.03036771264535746,-0.15104524057844124,-0.8814921846614678,1.9022977697546846,1.286540075458541,4.66262279113572,2.365654363590377,2.2811149229938863
2017-03-10,-0.4299957392293924,-1.6376791916444076,-0.34786216465659997,-0.4631147593249767,2.3998069929358263,2.12284052053731,0.7486578018299129,0.7009996781358595,-1.3529286763717943,-0.09339183835950794,-0.2790043478971688,0.19118797330635925,-0.47170166635229194,-0.17562062711204746,0.6040374086484707,1.3129678622570704,-0.4897909964551261,2.2811149229938863,0.42323487331898013
2017-03-11,0.49781334779197967,-1.3995049900635068,0.45139081127085906,-0.37664254513166767,2.814350294984083,1.0323049285264971,1.1638651899315984,-0.5371261210711212,-0.5859361196023279,0.48350254168779877,-1.07550694438936,0.31524127122220263,-0.726192833629771,-0.621694188221295,0.7119758738523914,1.4060078390532513,-2.2611786434343215,0.42323487331898013,1.9209364478285986
2017-03-12,-1.022539123728095,-1.0427079334895388,-0.3729974719671307,-0.2750153931736847,3.004063262050059,-1.7473239309413429,-0.32163374094502095,0.0924691511327966,-0.2599319359100257,0.4832318723483327,-0.6352288521865956,0.726756784448429,-0.32725707313447977,-1.338474713432105,2.9120523245847365,1.554334652369023,3.6784255923660485,1.9209364478285986,3.1239360159024048
2017-03-13,0.4901712700506388,-0.6355271418683761,-0.5704285842978005,-0.13652912733214162,3.118025226425003,-1.4895532328052143,0.25453074451529795,0.5027027169683491,-0.1654199376394922,1.4477138629113564,-0.9335821633047245,0.9798477865942561,-0.43603009780948093,-0.5839564152189489,3.753809644265027,2.094391691534311,1.6584662345867107,3.1239360159024048,5.940166528521041
2017-03-14,1.3422143939601836,-0.02413100689310298,0.3470610089644577,-0.059383851392361846,3.5498158415665557,0.2921460668476086,-1.05085967654872,-1.0205918396929197,-0.1585692538448466,1.6130607711542702,-0.6823493896505445,-0.07635290876173981,-0.752125556401531,1.3670666883485054,2.185196513100753,2.713667896257677,4.227427953905536,5.940166528521041,2.5648732722033887
2017-03-15,-1.9094913935332265,0.5853662094514908,-0.20579684181975672,0.0026673744180873643,4.1707706491641705,0.9498495429038674,-1.015473702557058,1.115463838873491,0.030801922837208267,-0.2742201919209299,-1.1313602140472034,1.0820384136663541,0.13210889366903064,1.8706869587893655,1.7701533761286394,3.1366853224910773,-6.3626605281199975,2.5648732722033887,3.1373278320796625
2017-03-16,0.6219772162954547,1.0401416050750865,-0.49006763052769803,0.10273368836226406,4.293925340534596,0.6663269177410811,1.253823482322425,-0.809719636491071,0.7203667507448109,-0.8726638688023951,1.5265703864434303,0.8192597928011063,1.7051609376895842,-0.27864605615748017,4.759093887327219,3.5865644473671767,2.0342089371491032,3.1373278320796625,2.346034238060734
2017-03-17,0.517565613532097,1.3437756863157744,-0.1326808600393954,0.12370421306601553,3.1452274547167454,-0.04009863814827275,1.522838606150595,0.3772692159872192,0.9280959429810921,-0.5909198468547713,0.16574087591302114,-0.1603818511088855,0.11829701428531487,-1.0132526194982516,-0.6386800017298276,3.548648734881677,-1.298630036081468,2.346034238060734,0.5744519698747269
2017-03-18,-0.47229709013408583,1.6067989496349278,0.4496526574781907,-1.3709246599535496,1.9063089144743899,-0.7117728142025426,-0.02726437943235252,-0.3899933195124811,-0.15668096046907157,-0.3431441168588967,-1.3123332344875454,-0.636892725009868,0.8551218610161045,-0.8568564540013428,-0.18535951869453982,3.2614799533111114,-2.3485276682744782,0.5744519698747269,0.03116012166314508
2017-03-19,0.15255954937385405,1.8946637842427572,-0.10190394220435414,-1.6228024987953067,1.77593573278475,0.3459335959227859,-2.2955049599982296,0.5141026720038231,-0.2585091255308621,-0.3852931566639773,-1.1777176643064682,-0.11049151135555983,0.801036564629173,-2.4457409420790337,-1.404404475438414,2.470341804768942,-1.0193671668848583,0.03116012166314508,-0.30765751325233337
2017-03-20,-0.3261285643106401,2.0980454130267643,-0.8666728857018384,-1.7093805695356776,1.6098555365556155,0.11705328423380995,-0.12449724503267244,-0.6399120272742721,0.3856221942201207,-0.9260270430879086,-0.7780544868620021,0.11736823624199096,-0.3373193702041034,-2.196355566288821,-1.4485177062066574,2.0207385517169847,-0.6466142169691593,-0.30765751325233337,-0.14032366271097954
2017-03-21,0.26736400140496763,2.4327343518848856,0.9111320189493873,-1.6378880902984179,1.3739351086079217,-0.7354304619105837,2.154429903842676,0.6324522755471429,1.5390128683587845,-0.5565745923104859,-0.9087810012484063,-0.32206706561821613,0.1388124749411275,-2.72038830138418,-0.890170630401611,1.5721353308796602,0.16369366018301487,-0.14032366271097954,-0.1319218579301383
2017-03-22,0.10010440150716324,1.6547264833037598,2.6433042860091955,-1.4893911954759174,1.1498459929631235,-0.338636763060712,-1.1565746760940934,-0.6025914517420304,1.1879448460910522,0.35666553660045075,-1.241974373677267,-0.4906517701312905,3.172363247467579,0.21903403787909934,-0.17892440066384604,1.1683220286255092,0.07935601211287423,-0.1319218579301383,-0.3278103111005864
2017-03-23,-0.07736363708468647,0.38632863166050746,1.2478223831400828,-1.3123248893100343,0.9952832412395041,0.7613490375433986,-0.8994941241371428,0.8042584908919633,0.8974043172478458,-1.0931763470121292,-1.0466948988764726,-0.5001259726398589,1.8122406609518622,0.7320040213498249,0.5428172346293934,1.1157227747468792,-0.42295264307109465,-0.3278103111005864,0.6111500691449254
2017-03-24,-0.5762767062643283,-0.5085363320543573,-1.1995777394623812,-1.1375937680815438,0.8089498204931042,0.4859319928000163,0.5542426993241109,-1.2292091694622036,1.3662628036245916,-1.4301751124587974,-0.08066128866937151,0.24971944906498927,0.5084926261811483,1.6966762718785087,1.1110765627835195,1.1355382927238225,3.0484437275822462,0.6111500691449254,1.1816552675830079
2017-03-25,1.28149555388926,-1.039609180723137,-1.7058321476568563,-0.8827801135880081,0.6243182489780913,-0.6843963889927646,0.6214514445017856,1.5901072387479978,1.4754711039331239,-0.939511158100048,-0.26609704931944267,-0.2549799555091144,-1.3817124696724994,2.829339450991256,1.3582882616504177,1.0577862314869455,1.755635771146648,1.1816552675830079,0.7117188552955404
2017-03-26,-1.9104561776349072,-1.381005251981883,-0.21932730256495117,-0.7155476881670852,0.4691952858739192,-0.13291287560311316,0.018840776831485596,-1.9213627491138536,1.4328095998613073,-0.13933384524814058,-0.8497219289454152,-0.3877664183811076,0.23098305678752343,4.2222797527909135,0.1424007226688667,0.6922022562438842,-1.04263846171027,0.7117188552955404,3.4391653531612203
2017-03-27,1.4134331382347358,-1.613775155875561,-0.20888846171936148,-0.5477776545940435,0.3026548159358033,1.3373338042548226,-0.9463566277228094,2.289365727948628,2.070914836307731,0.05897453423019986,-1.5093985880845928,-0.08499105900632921,1.4654863721566846,0.3693243647224337,1.1935904950056055,0.5782066090944957,6.841317707472018,3.4391653531612203,1.7610163487210295
2017-03-28,0.3755143457465512,-1.8891196280368787,-1.1458817641999606,-0.39212476414137276,0.2063175146623926,0.010660157907630407,0.6310059563304548,-1.736603692616025,2.3873008726479776,0.07584124903777885,-0.6085097748314018,0.3595909503263711,1.8837002185416827,-0.8827689059522068,0.43822913324585466,0.36496146965534343,-2.864597203103925,1.7610163487210295,2.635810883391366
2017-03-29,-1.1246759863101041,-2.101009283930555,-0.7397776871646761,-0.20795522741821268,0.021365509068243655,-2.65351952728258,0.7356818346954443,0.27481735540618185,2.282282774033237,-0.3217717469416938,-1.155518591652745,0.8193980566098217,0.47435241848170984,0.8422189968266532,1.2335164171985096,0.15550148433411418,3.950138386075922,2.635810883391366,2.969826241885431
2017-03-30,0.9428050042772519,-1.543996386911236,1.0367834472999582,0.06319693646325257,-0.11814912382494254,-1.0257395071566564,-1.2854546363345807,0.5813729139381483,1.5604218035344095,0.32738987521499235,-1.0436066632081547,0.4973701300115814,-0.17298012061439072,1.1000650085391648,0.9652607520687889,0.29369905568085486,0.02540090408473791,2.969826241885431,5.31360643739466
2017-03-31,0.5880134195584547,-0.6912320754852714,0.8140552008620644,0.3064877503612005,-0.3186687291834296,2.934869634907711,-0.41194229024146023,-1.115484214507318,0.49431630499285556,1.2355872748616588,-0.34196461221600283,0.4211367401760645,0.34494971413239195,0.8056293240490305,3.5700627254034063,0.7042221876307306,3.3781805833652054,5.31360643739466,2.691862986303558
2017-04-01,-0.6992646761194351,-0.2419656983530002,-0.9859542265089434,0.5987823849287186,-0.5538174688555549,3.402342767465237,0.03797832476987693,1.5082771289922672,-0.28960763858041383,0.8520282789275241,0.5856204413851536,1.2882405806650439,0.03402802484569725,0.9039825549854454,0.5129051333233826,0.973643514110785,-2.2173516851341577,2.691862986303558,2.165392177261471
2017-04-02,-0.2691805321464243,-0.021306414985185367,-0.75469560472311,0.9380009311494746,-0.7821974042741854,-1.8282878975965722,0.8191650366728244,-0.8347922870836507,-0.9234623793486785,0.8590598415808297,1.439951799113313,0.9775776361002719,0.14465786295678731,-0.023120093191731615,-0.1771557353143514,1.1624120305042427,-1.6110964037797866,2.165392177261471,0.76784600178578
2017-04-03,0.5583760048427895,0.15110138047133254,0.5951873995545333,1.3194232160692265,-1.0013224756595889,-4.506159820175645,1.4906632665555457,-0.17575250367381637,-1.5134312891472284,1.9468283180232633,0.3195113854163124,0.893105526519193,-0.860484562390687,-0.3262279786254415,-1.4230155024659565,1.1858655557322852,-3.8151592999370783,0.76784600178578,0.44604143678053687
2017-04-04,-0.10795810854385089,0.3640193238173964,0.02278985641545244,1.7064426709443417,-1.196787609477291,-0.6634029754519577,-2.2381118229213,0.5618066863837726,-1.6592244976317034,2.7286757238436774,0.30716771295757433,0.7245446561595751,-1.2185614972691978,-0.00316727888391817,-1.5782781201243514,0.9694953478043318,-0.4068181878907295,0.44604143678053687,-0.174540730066604
2017-04-05,-0.21438890397153743,0.709393977637852,0.418396483168825,2.070226037208551,-1.2625479729757205,3.8293319124519454,-0.9457774248823627,-0.5193012656352113,-2.028465697380986,1.7411928979816946,1.785570031095256,1.3509611521988467,-0.3948015589521633,-1.4886077282461982,-2.066175194508864,0.6699095937644918,-0.886177650811992,-0.174540730066604,-0.4605460588726807
2017-04-06,-0.3561277493369092,1.1303269100130622,0.4808361720613847,2.307497845380793,-1.3793682593497074,2.354820973074055,0.47061717465109737,0.27082078035756874,-2.1202169229547847,1.3956431723481868,1.5246027514980993,0.5779315326628964,-0.8110372293464745,-1.5871299223834705,-1.7262744931026892,0.1895842408577597,-0.28739353194938544,-0.4605460588726807,-0.5980872391887252
2017-04-07,0.790102241823531,1.511846650323001,-0.05824993368598506,2.3277544103110124,-1.5083081069970994,-2.098964685260887,0.7850916923679743,-0.14249313954874776,-1.2872849858591715,0.3127532332086559,0.49594325064126454,-0.06255234880577801,-1.2680269175136785,-1.3856547373428452,-2.7991652506290574,-0.39157977793479565,-0.3725398865897569,-0.5980872391887252,-0.6018599633645694
2017-04-08,-0.7968851317442982,1.675255204972933,1.0009807986366461,2.1584829607216136,-1.5341473364396598,-1.9489213866656527,0.37272332062106533,0.23143316151348634,0.049704209723836094,-0.6546352087339978,-0.18474570574919752,-0.15838136197172056,-0.9144627394327685,-1.2262435143842143,-1.496589736248232,-0.6341806128031169,-0.18551133896044233,-0.6018599633645694,-0.4897436743993322
2017-04-09,-0.6838960179950678,1.6933522144523596,0.7185181955416631,1.9624002562406817,-1.5428377340175872,-0.48336216520705527,-0.7468505929480247,-0.4040562945899077,1.2788958984257108,-0.5322185250118304,0.12096403680157751,-0.34585656761813105,-0.4031263489630703,-1.5263136414166085,-0.70444006552862,-0.8755048452213338,0.5717417015914765,-0.4897436743993322,1.0541818335662194
2017-04-10,1.106628204079142,1.7428037072282379,-0.6293478417208975,1.6907415713490745,-1.618200132776245,0.4235342362208285,-0.17418121699035413,0.48645173201490416,1.658587655249914,-0.7579061101579458,-0.05958361962604889,-0.040200304328296806,0.2998098854628105,-1.6552877737940055,0.412931346249032,-0.8531907997388725,3.5382200052409356,1.0541818335662194,-0.03662915971302439
2017-04-11,-0.5047976454129622,1.6041864527357639,-0.609046994673547,1.4790101307065238,-1.5239783309273895,1.1143795767632603,0.27551410144272614,-0.26657141665364065,1.1235353919177091,-0.8798055575683754,-0.5910576789627535,-0.7562340336444171,0.4121741006153004,-0.5650701373065964,-0.6463569778832697,-1.1715943875627715,-2.2997987138173617,-0.03662915971302439,-0.22850427409088594
2017-04-12,-0.6740800755262472,1.155895444256755,-0.13025756980882236,1.271577052067422,-1.3840360508016538,0.9625620192534127,-0.28574401364480234,-0.16070663411009567,0.6071756844674574,-1.2703245061068476,-1.6890353480487859,-1.0132239813809039,-0.14993940767009947,-0.5119562045797676,-0.34302815326875685,-1.3116813981574147,-0.46329228102300996,-0.22850427409088594,1.110004163927813
2017-04-13,1.0115310212796855,0.12416669725726974,-0.19707920021623573,0.9754896955681389,-1.2075397763194364,-0.7870245897145403,0.3392785565567677,0.6233375732592316,0.3301050753664892,-1.7604690875244968,-1.5387008228618664,-1.6405664671922093,-0.41787285280722136,-0.8416388831455858,0.6541899083848329,-1.6320803885847193,1.8684827900578869,1.110004163927813,3.9299207793832114
2017-04-14,-1.1106697151008225,-0.6195474631886154,0.516034447389655,0.7847936747683572,-0.9574540230820187,-1.796828330689046,-0.020430384856967798,-0.9502354725810584,0.22215351252863522,-2.0150857378913285,-2.342526305387112,-3.883007157726659,-0.6414518312604222,0.593309530279082,0.5352519445019003,-1.5536704807488035,7.1457206361174315,3.9299207793832114,1.5710107459750517
2017-04-15,1.3667833689232525,-0.8458029557767727,0.6639267286718955,0.568963543846713,-0.7596287772930611,0.014776805053727228,-1.3877387407851114,0.9745756730532783,0.12491715856439546,-1.56119434636771,-1.639220648798825,-3.3424768026620297,-0.893184392347416,2.072961201297642,1.2042043019710877,-1.2425060879828391,-3.7245680802354775,1.5710107459750517,-0.20059286134876783
2017-04-16,-1.8849457045665996,-0.9532411859662069,-0.13209877189489425,0.3730366390327728,-0.5600580524066996,2.926739961690652,1.2854335851058942,-0.5224484692884535,-0.3864921932979493,-0.6731945199378443,-1.355536884697179,-2.207501172407537,-0.1356922092347641,1.986840002028803,-0.7668068092556882,-1.1880329155251463,-3.6256686241991876,-0.20059286134876783,-0.3364771391855554
2017-04-17,1.1691271203417968,-1.0519865908178523,0.08921464246987425,0.14933319896978722,-0.3740527204738805,0.7120102922291098,0.45485338731699876,-0.1159697954705132,-1.6447318878575479,0.543652509214702,-1.779194161930868,-1.1223475768963609,0.1970386762915769,0.869047492671919,-0.3854742283965326,-0.9989948311636072,-0.1740107233671326,-0.3364771391855554,0.07806881596884674
2017-04-18,0.21477057867685898,-1.2612287689588493,-0.42060497569285027,-0.06954901929281132,-0.17225980678796943,-2.137315162445139,-0.4636824011028058,0.4130477439566989,-1.200955231548257,0.9905374019471186,-1.122992692466693,0.8465558123376998,0.33254162701750184,-0.3595750536415668,1.3736353274392972,-0.5467615438383674,0.7677535545288375,0.07806881596884674,-0.3912483658101272
2017-04-19,-1.3558676714982107,-1.7157094624682816,-2.13297757166458,-0.13609303971766054,0.8703669194475572,-1.220923351599218,0.4836506077785042,-0.30372086298185536,-0.7050006918750784,1.356373939342832,1.4733213947107355,0.7533954214114057,0.0053893333384125225,1.7787214652428698,0.41895267029948297,-0.24297890450829712,-0.6897496222071131,-0.3912483658101272,1.1077838979352534
2017-04-20,2.0520979589269457,-1.8292196654949644,-0.7334156473138747,-0.2755281428295197,0.7274374414321195,-0.8713068698952587,-1.6055970301633957,0.23217319911065534,-0.9349673720270456,1.7743517697875586,1.3608493208183796,0.8068754528173174,0.9896494004064631,0.032357152497348954,-0.09724735253160866,0.01651726699172738,2.756171732751171,1.1077838979352534,0.5368211915415583
2017-04-21,-1.370385141690459,-0.31934947316762186,-1.40983242038865,-0.45394860674904325,0.5530380135829195,-0.5068542520680077,0.4483673766215041,-0.2782591067388599,-0.5112522950803609,3.3661587623962617,1.1882120400313838,2.206999207482675,0.07245426826006429,-1.8509026707935217,0.46223306530496516,0.26725182494611216,-0.9602673663255972,0.5368211915415583,6.004465585719188
2017-04-22,0.6047920321320677,0.025624333011329818,-1.0893510940218905,-0.5894691647727227,0.369789315028741,0.9768050683672973,1.1417808084600258,0.41576850757288375,0.3033102940311547,2.9984190596056286,1.5250710780296541,1.3832699951412297,-0.2807267982537421,-0.340425269017486,-0.5881345503060741,0.3448283280987297,6.852026139654049,6.004465585719188,1.2979749583681115
2017-04-23,-0.004546389253386761,0.2054353328794771,1.0935978594983906,-0.7150623948114868,0.1828510844136634,1.9940774885730175,0.45177042193466194,-0.42286011145187963,0.3903746488753607,4.285695938770287,0.3931175404782923,1.2095082802119037,-0.29372677477753734,-0.1442332435633992,-1.304060282442424,0.06860398526934085,-6.361815368424953,1.2979749583681115,0.5239405837512935
2017-04-24,0.22912029685641153,0.35778250161816977,1.6461813587313245,-0.8007534851074972,-0.0762904226594419,0.5812666403475374,-0.5298518059480816,0.2948274848457675,0.37989177989822065,3.028250777459421,-0.025924876892279555,0.8141373073573354,0.24913144554332495,-0.5603907734487382,-1.0590540298336402,0.028710253248428116,-1.0139421075659072,0.5239405837512935,0.7823933769298672
2017-04-25,-0.7204477770059923,0.5427324440954345,1.6672297576225235,-0.8787834321391721,-0.26896319024166115,-3.1965435520074403,-0.9624520253364239,-0.019678851855247963,0.9547738916610462,1.3876833305319796,-0.1394850958293241,0.004851614252476804,-0.7330371219262655,0.4584328115887322,-0.8736033885307379,-0.07313058967796056,0.4182222982368042,0.7823933769298672,0.07902475736759443
2017-04-26,0.2874038151623419,0.8696587590223769,1.9033800675486598,-0.9657104252234354,-0.519018833544087,-1.875109034888378,-0.5239906552509016,-0.6185019793900245,1.0623172499852727,1.1859262096739278,-0.05600187117750164,0.3713180015571799,-0.9193018084882125,2.1776766637383385,-0.21463180279464875,-0.20168796835462807,-1.0519240152642348,0.07902475736759443,3.6521869134325833
2017-04-27,0.6414019563873468,1.194130798842046,-1.0683182326051042,-0.9664741718151768,-0.7251109154294374,0.29528048961321823,0.24265668073919036,1.9519148401281772,0.5125966391060426,1.4806567044111627,0.19005371720489275,0.7551349119871236,-0.4454882016317328,0.7352111407879994,0.3636501741407737,-0.24992028345146672,7.745369673069591,3.6521869134325833,-0.04172139697074129
2017-04-28,-0.8776919059919676,1.2782918243040633,-1.053841442559468,-0.9358717139327001,-0.9398101478698256,3.606289600252932,1.7035432178200032,-2.6842409067830397,-0.6581079221332864,0.7455544436730612,0.2051538249460877,0.6427257665727172,-0.501016464817395,-1.2802776578576918,-1.8274626259438624,-0.7027017550869444,-4.698230154882686,-0.04172139697074129,-0.35281122251965896
2017-04-29,0.7714993939258094,1.1654344959337446,0.5115912426091868,-0.8528200652200756,-1.1383008430636474,1.4347953180238207,-0.5873951435342002,2.581646947473327,-1.5062524803164905,0.4344973397523905,0.3527887242056077,0.3124676773301436,-1.235424710173035,-1.371505481888632,-1.7109758125270442,-0.7861520065726689,-0.43833952924371594,-0.35281122251965896,-0.8748995429233514
2017-04-30,-0.8331427824518696,1.0579465452963428,0.1521004635794412,-0.7293625598139103,-1.2508705195315517,-1.3959746004784201,-1.159179232068268,-1.9691320165617445,-2.0174194458501917,0.9328949427989822,-0.35722623012466165,0.9455985847648766,-1.2245789911337384,-0.8710065345385826,-1.1507658673868855,-0.943662738323822,-0.824723164093592,-0.8748995429233514,0.04096707766434077
2017-05-01,1.069631334038191,0.9478294650150946,-1.085095998867187,-0.5387962843723604,-1.252530801870359,-2.7933034792032805,0.7643839193551458,0.6777305477349701,-1.77973703959326,1.16474886277029,0.8710708254107556,1.7264447404501342,-0.7338797014204789,2.015818397173854,-0.057580549005656484,-1.305849263469026,1.3914784783468084,0.04096707766434077,0.4820662432905296
2017-05-02,-0.6587181791516135,0.6970148507329664,-0.6925200325172208,-0.36552894747938564,-1.2822209767806985,-0.3555923799258456,-0.12200327665901978,1.155446252773441,-0.8305133120438869,0.9143656519711962,1.3850817291156607,0.7101672544143816,-0.48215360525633416,0.2628407669284438,-0.036669620263347864,-1.470710388863797,0.655245431484829,0.4820662432905296,1.523698180243016
2017-05-03,-0.6765613686157241,0.24770003611720542,0.7917885530457718,-0.20437782865679055,-1.2365319968899398,2.8469037768966508,1.003730251788079,-2.354885753613221,-0.4340357352677478,0.4577520039920888,0.40617926297929763,0.21577581684888283,-0.4961515402119705,1.0583178431565234,0.5001361460354034,-1.351736224989577,2.2959687535570255,1.523698180243016,-0.16474231805943285
2017-05-04,2.3468393753560166,-0.20216054085421925,1.4258451791274982,-0.051684793570873064,-1.161776871780059,1.2698045695268831,-0.4962723804727642,2.7007477213025317,-0.17516138764803513,1.284860480414113,0.15143916202364743,0.4966915229080157,-0.13717554923465886,0.32614350952509846,-0.18066159436077672,-1.484362683979238,-2.41301885605384,-0.16474231805943285,0.6700024824358558
2017-05-05,-1.6437308433052717,-0.5306301610835796,1.3293167332935232,0.0558185298568575,-1.0949993554435768,-1.8161512238304913,-0.688004745250659,-1.9928800914243057,-0.41239984859158135,2.100227372080091,-0.6780789779887928,0.4320271941600506,1.350769553257663,-1.3945953485858806,-0.884419173992469,-1.4728479085121677,0.9116357276419053,0.6700024824358558,0.5862117778575459
2017-05-06,0.6963697167170393,-0.7403941260357058,0.08040077274267009,0.1849778935313893,-0.9751352851970949,-1.9434407832434089,0.6360184327981886,0.3535893635825885,-0.611817762958083,2.8061432449844577,1.2143716210521303,2.0841664700650515,-0.05660675582882015,-1.1072525615924984,0.21963726042764195,-1.0709816512717683,-0.12116524184746631,0.5862117778575459,3.0733938993093504
2017-05-07,0.3537986435348673,-0.870886413056581,-1.35680220602683,0.2654981441213201,-0.8577405912998431,0.5407952602971698,-0.3921576689471432,0.6993466256418847,-0.159332448490774,2.271450832636571,3.3072470098955633,3.7713551850897127,-0.1725422469582203,0.14365382191308418,3.1303909909087015,-0.5421098761132418,3.886257001250451,3.0733938993093504,1.2470160306071707
2017-05-08,-0.5922471967825604,-0.8492932461379212,-0.2603392606828308,0.3542648428182855,-0.7143006938787201,2.072221936816679,0.4991004428533702,-0.8133406792609681,0.16163634471162794,1.4325249213665994,1.3310877799118876,2.056809383211835,-0.3442694996372444,0.6024275929048442,0.038932822511383615,-0.38364444528439623,-4.218083601533578,1.2470160306071707,6.978301074201327
2017-05-09,0.8938907610803905,-0.5192372797106161,0.179213133389302,0.3187494545976829,-0.5659772882589998,0.5888680499653048,0.3725251905106303,0.07593412086356288,0.345144979380871,0.006370086857473078,0.4847268011923007,1.4741186409971372,-0.5182613733596414,0.3885635400192511,0.4250770289092971,-0.2967344523780692,9.680630054140824,6.978301074201327,2.328185572145861
2017-05-10,-1.0703077753370596,0.028935749994635003,0.033183237365738624,0.3712999599300507,-0.37246752375172276,-0.526354509439725,0.08278365782532363,1.6519453596052283,0.791078607579374,-1.0006791784343079,0.8296152406102323,0.9054406330059391,1.579827153911023,-1.5139152872089348,-0.2523290282643448,-0.3723639977284522,-4.204149409310891,2.328185572145861,2.9787093303235217
2017-05-11,1.3036338629758475,0.4830053445013709,-0.11584249785275326,0.4137920218098729,-0.16523843396860938,-1.3978509126331715,-0.8759880709905135,-3.0792067271713974,0.9803696229318822,-0.9870186064479964,1.2379665412484673,0.23049971447812984,0.5300551202532636,-1.7734949033483822,0.18707368192843177,-0.1318153238421891,0.8695472606311008,2.9787093303235217,1.8087768042845058
2017-05-12,-0.9563465739497695,0.7189542810288069,-1.4516977121361094,0.47080754803645314,0.03998934085505629,-0.8774723751023461,-1.0081904463182791,2.7264093715260715,1.2928806894007867,0.2783455820479668,1.2532013485437583,3.7804375707148425,-0.568619873593907,0.17473126353087343,0.21938289476794234,0.11958436231992496,-0.37678070239850603,1.8087768042845058,4.643447367757987
2017-05-13,0.18509326176681282,0.701887725882066,-0.15174141104044833,0.49955552267543724,0.3004036777827288,-0.3338125629243904,1.3081790267448679,-1.7298996435296485,1.2370700722509216,2.8878691485590435,0.8819361163471416,2.5392916007399338,-0.8765974288210672,0.607294739081621,1.839229469901463,0.4707774525260067,1.5587775128921615,4.643447367757987,3.9007437474037134
2017-05-14,-0.05002865500750872,0.31481459263627776,1.3966944529696979,0.5193824830826501,0.5817900699797519,1.8310345324629898,1.1241146180863888,0.6938418741020629,1.1483748250693144,3.922957721472271,0.9738684923034606,0.6895353267405085,0.6100598573639133,0.7759375578063185,0.07121146795763444,0.5105417756224848,-2.372019638354408,3.9007437474037134,2.666017187211912
2017-05-15,-0.35631181672072204,-0.22159325311506192,-0.5917147886138937,0.5643706444482062,0.864782584080867,1.5948259847637398,-1.4162814498001628,0.3427586551701188,0.8014564343904973,3.1999698072041327,0.38343433885032596,-0.49857312179646485,1.2167984917378087,-0.08910194719897549,0.6651910314990117,0.5657020883388569,-0.5719080485143632,2.666017187211912,5.205630598529441
2017-05-16,1.0351146299734106,-0.9554201250057468,-0.9612760272187715,0.47404504677629705,1.0231452186944787,-0.4432343350845186,-1.21072218281088,-1.2883041028879694,0.3399987038046817,3.2082962678177402,-0.41326759445687594,0.074695633229506,0.15919128865552792,-1.7157179340429092,2.722861417488021,0.8662086993798892,2.0063526103050613,5.205630598529441,3.588401089171723
2017-05-17,-0.5357347491025652,-1.537426860964317,1.0532025136986298,0.4165752135947358,1.1801602051394677,-1.9246631973013293,1.025776121971853,1.2478142618377206,0.5512573302291931,2.2643135820288642,-0.4146610511407197,1.4169466144609688,-0.6060488787741638,-0.30756407967290933,1.19149767363605,1.1580836482626278,-2.1591326235639583,3.588401089171723,2.460185254510291
2017-05-18,-1.2802105999256064,-1.5559694644284017,1.2781968530922547,0.3731505518730599,1.3112341682555813,-1.355610916006265,1.0688983856391616,-0.7240025860564651,0.27180015756546905,2.0016971868096243,-1.4519756293702313,0.9754992832963877,-0.25187931973480815,1.6661945363450383,0.8667177319370901,1.7005985063381834,-0.47024615270429226,2.460185254510291,1.053133051559785
2017-05-19,2.3210085217413066,-1.1741224348985724,0.9028112351137597,0.265653455602126,1.3298111572910583,1.0834211208039861,0.050249922752132796,0.6767491544436857,-0.4710164249049404,0.8685812272029506,-0.06959923339905122,-0.8002597361124758,-0.27015759598450806,0.026796148869715552,-0.7276187970828125,1.9312930442038532,-1.848138328479049,1.053133051559785,1.0561300117390109
2017-05-20,-1.5885698318109642,-0.7067205620268223,1.47537985669964,0.16185786223812973,1.3169120027548178,1.5316822843257634,-1.337305574937946,-1.0409549421989888,-1.2912891304979162,-0.5950131980163006,-0.6368546913086237,-0.6325356579283008,-0.9348874659316139,-0.402774874629341,-2.0432650328382738,0.8597991882540814,-0.6069876766387092,1.0561300117390109,0.17108264261252926
2017-05-21,-0.1971134613500994,-0.23957612370778109,0.34917560100473233,-1.1285047999543938,0.7357458242795663,-0.16143488778836543,-0.04570964698422936,1.7397608359623067,-1.5119527584278987,-0.49120661144859934,-0.44766958103812116,0.6752828365366037,-0.7881945050059201,-1.5107950736933955,-0.5458128410997217,0.7117175979992781,-1.299037341108634,0.17108264261252926,-0.4235484861665754
2017-05-22,1.1098616372076313,0.21594205291893806,-1.7068279238693294,-1.365358505440912,0.5875548138283795,-0.6908124517379344,0.6810224931975822,-1.7960286514305677,-1.0198347175749265,-0.5503339649827335,1.9903173388549695,0.13434576879056534,-0.974874809246282,-0.8717330348749582,-0.9981373208441343,0.3932146378565775,-0.6670772417052855,-0.4235484861665754,-0.3670815963919459
2017-05-23,-0.8124375271945351,0.8264577427129705,-2.368987247593461,-1.4748665264390928,0.45211278764827856,0.4693582128205142,0.37755132880123166,1.5406570847829846,-0.6677211851369899,0.3512852840208426,1.3970591589162702,-0.5361635254071837,-2.267594966195289,-0.7757410109256296,-0.6754347983315023,0.28415804167145736,0.17871868396172075,-0.3670815963919459,-0.5975920020177267
2017-05-24,0.0029489856465611084,0.5359614894882992,-0.9106793120542549,-1.531816608441637,0.3098383669111469,1.435025806296206,0.07156154921140921,-1.0384376937842843,-0.7255819319434711,1.6546369927130877,0.08478384229334975,-0.9723560909238872,-0.37494884288829555,-1.1489646733424272,-1.28342082243016,-0.05261117640749311,-0.39935196298434156,-0.5975920020177267,-0.9922163814297787
2017-05-25,0.23491404648385253,-0.08420530235994973,0.8356570284634997,-1.5330607525343505,0.16577724477871383,-0.3909730105419664,-2.026709801493078,0.3320079632852933,-1.3074041788789637,2.6131982695108174,-1.2503588425671859,-0.8137857680817456,-0.7509913716641258,-0.8298172751774582,-1.4993882314096596,-0.25633701966837275,-0.3473695765069989,-0.9922163814297787,-0.8033514317966933
2017-05-26,-0.08499250730362097,-0.7871609977066312,1.5475424462547855,-1.5313122927161928,0.06646691380274065,-1.5005557408266113,0.5403434838746535,0.44178547865793427,-1.743507477013417,0.6224699064268799,-0.9010099439639814,-0.015114183162684999,-0.370347754807715,0.3429638611642795,-1.1000459785110996,-0.8382297344057509,-0.0005334930823209291,-0.8033514317966933,-1.2932449509112514
2017-05-27,-1.2843303360544864,-1.4234085324082042,-0.4784601953309072,-1.4694061283295476,-0.09914442238105901,-0.6640134555821758,0.9049122382714428,-0.9464955229877775,-1.4156632231405197,-0.3112086489053558,0.8941966177711309,0.5802891265137988,-1.6862017576411577,0.5518903129381252,-0.9074323010070546,-1.0859665308343887,-0.48530654234561355,-1.2932449509112514,-0.6028376719543526
2017-05-28,2.8818337393133944,-1.6381956005263703,-1.0837872143206875,-1.4075781819226365,-0.3333836126744198,1.023669377072066,-0.04160826151808519,0.8191270058264974,0.022393392342058116,-0.660065900346564,1.8094608816626139,-0.4896375849853924,-1.5432348143645702,0.16569706366515247,0.02153384642027933,-1.104399116232698,0.41974226546055793,-0.6028376719543526,-0.5594846775008584
2017-05-29,-3.1561124055380705,-0.8354596832711934,0.3136177683673842,-1.3107730486070819,-0.4775069256155438,1.1150955622283134,-0.09347106412814003,-0.16819872602484673,-0.05486818928105586,-1.2920820429545394,-0.7323450215426651,0.08464675014408986,-0.1583310449255506,0.15019686721738587,-1.0212740533853275,-1.5505242997478328,0.37218241997755885,-0.5594846775008584,-1.0120910795767573
2017-05-30,0.9415167990183584,0.42105392823229054,0.2457257282231686,-1.1839408212152047,-0.6434464154227868,0.09678575720428834,0.060168510602951114,-0.49805990594741784,-0.3504470653571125,-0.046057451352906516,-1.1356649273736366,-0.20165469636476313,1.145870629985306,0.6754505376950427,-0.7134818257111126,-1.8319779840057349,-0.6293022444910102,-1.0120910795767573,2.2106022927646793
2017-05-31,1.0079779530892234,1.5351273126455047,-1.1175398288433225,-0.9631006209224009,-0.8593450645988349,-0.6292470284935068,1.138303220891809,0.7494077655827596,-0.9109606855754862,-0.06631836304719838,0.5241915367237865,1.1807860477499836,0.624306788443148,0.21163384393897436,-0.22332189001313588,-1.8689989041417958,6.417605470634693,2.2106022927646793,-0.24568462765307914
2017-06-01,-0.23224475912729972,2.4550127144178666,-0.6683037992599817,-0.7991297928978742,-0.9781062743984639,-0.8326974138354168,-1.9366652724721694,-0.5931090757437129,-1.35847357737373,-0.4508018126810274,0.6657706641728158,-0.5016048871982677,-0.05404937979440258,0.7135603144069138,-0.3466907205659432,-1.7833976502128635,-4.504379179279231,-0.24568462765307914,-0.8238008002418954
2017-06-02,-2.651090050528627,3.1875609253490174,-0.40731446941273775,-0.5483219565853154,-0.9920531431176549,-0.3536070835915027,-1.3806895133389212,0.13069403882046782,-0.9623443701510321,-0.8752666715122022,1.426445379016495,-0.5300241397960961,0.9095562072283996,-0.07949827153037754,-0.5063926801328932,-1.5294254415236235,-1.5759047511259454,-0.8238008002418954,-0.5013504896885973
2017-06-03,2.1091189344109695,3.3903798596791312,0.7112512425536806,-0.3868207147141546,-1.0801043722544859,0.062136701460916,2.6935349395952137,0.47058992486729334,-0.6748293791765895,-0.4470717686495519,-0.10227529227558566,-1.1458407430783755,0.21484382815755657,-0.12081925630517638,-0.5411742862495219,-1.4575753604188781,0.7355858315953183,-0.5013504896885973,-0.7961117176450148
2017-06-04,0.9224682087116635,3.0428135668866085,2.165032031089096,-0.16383811620495625,-1.1000251349393861,0.5470263109218371,-0.44851519812026364,-0.7113065195057859,-0.7418335327455395,0.3691471729682543,-1.6398994689332844,-0.566263049686476,-0.5119838350741723,-0.9943126962095636,-2.0913276113456902,-1.5435558052196376,-0.7050319434891663,-0.7961117176450148,-0.9851652216999224
2017-06-05,-3.173853240373621,1.5931591684615773,0.9935142657495013,0.08054049554556522,-1.085848631628447,0.9614591480313048,-1.316673776410369,0.48886601837330784,-1.457767312333198,1.5047242512883394,-0.724604602625595,-0.22618891680804568,-1.147013981518214,0.6145372173938894,0.13641228904209188,-1.4727022218753842,0.19178023366019695,-0.9851652216999224,-0.9633467249169005
2017-06-06,1.9849646049413936,-0.4385590428565893,-0.1358807279596141,0.3399900201644781,-1.0373468362776863,0.6194883919338731,1.7424734113689377,0.029155263984431325,-1.3279949353240046,0.994085358029562,0.6584596189797093,-0.7365623788621792,-1.3549751443639473,-0.08861884598752151,0.001427827928480348,-1.2713759049096174,-0.6916828722314117,-0.9633467249169005,-1.1715900786217437
2017-06-07,1.0404675203060332,-1.956778028472987,0.9244248757033634,0.5945218605313939,-0.9416082605642423,-0.8688768053957946,-0.1454384071708636,-0.7914552036507342,-0.9944115289994792,0.2986614679425616,-0.560262153610305,-0.22867990667978433,-1.8012109338465212,0.3592104945348989,-1.0903225294643408,-1.2797167234347642,0.0465663780108398,-1.1715900786217437,-0.5110540395722987
2017-06-08,-1.7679320761922264,-2.7128619320688743,-1.1856177762518931,0.8559720451913547,-0.778949057089996,-1.3653898545002991,-2.6251745155477852,1.2022979716507287,-0.26332470997186697,1.2149618905683552,0.2894713505532803,2.043279538869438,-0.6690891111784754,0.22042350097526178,1.9395191903725921,-0.8923092011715638,1.1324887390853096,-0.5110540395722987,0.27067696783678524
2017-06-09,0.815974505429015,-2.8850801002416144,-3.5770076475389994,1.08496099985013,-0.6071447029771342,-0.20753527009640504,0.5688281984832807,-0.9126388678779456,0.4575614833879282,1.5183504809293495,3.0679632796831857,2.216683818452435,1.9032516615723198,-0.8153308355452346,3.5438896508677096,-0.2699325778563398,0.8907705355195031,0.27067696783678524,0.6824923698378342
2017-06-10,0.6849223950260938,-2.6865703895175876,-0.5778161434782092,1.3494498606399326,-0.4423273540421887,0.8110301411533367,2.9322111289223143,0.4695206474142388,0.9909681496708269,0.39357978900382995,0.38842679117651857,2.501843413756143,3.609854158443544,-0.2734764681182957,1.1311829128763717,-0.14207488305572788,0.9310174791014523,0.6824923698378342,0.37817751882956036
2017-06-11,-1.2017789818002387,-2.1587982524314513,0.7502791689275812,1.542409653319461,-0.1642354986636139,0.8051271804842786,-0.3384091153329804,-0.056747457480713144,-0.2515682332417694,-0.7492090591617505,-0.3709513094236833,-0.9499590288022164,3.97923773569944,0.9695585979230392,0.36002530981072806,0.1905745512465705,-1.0405854766466638,0.37817751882956036,0.3342148825313416
2017-06-12,0.5315397444790846,-1.5346275474967723,0.7082423878688231,1.659772094865018,0.03900681729451365,0.4569472956076307,-2.7828147947568453,-0.2753018359785846,-0.5503005079674057,-0.8159289536703725,-0.08119870720359743,-1.6078643453641768,0.8062500915664864,0.5564974699214646,1.5238267625842326,0.6079457219134473,-0.006235572525290566,0.3342148825313416,3.4502164831122544
2017-06-13,-0.9992340399254045,-0.9509974016941202,-0.6758938073794036,1.7184295356047583,0.21639423661221616,0.1421329496187371,0.5137850402722067,0.5308419761793773,0.35558587840332745,-0.07623560490320605,1.4133770633793872,-0.44362682199247083,-0.22382967824721567,0.6835887981024243,4.046276792310947,1.368651638325921,5.690224792236292,3.4502164831122544,3.2443910412030688
2017-06-14,1.9329550505077204,-0.6458978408479077,-0.24261770121136308,1.720224695906185,0.41089200965471456,-1.3346630216937798,2.2961707329092773,-0.8513387190355787,0.15655451135929638,0.5352976498772847,0.30700922698690136,0.7785741208212766,1.1270580549715168,-0.15374946241314277,0.8388746601386184,1.5663731815559916,-1.127649079669832,3.2443910412030688,2.069319627248013
2017-06-15,-1.140342749982037,-0.6924859653201492,1.4359831412146207,1.6646564160214057,0.5879623546518695,-1.2206170556245701,-1.2188661898136899,1.1651622088733247,-0.285501754034449,0.254675746728768,-1.248256756049538,1.3999398358139143,0.23239355215712867,0.14404004788751468,0.6483821209296295,1.7059549925812727,-4.327500654836885,2.069319627248013,1.5856891468180139
2017-06-16,-0.14908761399700726,-0.9203482526313036,0.2069489521332837,1.4611225695115422,0.6255238978790206,1.042459603906309,-1.545958548195457,-1.2621010787085554,-0.13336456149790557,1.6957231602060003,-1.150323280811559,0.6968547191388643,-0.26925642495198987,1.8737561547949009,1.2456703603051251,2.0036640392728136,-1.9074488646114922,1.5856891468180139,1.1641401500998765
2017-06-17,0.0736512333661503,-1.0120914875933211,-0.6580876606462509,1.3012941368215922,0.7314884780260428,1.55562162190248,0.9550441854910382,1.04935619660378,0.6456264127207029,2.5079322786115417,-0.094639682639858,0.7552525667204227,-0.9180273926377763,0.6265565910308077,-0.11350071358110152,2.3677586711543523,-0.8476809654707707,1.1641401500998765,1.2793797086140528
2017-06-18,1.5806836469073682,-0.7374102206681812,-0.04590415979824944,1.150849796534436,0.8096307737725182,-0.07219533757829424,0.5314935068476493,-0.6362639296716965,0.6753810886940841,1.8757644437286227,2.071583740579388,0.21233020800369173,-0.4357341053251228,0.718567926634877,2.686383571589464,2.7672655380042466,-0.003598890419647661,1.2793797086140528,0.7355783439057669
2017-06-19,-1.368316643752665,-0.366786963747593,-0.026842269614154087,0.9225341272723041,0.8868795476890485,-1.8692465209409896,0.21189245781647995,0.1134951791212699,0.6110084082671413,1.6204202269634838,0.876314202539221,0.6466411667261244,1.2335151453621447,0.6734198041545684,1.2660515616581616,3.2343620419269707,-0.07353951650627046,0.7355783439057669,1.4262014178903317
2017-06-20,-0.5854468509991617,0.17745838177328713,0.14878701941703817,0.7036526801102271,0.9028740173895571,-0.2517986498037621,0.3098567062675978,0.31332653407597083,0.07938055839522602,2.7088306737786176,0.5844191577690376,-0.37802734266654076,2.100793774935287,-1.1735184456091945,1.016812483722067,4.005398245627704,0.34367140592440254,1.4262014178903317,1.0381034755993181
2017-06-21,1.0990741603648135,0.7714845676601662,0.3362216341762413,0.46887215353594164,0.934497664446249,1.5800021925176149,-1.186789399017239,-0.17659542048153357,-1.2923134351786811,1.5601114164153513,-0.13371682569128063,-1.0447242503277516,0.8495960329606153,-1.0392156127968448,-0.2863506122723598,2.8614384759307794,-0.36262243843608943,1.0381034755993181,3.1153362412383734
2017-06-22,-0.011874984192980257,1.4890051570388105,0.30987388159868356,0.9407853635071651,1.6861227081629622,0.10949927308497738,-1.3307827251962696,0.005037769366386525,-1.3306381290753964,1.1201155919017838,-0.3112434572654193,0.5929843898614895,0.0851322631228745,0.7084417757305637,0.3444418577980244,2.253407980157394,2.085048443770567,3.1153362412383734,0.4706162955325943
2017-06-23,-0.400033677297621,2.3923585452188605,-0.5565732772900293,1.0000730983347357,1.7849778353062398,-0.5470890917918033,1.4619124684307008,0.05681922954895038,0.09713575298414061,-0.13106104835703608,0.2586820571233716,-0.11999464702020018,-1.6020653263400397,1.8919244158682134,0.15806621887074965,1.9673572765642569,-1.5810087692162547,0.4706162955325943,2.9801747653081945
2017-06-24,-1.3666747661101502,1.6639613334562748,-0.458221109605378,0.8398920512307458,1.8153823866914247,0.5041022777838441,1.325095469057876,-0.05118124445490367,0.6904101276217846,-0.4175480662217831,0.44211213406953837,-1.290845061271384,-1.1433974938919012,0.7803015060699693,-0.34101235061555335,1.930987875240473,4.451020868946466,2.9801747653081945,0.5275159411023518
2017-06-25,1.7661476295193637,1.5870887197744383,0.852521181822903,0.8220790494485013,1.8410995252432987,0.7987637659441201,-1.1241488713991972,-0.040379329539290944,0.31207941896790625,0.004624646431488233,-1.5595541613090314,-1.5333007599557615,1.6050223576481493,-0.5324062673092779,-1.2978457448217617,1.486223231574885,-4.146875707641538,0.5275159411023518,0.47254102801909964
2017-06-26,-0.9890113887977985,1.17211442105041,0.43214024702852705,0.7794233649248659,1.8289727908425764,-0.8104115885974743,-0.9249213604988665,0.16399861449184525,-0.27069776258168987,0.10670038862669762,-0.5085963625036645,-0.03898435419582075,1.829520399666807,-0.39490418540624744,-0.49610925441787257,0.5639531323386512,0.12914089551820276,0.47254102801909964,0.33073894401914145
2017-06-27,0.636707248129225,0.7486228835621449,-0.12369625744390716,0.7048941051990291,1.7159319946357665,-1.4450754012969271,-0.20265034937475598,-0.20716902086531747,0.2996699702196893,1.215014079098497,0.9375393560683877,0.2802980905027383,0.12080095759586665,0.9380225214537941,3.561086563187295,0.8795952427198892,-0.4290682307550218,0.33073894401914145,3.496589529181868
2017-06-28,-1.23209390835282,0.4345852068279632,-0.20070007044578225,0.612072630015557,1.6086848660654898,0.028562465819617584,-0.23621826256475176,0.12241983816948722,0.5103652417257445,0.05628263260854128,-0.21246964211538416,1.4340520692224579,-0.6332302967051667,-0.04786486824633374,0.15308636276642068,0.7609707482870754,5.485575914510222,3.496589529181868,1.5561505582026804
2017-06-29,1.9467599268682227,0.17314842759882476,-0.46132946870121083,0.5397495177219793,1.416874122189841,1.6369168372587002,1.1360899247908898,0.15904140866373692,0.9465573829265942,-1.287876403535229,0.0841251868214231,0.34782338524860024,0.5298429446743842,0.18776219255071974,-0.8184020974633743,0.44516184656789964,-3.112128675716312,1.5561505582026804,1.3885049468392903
2017-06-30,-1.613417294310928,-0.08673483378951859,-0.8956899089785526,0.4668771906121674,1.2630481748342663,1.070125757506014,1.5145808238825842,-0.7344774853603502,0.8378387695088905,0.3020135469251469,0.27372825101999326,-0.35870923364733415,0.9461278796428378,-1.278437880307549,0.08426759755607995,0.4560811842369976,0.006178102496194556,1.3885049468392903,1.3210551695858403
2017-07-01,1.0244267873395922,-0.437742890915917,-0.7745678407124603,0.32191836737791024,1.0336521852625071,-0.4405659464807901,-0.7398945507632607,1.450618887027872,-0.11715669912265474,0.9861474550704716,0.14249072236022586,0.005175617639530109,0.23437551469647,0.42502651504987704,1.723059618144277,0.3522633851463855,-0.5789178301375412,1.3210551695858403,1.4730732317467714
2017-07-02,-0.15188689122574217,-0.9668378722579608,1.234473585887204,0.09834890700710358,0.7452178424918743,-1.5464166118411584,-1.3542593066938668,-1.5970565640265069,-1.1503070899443475,-0.8829957377871168,-1.3405947627909949,-0.8201630838176198,-1.6830212874100008,2.118727942284169,-0.7025318022584792,0.13776154860869128,0.480210112864538,1.4730732317467714,1.9194909524585901
2017-07-03,-1.3066455560411092,-1.583639835314989,0.87898213316572,-0.0990082152144244,0.37657234701501335,-0.5535660912626316,-0.48094968948622024,1.2001273810071258,-0.8452642440956926,-0.12573885584872085,-0.01912218321291521,-1.1389661897509917,-0.5207250944856602,0.36027524632357,0.06774841267826177,0.03134289977934653,0.855031503619223,1.9194909524585901,1.5085793035043102
2017-07-04,2.685294022092983,-1.901679592425587,0.06630790451861203,-0.41464629376040774,-0.15640240841771216,-0.052096246957300474,0.10416326419547652,-0.6560504959335334,-0.46236316744738415,0.7085477212262979,0.2776474831060354,0.4809883806045866,0.1323658977013937,0.11414751332239255,0.8711365939792458,0.20738884866239016,-1.7562438532015663,1.5085793035043102,1.2293149339386769
2017-07-05,-1.4406028113241418,-2.2997194371132514,1.0783596822325063,-0.6681594518763575,-0.6227545396260161,1.1214781054339102,1.5949847561949033,0.04282663080069671,-0.01420705538079292,-0.5757149266174142,-0.5293247833911179,0.15685909574247275,-0.5325037430761849,1.7574546877115858,-0.3303509837076938,0.11311071192253078,-0.07435513262644286,1.2293149339386769,0.24932795272880007
2017-07-06,0.30552966903384354,-2.4961930726564394,-0.2567717981859811,-0.8742744970332942,-1.0184617163268617,1.0069519684872985,0.12798000981821447,0.40903106770697434,-0.4420681416335377,0.740160283258365,0.10414621515911111,-0.3883725811786191,-0.12949520465259304,0.507993761367931,-1.0766932993833846,-0.056466393781271884,-1.312386046536826,0.24932795272880007,-0.3334977290659859
2017-07-07,0.7971656376418046,-1.9735236545258215,-0.38290209335415515,-1.0646012621317775,-1.3789886980540231,-0.02488638625679931,-0.14318757413870878,-0.5172727475456271,-0.7552378341781959,-0.7456384712164178,0.11568442821102785,-0.025637969374405767,1.08571457172389,0.05405398013482951,-0.6913436312558386,-0.0959506977267091,-1.0996753902395453,-0.3334977290659859,-0.27796600174082065
2017-07-08,-1.2602329139978834,-0.9665190755756654,0.4364778824690114,-1.3002598661959264,-1.6688533990716834,-1.002717377819873,0.6061133782454718,0.2216640058243746,-0.1857119381377271,-0.5664701851806673,-0.01675567185324428,-0.18587886893101768,-0.37021512251350525,0.7181011316807966,-1.8506275036378128,-0.11924813599456877,0.3441649723112414,-0.27796600174082065,-0.2567685625697213
2017-07-09,0.5245973631766896,0.08421496705070611,-0.3540976255064131,-1.4157343996367628,-1.9282369225896752,-0.7724135784380868,-0.6544119848295668,0.3058820295094332,0.2840809869818477,-0.24936226500670894,0.1994387105339896,-1.17891165895485,0.03983742969578665,0.2424525015075273,-0.2983483239187796,-0.005761679971949154,0.10625496723612243,-0.2567685625697213,-0.07685470622741063
2017-07-10,2.343538471081078,1.0305718425787003,0.40701256224640414,-1.4714334290616211,-2.140958806343707,-0.5184369509792331,-1.4118218348068934,-0.7830169528177082,0.6664230300259464,0.2794959282619653,0.0420574509843805,-0.8793589994018466,-0.40628831209052485,0.36277725136988503,0.2187306019967563,-0.48249505386407177,0.4840085593849677,-0.07685470622741063,-0.04063949835853826
2017-07-11,-4.200894170367563,1.6471373300938523,-0.13083529549775527,-1.5243343267625185,-2.2945763016681555,0.35947645388246446,0.08703821932636728,1.0240905474962056,0.4761735931389233,1.0031424000210851,0.24701911872696372,0.6727946144643596,-0.4319933431763398,1.0727650258203152,2.948584069796371,-0.17597113233412112,0.16126909779963064,-0.04063949835853826,0.560650945170321
2017-07-12,2.437058044109786,1.9127406998436602,-3.5658669600650743,-1.5494812294539728,-2.398319356100558,1.5306940170334138,1.9450946253378163,-0.986124057331277,0.9558654249293214,0.8542200523680493,0.35914341080514056,0.438473548553513,-0.7834247861303792,1.811278726441811,1.4387842179461994,0.13506167974604105,1.8423176329160145,0.560650945170321,0.7026494636663353
2017-07-13,0.6355583053083433,1.7524672229042997,-0.14820611634551473,-1.628745062672259,-2.701606370202321,0.450544868903557,1.0151107620081314,0.6431417000979246,1.4626181720132458,0.007247916120886371,-0.31129570497477793,-0.4452936378560428,-1.1855818139486,1.2884959588337723,2.163802307081505,0.48324837886554267,0.5272177428587056,0.7026494636663353,0.562751301433715
2017-07-14,-1.6036015746890393,1.4694121548434262,1.1678325321661382,-1.5632612870112175,-2.69355373485905,-1.0506478583057821,-1.2467056282027884,-0.07751561311532325,1.0685567651272734,0.5923964605797826,-1.511176752952261,0.19374445741668136,-1.2131228376604248,1.6731080629234418,-0.8596812616112737,0.1331589274772646,-0.8182858178043685,0.562751301433715,0.8716771974021005
2017-07-15,0.687887644470954,1.0665054341255733,0.03613410003026202,-1.5652816730974062,-2.8509227685422953,-0.7910653205508114,-0.6886765390747773,-0.38735054109341166,0.6782207951435462,-0.4197871746291571,0.013098218915139424,-1.1378514324973552,0.17153462562107735,2.2932521742810446,0.9389096295154342,0.37321297973943707,0.6628482460162827,0.8716771974021005,0.07613275749742461
2017-07-16,0.4369412028743595,0.7909818902085265,0.7981654624855764,-1.3973191665783948,-2.630068587486692,0.7266092414252554,0.13713859080023597,0.7108976310448715,0.65427782712559,0.09824813010057287,0.40717598508612735,-0.4037253801967086,1.2106634757002346,1.186528141840489,0.40153219507732835,0.42857574200969395,-1.3125129922442498,0.07613275749742461,0.07465256609385919
2017-07-17,-1.5292777301294234,0.6664585536381415,1.01825169983735,-1.1672293003471779,-2.3581835454823037,0.713256402724023,-0.07766716464949092,-0.8620857409845699,0.4430614020513564,0.19806308710123421,-1.3805782932585122,0.6519642885908442,2.355340519920211,0.8432664442722818,0.0853923703843551,0.31842476917634543,0.06347121017942983,0.07465256609385919,0.3587404004228552
2017-07-18,1.8514153048479811,0.6225375218289243,0.04797233841398962,-0.8657405018675433,-2.0157123439308102,-0.9876225581663438,1.0612468296536495,0.8994471804150325,-0.06397382111145869,-0.025371080454476013,-0.027892001768009184,0.5753025605262997,1.7540056347544382,-0.027619165407359435,-0.29527899230162036,0.37012875436934684,0.824476345845552,0.3587404004228552,0.2091184523568459
2017-07-19,-1.3954862731359117,0.6254525279706089,-0.6553373464651068,-0.8281524039496116,-1.8136001718265604,-0.8164522679430958,-0.6687777124754049,-0.8488799343926954,-1.0468652599597328,-0.4885976989207706,0.1731117993850892,-0.5216534460298136,0.7822548770830305,-0.7689652546923926,0.41134896623262274,0.5930323113589898,-0.4688260816858353,0.2091184523568459,0.6199853134234973
2017-07-20,0.2336525720843998,0.5348834383902585,-0.8235724180534301,-0.3852440643851229,-1.411643406896025,0.8113880678683033,-0.8231690738649197,0.7510882479514281,-1.7276149121298625,-0.34641128125168147,0.672135098778487,-0.3875890400257894,-0.6909456422803639,0.10197844863830745,0.8143496855434388,0.8547944701265087,1.359899623351595,0.6199853134234973,0.3593810169198711
2017-07-21,0.8055466208556601,0.4651431316517185,-0.2035022978000112,0.12986348498033187,-0.9930843161094322,1.1677891129584579,1.939608001298371,-0.6561696345096152,-1.20169490399833,-1.1622319549422444,1.1908429516318082,-0.4085458242127428,-3.0237653776112214,2.518207378885056,1.3809622779281256,1.2951375157561718,-1.2362014814006406,0.3593810169198711,1.6660542229669877
2017-07-22,-0.9961539429832977,0.06506705931722893,0.35805249429847036,0.5213037078175775,-0.5349256843271243,0.5011034628619161,-0.016227150544403466,0.6347299140915118,-0.16052389895749894,-0.26055803217659856,-0.6411399756638066,-0.09412214486376196,-0.04182341770155132,2.5120665972626326,0.23753073959486393,1.3745682366956793,4.024727211945478,1.6660542229669877,0.23333921934363838
2017-07-23,1.1197672704195463,-0.8325062167463179,-0.44368067306639813,0.8541478990383153,-0.07068656723531168,-0.9013558285542241,-2.0624787980669286,-0.7271105256985909,-0.1487600982643317,0.79714125476299,-0.16150064411572612,0.17397543750090078,2.182415651587453,1.2255419699224053,-0.3731714163839578,1.3057899777128772,-3.2473155431106338,0.23333921934363838,0.5320371615979503
2017-07-24,-0.5765461557195652,-2.1624454703678713,0.04697283680709632,1.8611992511031585,-0.20322821819855738,-1.215382377484877,0.2996044399054133,0.8424302968041233,-0.4263656175778857,0.7881412588797186,-0.08795811886733146,1.7520392344825104,2.9713270100426414,1.5503884447851104,1.413909221010687,1.1405530876783128,0.6631855055923015,0.5320371615979503,0.059660545220122936
2017-07-25,-0.27017375986888226,-3.0976292702637815,0.3509216128351284,2.000189432303871,0.10825919461703401,-0.9519441148273835,1.7202731181520252,-0.9535229064152596,-1.2738946294509226,-0.3184782576083,0.2455056813072633,0.20151620402186837,0.43663245598193057,2.695661839050652,-1.0025321528622646,0.8550791834608036,-1.2099049246022748,0.059660545220122936,0.6601205374983615
2017-07-26,0.5334179249675409,-2.4567488470844134,-0.8071071377833428,2.2610275643274544,0.4390325424940129,1.5197633804531931,-1.3373281511473605,0.8850071179369146,-2.1234004532357402,-0.8855869125813777,0.245296583841292,-0.6419330829564277,-0.1929206318681383,1.0073541538827073,0.20247309217537757,0.4914341500301249,1.2408987130268816,0.6601205374983615,0.690557739613541
2017-07-27,-0.06513869861883334,-2.513612465431777,-0.5644034970499979,2.361632764798952,0.7829723251014489,1.2603706640543741,-0.7111037322516206,-0.7019639144880955,-0.4472134475518699,0.860090005070393,0.7162658006348819,0.20302634905591133,-1.0623053645712417,0.20005920549960626,-0.5620125229015893,0.5071179832329499,-0.14830369912700195,0.690557739613541,0.2232342966521807
2017-07-28,-0.5785751184238622,-1.912961710283043,0.5937245150572477,2.4096361321372988,1.130640625324666,-0.2568603941298837,1.9587437829446817,0.34936226979355506,0.5304836768063121,0.493969861183335,0.7921947806029359,-0.7098452380202971,-2.487761821514145,0.9413733495762263,0.2657475788920116,0.4126627447210747,-0.5461455609455387,0.2232342966521807,0.046402179242610274
2017-07-29,0.5333369066831144,-1.0428944690411095,0.3611563671736251,2.4009900419662156,1.4044331522028277,0.3287428293837641,0.6623021788845807,0.11810763727589675,0.2868616249469589,2.141403863229487,-0.48230382830910984,-0.27399143873594933,-1.198392715379825,1.4373642598220107,0.096139969634097,0.3776829147809837,-0.4916417777235852,0.046402179242610274,0.408199449296586
2017-07-30,0.15839793408449768,-0.023108861968826146,0.22698662744641931,2.3149332414111825,1.7111986348777601,0.5072531237391105,-0.6996837885103893,-0.5225787501971069,-0.05091895078185137,1.6248680591253633,0.8319167237105058,0.4686740553648607,-0.9806656847878815,0.9473874678861057,0.9916537746092953,0.5549520937850652,0.402357776178799,0.408199449296586,1.3859462382175334
2017-07-31,-0.5396166306569021,1.3622900326648555,-0.03798498407493335,2.145152418959572,2.0579613292699532,-1.5393823117435743,-1.4000253847548056,0.6277334192067707,-0.6325318313874725,1.5012699495205366,1.441145636093165,3.5561466990886577,-0.43363672007336396,1.6503877105566076,1.2646152798669992,0.8967536592475923,2.4828875295241453,1.3859462382175334,1.339252451454178
2017-08-01,0.12238152092537515,3.1067529471089883,-0.8495959594702,1.93092278138791,1.9677674250564614,-2.5141647126649067,-0.19107213477548768,-0.26378035488070345,-0.2714929411887405,0.9430564293099711,1.4135614101587652,1.2333468961347027,-0.48806860223195264,0.5390336112308003,0.7939265377223376,0.9972426603415043,0.2485358903016168,1.339252451454178,0.6767138267522096
2017-08-02,0.1951209293209672,5.029376064909775,-0.7539751300546725,1.5890876781288423,2.0988920495198844,0.9621436636327336,0.9455105088824376,-0.3600137031325261,0.2668192286812103,-2.3025374649345927,0.5306856376460811,-0.06873115235327847,-0.5416367406428085,0.5014042054615803,0.7665905601952588,0.944327394907273,-1.9270884192350706,0.6767138267522096,0.14586366148482957
2017-08-03,0.31082439533062695,5.110799018331261,0.11923438082070502,1.160262592053453,2.2454270682699633,3.0693442030987392,1.2889667641610143,0.8235298434338489,-0.2789313353376294,-1.0377090581540762,-1.8362707471751303,-2.3735575091770422,-0.18908918985868767,1.3160799131608683,-1.2106763158419906,0.5616151525761823,-0.8108135410416338,0.14586366148482957,0.048980733168200244
2017-08-04,-0.4233718071366301,3.838157313697801,0.8384685643713139,0.7815065637909685,2.212236431481534,1.1669570111190264,-0.6218569073887815,-0.8165660574579164,-0.9010511231941242,-0.4570945338144257,-2.960181768097307,-1.6623280627216015,2.405776696416929,-0.8119262272411597,-0.5672923023051305,0.3606667676396323,-0.3524748288348075,0.048980733168200244,-0.16526408773608126
2017-08-05,-0.9894464610288661,2.147130664175343,0.009393154287975457,0.41111503036121105,2.017952870357571,-2.414909308868919,-1.7802756956588364,0.10320000189745926,-1.1217599048371696,1.9587216934822789,-1.867032740548096,0.6868969096119315,2.2371471078092893,0.19616119355316983,0.32790999573212715,0.43339819969268045,-0.48065421647422435,-0.16526408773608126,-0.2542449007206028
2017-08-06,1.8911233875916875,0.705252064928496,0.1875500378152999,0.07161162594195883,1.8549463829046196,-2.7089770232514727,1.1059119006699432,1.0207208720685277,-0.7262971257036416,1.9510023508035101,0.5119248255440834,1.523809204884411,0.5798230852020217,1.7237559715238524,-0.015457903603459515,0.2953282980116401,-0.0005607610669189061,-0.2542449007206028,-0.22139158505189302
2017-08-07,-1.8195985082166828,-0.6483365923879376,1.4666271358491942,-0.3387039692766429,1.7657184300031303,0.9480457527953822,0.6600375447448424,-1.4726145734760874,-0.4339473009665906,1.08436718107663,0.6485965414548128,0.5085430746385952,-1.596352092910197,1.0891898764732588,-0.5249439802403072,0.26175447532602514,0.05946568479184333,-0.22139158505189302,-0.27490687832343425
2017-08-08,0.5139349944355824,-2.0122391648629274,0.8308724227641009,-0.7557307372572829,1.6407518642895649,2.612055106055345,-1.513769569820507,1.3637721079710123,-0.5253436518003094,1.1719440367355436,0.4888827265314254,-1.1955899907702952,-0.758942338510848,0.4938075810759884,-0.1475140359793429,0.21322753305496572,-0.1680129738058906,-0.27490687832343425,-0.026563952871500297
2017-08-09,-0.3636330547600454,-3.227038850155435,-0.8218390066970933,-1.1273840101826158,1.7223180505949098,1.110129873156051,0.12267535481830474,-0.9166772982663782,-0.12784610304568952,2.245374457904689,0.5388559808232721,-0.24660238671248336,-0.525635756188205,-0.33710200448812466,-0.9573990932553195,0.1568963021997947,0.34071347683485376,-0.026563952871500297,-0.617957771242533
2017-08-10,0.4927349542543375,-3.634516341404484,-1.5318177325850404,-1.505048373681394,1.483149505552236,-1.4417292326345472,1.5520407173783202,0.2736217241662668,-1.068814352389188,0.24129837304103877,0.41146604046599655,0.7270993798344932,-0.4570830624354094,-0.8096679261961368,-1.0674794569337764,-0.09319664177618776,-0.797817202054765,-0.617957771242533,-0.4218413972038944
2017-08-11,0.5154313595767527,-2.736539463805181,-2.031529827504805,-1.781783526682229,1.2713539643283207,-2.0812437663019705,-0.219384418063094,0.1665874112457039,-0.7932978019607281,-0.9808636301747079,0.890653206934021,0.6207264657584478,-0.6019877269016408,-0.5914867899962634,-1.6553772584513986,-0.2869772855235887,0.3852911330265703,-0.4218413972038944,-0.41236827188084507
2017-08-12,-1.5674227889930756,-1.341587068145562,-0.4490717972400475,-2.0599481403761164,0.8660780760717546,-0.17166249958383248,-1.255379133600037,-0.2771022109624254,1.2759861605228122,0.4173130772160893,0.5433752256145136,0.08744818907873077,-0.5806313136526228,-0.7179760460046397,0.31547787750798295,-0.37435762797820177,-0.07061572558236105,-0.41236827188084507,0.40802281246189687
2017-08-13,-0.9375135962277245,-0.15319013217207017,0.24028970340592595,-2.216720847589702,0.4540537251670585,1.7550984981089648,-0.1584644322408726,-0.27584814133155505,1.0836129455059973,0.8515741369903966,1.392789145211009,2.1768785336986336,0.4821022823298096,-1.9292791821821196,0.7799929554016527,-0.5023529912991874,2.0349065441893357,0.40802281246189687,-0.17561239173577683
2017-08-14,4.421517383764913,0.8315901573774223,0.10598697063953878,-2.4676581799437574,0.14424879970032578,1.6412509168375238,1.0963255432206145,0.9398850790779009,0.42040222764728036,-0.2804055072085795,1.0170477733353473,0.35102350255444353,-0.5674743275436626,-1.9089838687239167,-1.1158238511606973,-0.773977036589727,-1.8110162069945053,-0.17561239173577683,-0.4857332743410697
2017-08-15,-2.5315321850187775,1.5873883757097584,0.9242043906906949,-2.4715827327647273,-0.21101820128540186,-0.6815971286556912,0.3079379578540185,-1.22088911125667,-0.28517855262765424,-0.6350321506236135,-0.6169416230074828,-0.5814608336273358,-1.4399500082497492,-1.5972094242974149,-1.5614990886223514,-1.0657047943199567,-0.8228787061557733,-0.4857332743410697,-0.5240508295654274
2017-08-16,-0.8293458258906317,1.9903432150809173,0.41073265492859107,-2.36240950010927,-0.5050354407979227,-2.50930790170079,-1.8873350489411318,1.2246748400531033,-0.6589536683350218,-1.222614070821585,-0.32921192593202553,-0.0889581911294467,-1.1264835404334397,-0.784424633757473,-1.3420984940353373,-1.134428978278411,0.029135371043352277,-0.5240508295654274,0.27077283802335633
2017-08-17,1.5621364850960378,1.6929685434125288,0.48222211146623883,-2.181938509844505,-0.7738949326305236,-0.4054196229132455,1.6549528666858035,-0.9346424934270641,-0.5850979864875515,-2.1601277841867703,0.594452682068339,-0.3454791868176371,0.09873131524553168,-1.9874726479021159,0.47585715682646657,-1.0210306266973364,2.2492400283204685,0.27077283802335633,-0.31536830587146847
2017-08-18,-0.294402072381154,0.7478977467335624,1.299798159115765,-1.956952612770845,-1.0027550307268343,2.4225021478702757,2.0942542127805184,0.3370500727430112,0.4148358231520752,-0.2750180131371155,-0.17722891901283602,-1.0325344656059523,0.3167130727861553,0.040877947388691084,-0.4791263795640734,-1.0947764696005329,-1.5361277156618776,-0.31536830587146847,-0.5346765800835777
2017-08-19,0.41246972835064183,-0.11057705591407874,0.9805271674735324,-1.7351614780712659,-1.233217672758989,1.0559941902937968,-3.1547261563633193,0.35552274909452486,0.13676650373671362,-2.053426017938989,-1.2607273452562981,-0.24951928580639718,0.6464211485110489,0.26052699462799767,1.0720336148459735,-0.9154480796942516,-0.5777707367834307,-0.5346765800835777,-0.16657734190948345
2017-08-20,-1.936996403937655,-0.6452765607946861,-0.8866089237489186,-1.4754263933031517,-1.4181798368388572,-1.2801567153095503,-0.27235059798521305,-0.8732172238884497,0.08679526577168468,0.234472654616884,0.35460503919807873,2.0072923406876724,-0.09964769735527136,-0.7713131429051874,0.9651653098188121,-0.7443663967201991,0.9689109290007277,-0.16657734190948345,0.09090010425350373
2017-08-21,1.9739933661798794,-0.9643624751730445,-3.1827122356304005,-1.2058756722960826,-1.5558691888031657,-1.5512872201497083,2.4686302161410016,1.0462608534177287,0.6867290486105501,3.1862762302504013,1.4598265018449879,0.8468272359187542,-0.1137380071142764,-0.4865559081109489,0.143895466926962,-0.716594228604887,0.335667669396355,0.09090010425350373,-0.6046592675477902
2017-08-22,-0.3152721548554549,-1.0862801627154957,-2.347312420217988,-0.9418117781421106,-1.5677298667520703,1.1018618048083955,-0.42963982792702593,-0.7838429409868874,0.4952471436318694,0.45988708182399196,1.0013733765668211,-1.159467817342915,0.4050207798817076,0.8006428651500537,-1.1872567155768365,-0.7295829571044059,-1.1865286525866103,-0.6046592675477902,-0.3965416970698832
2017-08-23,-0.5859373338601735,-1.028584914933542,0.16697419932626317,-0.6624774348305014,-1.6370999472898946,1.151129517866804,-1.745432528462768,0.03860771060984225,-0.10934735811689592,0.2558203586392206,-1.422586794732988,-1.586503381710551,-1.2555126495058058,-0.6813616081797882,-1.5365238127476748,-0.6919697866273941,0.3018159976964763,-0.3965416970698832,-0.45093616899392247
2017-08-24,0.09014244526958032,-0.7118813463786846,1.7840408203308495,-0.44984495812072217,-1.7257897190679303,-1.3630616935315096,0.2422713604659588,0.5224688465577605,-0.4164992287883695,1.8990570809238994,-1.1041483766473894,-0.15869817703747138,-1.672965016483328,-1.0844082252626446,-0.8044199034942932,-0.5986096276968197,-0.1786697684201497,-0.45093616899392247,-0.3557245677685817
2017-08-25,0.19873092866023478,-0.15488195160369142,0.9385320998996072,0.7422949149024322,-0.2532613176530947,-1.374348791864055,0.9006571294376219,-1.3057117374650875,-0.5174954839220381,0.4444560227911502,0.2267066528988813,0.897571879481129,-0.35940889585125513,-0.08002403694949015,-0.5790486430362207,-0.7567324417471452,0.11220106886351727,-0.3557245677685817,-0.1271828289165192
2017-08-26,0.23197439136243778,0.4557413241861025,0.8993904465741553,0.9099970375078711,-0.1524952251633007,0.5213497845650293,-0.021992431604001085,1.2641227076558297,-0.6669821009051751,-0.9000089456386331,-0.41279549261855114,-1.0624779067294192,0.05338294436652148,-0.7024532848457956,-2.1115659884942897,-1.0855842706487573,0.4861785484134243,-0.1271828289165192,-0.7523672790249226
2017-08-27,-0.9005386246182464,0.14537457755135358,1.9398210365183135,1.054102318625139,-0.09227090083823614,1.500016092603256,-0.09317971644157237,-0.9706216940457235,-0.6951137341267747,-1.5419326982189203,-1.711389576119341,-2.2695648897245344,-0.21276515677073016,-0.8616419284625555,-0.9338483212416575,-1.1585348662332384,-0.8634075183728825,-0.7523672790249226,-0.5693984662632164
2017-08-28,0.7069202202780219,0.5164884187565622,-0.1698679310109858,1.1762388377769974,0.03901669320786781,0.4170441681521597,-1.150907396154128,0.4719958148607306,-0.2721201953879459,-0.4866607064526083,-0.8486214708346852,-0.3701116298657536,0.6505331517137716,-1.1474103336327979,0.4594987262591609,-0.8100325445363673,0.7662831673640218,-0.5693984662632164,-0.29284667244876533
2017-08-29,0.5319275563868009,0.6985030464409016,-1.985168328070478,1.2658323832622742,0.1675390281811381,-1.953334894279525,-0.07747808408997031,-0.16146220426689328,-0.10022742009760843,-0.24003090355898926,0.6828988689719784,1.7192716497922185,1.816566736648318,-0.9754782227995699,0.6598324581675629,-0.5514915456454512,0.3153657244348773,-0.29284667244876533,-0.4083712554743051
2017-08-30,-1.071641941007231,0.661637780577555,-0.8993712739211145,1.2360222128136753,0.2857012026549182,-1.7690171561507364,0.42105424065599134,0.10645223741429093,0.22474685096525412,0.24960099274668862,0.47110692881869415,0.45377081725405066,0.19048796566208734,0.6100731491693335,0.7491993334823359,-0.5234806298637236,0.03472662996288675,-0.4083712554743051,0.5558841128432574
2017-08-31,0.14732209938555693,0.4202101695948775,-0.7064158153411721,1.2593333358269296,0.37954886912915403,0.9309434217859001,-0.6463312228415815,-0.13439027265464643,0.15190096864520802,0.22902891399452827,0.006555463667420707,-0.702332873272954,-0.4116362055785625,0.3153712982246112,-0.3404323167267269,-0.5138092077120127,0.8317544477993317,0.5558841128432574,-0.5362486455851724
2017-09-01,1.3869059817503686,0.04615234932739014,-0.5278185492129267,1.2450744606479738,0.4820910326426698,3.393274612462403,2.0578953172954844,0.1052069176316217,-0.5224957351612722,0.4657537652362983,-1.1084504486391706,-1.3503472416443973,1.2886552144760692,-0.6537355460092115,0.2959381085445592,-0.6573005382488829,-1.2071259102683427,-0.5362486455851724,-0.6733882423240956
2017-09-02,-1.4181110383524416,-0.23637573140545323,0.6761323501424286,1.1861075471886737,0.5447486573493378,0.6062559380893356,0.2525623985372897,-0.03629363136618375,-0.8672041919380419,-0.34835906218688484,-1.647095536781009,-0.9289081333238759,1.4665464932509553,-0.14862069894350174,-1.2176230117347038,-0.9698596911465289,-0.5544725201417062,-0.6733882423240956,-0.618536538535229
2017-09-03,-0.25402279962799457,-0.36342582197149953,0.0018748778470991205,1.1013553646410852,0.5727089582631328,-3.397364737221762,-2.5850384363653394,0.07667970348163977,-0.6470293408068875,-0.26360287688714185,-0.9401273292975438,-0.5274424243285682,1.2370484250193103,0.24704564722629563,-0.7195658142791715,-1.0938717293693674,0.24950022647097514,-0.618536538535229,-0.4559183521733951
2017-09-04,1.3054013770809099,-0.25686482523737336,0.8144040370922289,0.9205352229520338,0.5657339136772522,-2.2150603413132472,-0.009092959209565628,-0.4370885889324832,-0.3041188504097329,-0.4380397693652167,-0.05524717726437978,-0.1716751620537161,1.5974420055811056,-1.1367895917673734,-0.26081093809478934,-0.854209740739324,0.34468184338475427,-0.4559183521733951,-0.5060057696117748
2017-09-05,-0.41082315179753465,0.10790347293307263,1.629437752051992,0.8010800091825566,0.5445032110677629,1.3798457756385345,1.8246523046140084,1.0436469737722298,0.250394292663605,-0.5835553446600596,-0.9349957870717082,-0.5845475828616208,0.06355477085528874,-0.49561121175596784,-1.6762088747319404,-0.8468868373514562,-0.4736838650024534,-0.5060057696117748,-0.6588788276752315
2017-09-06,-0.6207447109358334,0.5992262339347754,0.8417331327062784,0.626007574571146,0.48492656876835455,2.6109976752698856,-0.5865090700613318,-1.5438852061548443,1.1335498891488216,-1.5693803034777105,-0.19757585711327527,-0.36677678423228305,-0.26402880437562387,0.7920563883887264,-0.6248860347771659,-0.8758069852442575,-0.16374605301762488,-0.6588788276752315,-0.31410280705529975
2017-09-07,0.46149987839812656,0.9476828087224527,-0.08595703789191673,0.20146451695564002,0.40771702973190604,0.36218383885799543,-0.36403102194319353,1.6444906421026138,2.2979351480256716,-1.7489908451769904,-0.479987958413401,-0.18667192509692096,1.4319145258971346,0.3775491304909331,-0.20546624402797442,-0.7915309914937306,0.9581679982118343,-0.31410280705529975,0.17642714380371022
2017-09-08,0.5813775613493946,1.045795476982171,-0.3196872832219085,-0.06100280202831455,0.2945017511158028,-1.114554793640574,2.6037175595967184,-1.2124452284018912,3.821388717095362,0.3887686421358981,2.054383359228767,0.8859729856524022,1.6673747765529743,0.8416077182240566,1.0099324608467595,-0.3552927176815256,0.9839352077766372,0.17642714380371022,1.1509167002436889
2017-09-09,-0.529648152156391,0.9536094023612964,-0.9911726221027936,-0.2795850297466744,0.1512192769072463,-0.7002910590166892,-0.7153499205433466,0.5503590455818961,3.287945323027136,1.5456901625443733,0.8004564140275351,0.6836996491282328,0.28257915546234447,1.825611417928597,3.25971448227864,0.4269737806256633,2.577762725223574,1.1509167002436889,0.07120373392920426
2017-09-10,-1.1596719281617651,0.5593926832629362,-1.1818873782581276,-0.4341232342102699,-0.022813101106537732,-0.284241953414886,-3.1596056363131253,-0.148722929489333,2.601006830005464,2.827919138474666,0.5928540496216365,1.6271633985968854,-0.04435642568365615,0.3710724849780294,1.6125786278485748,0.5969303047265797,-1.505834119370317,0.07120373392920426,-0.1150316130278486
2017-09-11,1.1172983987675547,-0.12751654436515483,-0.15816176448442365,-0.5751389143107205,-0.18073334007509861,0.09185214737104445,1.925535792146245,0.05768584891615908,2.6544061450424477,1.1054081697573173,0.47821626783551635,0.3321539877358528,0.05146337513705478,-0.6493368676788723,0.22632080260424595,0.48422200467425064,-0.4333867354333511,-0.1150316130278486,-0.04846478663533527
2017-09-12,0.05466172781736264,-1.047313405155919,0.5022523540478224,-0.6872023459193174,-0.3933358045853881,0.6728049407822894,1.2113194575907955,-0.12702368794390767,1.9598897950732725,0.18549683868717137,-1.0943540517695318,-0.09180119406844876,-0.07056568842489791,-0.688265214514658,-1.588143689873529,0.05856266846826254,0.10176697957609313,-0.04846478663533527,-0.4797215727887011
2017-09-13,-0.7166465963790597,-1.783342830886465,-0.5197648552176883,-0.7822718767537962,-0.5010863640153507,0.8701175101418124,-1.969267287166706,0.18478926004398838,1.0902471627611698,-1.4549475477349068,-0.2703469709935873,-0.7790394558680704,0.05864414931354137,-0.7864943117311624,-0.5528757530033614,0.015940616704895546,-0.6669007466517793,-0.4797215727887011,-0.20342794165504824
2017-09-14,0.4152168901516639,-1.9489045725031633,-0.9964845732998309,-0.8945682590093479,-0.6148404221031748,-0.23732925940252,-0.6192843016147819,-0.05737029087608717,0.6238210709229803,-1.3320324179874319,0.13709973609662193,-0.6925364268388973,-0.17471165134161737,-2.9172086794375796,-0.08094127985317356,-0.0416942820840643,0.1266298840961701,-0.20342794165504824,-0.5382021892672196
2017-09-15,-0.2119638595305197,-1.6959938344417795,0.43958546158624284,-1.0954672779472212,-0.5418875428515001,-1.3423944445812084,0.7764232090421833,-0.273165319987908,1.2520634637314312,0.16562805522784171,-1.122983869420076,-0.31836485063706943,-1.0152384963663594,0.2628647718223803,-0.5895060940003862,-0.0012545208393399331,-0.17262700194360267,-0.5382021892672196,-0.31490890568275265
2017-09-16,0.2873803572526108,-1.2249301664772427,0.13627294452151445,-1.127912907668816,-0.5315582751566387,-0.6607107009503296,1.0403796188362733,0.4995511196752357,1.2135499143239594,2.3474101853518414,-0.15741463915225873,-1.165876827325036,-0.7030152968452548,1.4676300177876538,1.870303603491221,0.3319299793829766,0.4274241597180865,-0.31490890568275265,-0.5022146660659409
2017-09-17,-0.29486811993736955,-0.48664672439764695,-0.64723853628495,-1.1180774118061836,-0.5086006387738997,0.733992344339524,-1.1729003078638907,-0.26817314328438385,-0.29605635716536083,1.1908575524644902,-0.07116236293734707,-0.006072519003238122,-0.5186997986586804,-0.5677040293611829,-0.09838142874504607,0.3710653837107391,-0.41782368728980557,-0.5022146660659409,-0.24868808842723072
2017-09-18,0.4141955892156716,0.531093085347282,-0.7973372226126264,-1.133687670925533,-0.4689154798946016,1.2222568442329005,-0.5777328285860027,-0.13724646572043683,-0.8651470992653416,0.4341954178581318,-0.126437671310089,-0.5224839239593766,-1.2996264554592496,-1.0652319170885345,0.7035330399861602,0.6628030807385081,0.7922147049290321,-0.24868808842723072,-0.4858677990323658
2017-09-19,-0.6981655753139867,1.7393439851264294,0.28398816240718805,-1.1288987416795055,-0.4185886306716254,0.2276971478107346,1.2079926014582398,0.29842572407398704,-0.38937352751188775,-1.3951752616840778,-1.047965923785195,-1.157716182511615,-1.9120553359622232,-0.14898039650001385,-0.5884261004795738,0.7583538117554494,-0.6248518433029463,-0.4858677990323658,-0.6034365960181662
2017-09-20,0.7928422020680813,2.6322265145422237,2.1250433174803276,-1.1866177176817205,-0.3667906104708349,-1.0448217190813678,-0.7196344231756504,0.0894857274822519,0.13277736977684526,-2.3999307758843673,-0.8542490234617602,0.27108984517809614,2.1567936921854156,0.6614474428465145,1.1011406317223134,0.9932942442676549,0.10102254473195023,-0.6034365960181662,-0.6435573714774008
2017-09-21,-0.6838103012699759,2.7836051989155495,0.9454036222378327,-0.8928784311965738,-0.31974429336084675,-1.2559700023369407,-0.6953022668182409,-1.1767942541735494,1.2739675965923523,-1.8479603294389728,-0.3478256593247856,0.2805525092482616,3.1168682605217,0.7330192444256475,2.1886363868658916,1.2318751930170448,-0.3635983942983352,-0.6435573714774008,-0.6179692492209082
2017-09-22,0.714368331093856,2.281225221003914,0.27034210926949254,-0.6611180749555322,-0.23226869196736524,0.10713735423319028,1.588192995095766,2.5558427562680865,3.334877896539366,0.1126512699149928,0.47580181601120175,0.36530930502101266,1.8235346734799562,2.208816952854339,-0.14069275956740082,0.5610963599064139,-0.08043188290777029,-0.6179692492209082,-0.37095802231625336
2017-09-23,-0.7568963022549122,1.5565774241012382,0.3170418749312071,-0.3449890447122085,-0.09951144395167559,1.6869164348113788,0.02913108467703481,-3.334803919958602,3.10853588723536,1.5723498381403884,0.9985021360083198,0.2053794627209488,0.7657321256379086,1.7189681333844014,0.6509288608304719,0.4322684820507373,0.6469050164164452,-0.37095802231625336,-0.31149980050515486
2017-09-24,0.5566303431181887,0.5701866703310662,-2.0459246613622377,-0.06895710362748075,0.01616733965567607,0.6979271267787235,-1.3259460708414688,3.0949099260995143,1.668300468493034,1.8528655541789927,0.836370813300843,-0.21512382847320605,0.21616080550437705,0.183035242248801,-0.4499154931635811,0.28400491708249975,-0.07477063351505431,-0.31149980050515486,-0.6284782806145238
2017-09-25,0.0670505556415388,-0.2225163401678966,-0.9831106722486894,0.10798161384964095,0.1524279619510259,-0.5071016523960133,0.0024153092996054243,-2.162961190960505,0.6678563561932218,2.579367824154205,0.6895479163170511,0.45258018121443233,-0.5001141009244311,1.387723847696804,0.10622159718837097,0.706273755314204,-1.003471956001089,-0.6284782806145238,-0.8737077966893213
2017-09-26,-0.8853526145454075,-0.8573571627133041,0.4939261235665137,0.2589967011279147,0.6274669488776351,-1.102930410270568,-0.12928185060618166,0.4054295072830927,-0.4672982287885516,3.7019653375848907,-0.13214361051116622,-0.07849325800802685,-1.276536405506284,1.435242832485717,-0.2004989690894801,0.8632480627723937,0.002409866348912843,-0.8737077966893213,-1.0103421823044523
2017-09-27,0.9406832197531307,-1.4283260820331738,0.8167035531887568,0.24690665890048843,0.7711313973788483,0.09579222143757825,1.150197535157472,0.13424355659564186,-0.8734182394273887,4.465705953369545,1.4143994482943514,1.083319734760952,-0.5155554511052427,-1.002783393151183,-0.050421451298569515,0.9567066184882507,0.3565029514622969,-1.0103421823044523,-1.076173704663486
2017-09-28,-0.7140102936605235,-1.8163331122586641,0.9491874235322773,0.25044909078024297,0.9304987559774962,0.08893597638357408,0.14209989774578166,-0.34269492340531604,-0.7606278068480765,0.7222255292114016,-0.19972805637074725,-0.2602183960725279,2.797433014095184,-0.8929342868318009,-1.334814234284441,0.8048609484250703,-0.8169623661189754,-1.076173704663486,0.48295268042152717
2017-09-29,-0.4735991202767358,-2.436205670071659,-0.8234950270445439,0.21984157781665298,1.022861190103165,-0.5326120768880004,-0.4709115682618792,0.6405037576195656,-0.9090032184941451,0.2929017447508584,-0.0852199608344419,-0.04350189593259251,2.3620621372408372,-1.8305436844746135,0.9988620725485532,0.6033275567510454,4.280195197071136,0.48295268042152717,0.320557661366177
2017-09-30,0.5754437569448223,-2.8212393343231863,-0.44663869726428707,0.1826532588057562,1.0667459885563502,-0.20050668001594968,-0.28347127726625065,-1.5863358797906322,-0.8979100763040464,0.30821550803227715,0.41579067603198516,1.1049692888851677,1.149199265873322,-0.9978416259183768,-0.08802648292170837,0.5370284176692496,-0.5167963530002181,0.320557661366177,0.020579865873299293
2017-10-01,0.48561775295296633,-2.456616432243887,0.6105455628542965,0.13942010741887204,1.0649783204469139,0.7429557121422321,-0.619552079763512,3.586580546805524,-0.3630580291779745,0.6960672869182889,-0.060883786975682815,1.3266075906255297,-0.12781713387051777,1.2704520674374806,4.42453842222962,1.0596799236208028,-0.3586657312830027,0.020579865873299293,-0.567757484963179
2017-10-02,-0.8333306191822453,-1.983795699722305,0.41244233452985757,0.08751389546617076,0.9828902086325807,1.2041933312375084,1.034636159959043,-6.177492600524267,0.24023840674320723,1.0187394306201658,0.007321541617379325,1.5531323390342766,-0.2534415526252056,1.1621658757989177,-0.6036892575470569,0.9732648818122088,-1.0860131678974076,-0.567757484963179,1.670989313569669
2017-10-03,-0.18430790471430067,-1.5080287670330084,0.7934158725824086,0.01972694590928861,0.8912241171264685,-0.13902638129972153,0.666757734322183,7.997347582069701,0.09943955918079908,0.641860444513346,0.9136868270021802,-0.5479548271681529,-0.6888931788151041,-0.15401530349726517,2.364823166539812,1.1421609210236423,4.322115091204534,1.670989313569669,0.9737097762598382
2017-10-04,1.2794729241835903,-0.9917282570007544,0.10015554148807619,-0.08157742195322705,0.7162236314357997,-1.099103904982875,-0.17645140707903492,-5.778202845642437,-0.07907851748272494,0.9888593748423424,0.7439615703738237,-1.2530835165177847,0.6654830570199246,-2.7849414164362996,1.5440940981193538,0.9793890219418157,-1.3362517116874457,0.9737097762598382,1.697498156481787
2017-10-05,-0.05039580649901358,-0.33750348185737367,-1.8808877629940424,-0.1831531692264602,0.5465055877295325,-1.3007098585714212,-1.5890100242511689,2.7257606421380927,-0.33092818038940675,3.0888909465889705,0.3945672555572868,2.0953669458648636,0.1673337052111731,-3.8547179314128086,6.494341000964722,2.1738870247777444,1.7300559086101015,1.697498156481787,0.04580833049741912
2017-10-06,-1.5891023430743956,0.5049185768937521,-2.058585423607424,-0.22484169689039665,0.3632014409086382,-0.4060261290117633,0.16147804794867007,-0.6862304344918378,0.2224858639238636,3.967094695942555,3.056631089114973,5.268010711472946,-0.5235035230737438,-0.24123806388909327,0.3178162224969756,1.9475701806097132,-2.4370092874486913,0.04580833049741912,-0.3027004500108099
2017-10-07,0.5731961014558116,1.3427971348320331,-3.075477686551601,-0.3421445104886639,0.19771148583991582,0.8731530719093236,1.8948974207105906,-0.8006649538336551,0.9338203175964066,0.9966761126041948,2.222099681527494,0.5777874022509041,-1.6083079277464323,3.013225347211682,0.7694758938889091,2.003303543031427,-0.8884673700166213,-0.3027004500108099,-0.5485070280331207
2017-10-08,1.299855291509515,1.7559873727456783,-0.40839975859367933,-0.6103494335184017,-0.0007038746050775718,2.2989919472098355,-0.7058471472692367,1.9653974380185633,0.5374864048550306,-0.5652825522199444,-2.368736292128693,-1.1898916421136743,0.4835931826206706,-0.2795978433060888,-1.8335298672995233,1.7489916697627832,-0.9370407656690853,-0.5485070280331207,-0.726842181842992
2017-10-09,-0.846916016566968,1.7463400729087335,1.847718293878281,-0.6882042508273883,-0.30549358247771574,1.5528422648171758,-0.4041587212820769,-2.0780965991852196,0.4907163319106048,-1.1885655261292967,-3.4427723828231933,-1.5890245662325566,1.1141853573061513,-2.6752881239809003,-0.988423494653325,1.5903771050713893,-0.06855386061340382,-0.726842181842992,-0.20531872905960136
2017-10-10,-0.1349329595570289,1.6388112489750501,1.4183724832861255,-0.6896941699788665,-0.521244550662204,-2.229937290888246,-0.2604813684484686,1.5178784685592976,0.7610005074804715,-0.6165674054638318,-1.4639946001415305,-1.1438469387093149,0.9506303213009988,0.18974709215150123,-0.4577414548845085,1.4435167797742376,1.7465302521098685,-0.20531872905960136,0.12470997590538768
2017-10-11,-0.4164325902247158,1.5673188036305774,0.891240160240097,-0.6620648783951646,-0.7413201907826695,-5.667803496540218,1.015533683497594,-1.3068834035254535,0.689448061574883,-0.24831414345211386,-1.0697605240759327,0.12222123684192976,2.581425721223015,0.3358215911508018,-0.4772963706753041,1.6081004182119416,0.4221339898251327,0.12470997590538768,0.37706555304057465
2017-10-12,1.7032770698216217,1.5114505260147957,-0.07285985311648195,-0.6930014345946411,-0.9397439933323494,0.09636421587753422,0.20796520150573672,1.5089871386980132,0.7002474444465872,0.16736295882343138,-1.914254157642801,-0.8814277001560062,1.065065004442712,0.8125922042700042,0.4285369320156366,1.5542152522383665,0.26485802241859824,0.37706555304057465,-1.026017152639317
2017-10-13,-1.8985800703033524,1.4452322472481487,0.014867197998520812,-0.6384253979152638,-1.1278256609693993,3.601003328890108,-1.53569762447894,-1.9490374915542978,0.40302500728150975,0.07252589237216778,-1.2320869400542804,-1.8688514796824252,-0.42438023339716013,1.0042162278300686,-1.7456111712258815,1.2852649066769037,-2.215121009078855,-1.026017152639317,-0.8511018471520154
2017-10-14,0.1282598173877918,1.2907755777848013,-0.4162437851741666,-0.5854780907814234,-1.2834609034528819,1.5663343572830224,0.31415579928116477,1.7428920528838945,-0.4972890755002016,-1.0072495888752147,-1.7814458433753952,-0.8282266704625402,-0.9048695997487659,-0.145581324324989,-1.5136580612236112,0.40144740799781864,0.185107252927706,-0.8511018471520154,-1.0059752314872614
2017-10-15,0.7412775651482026,0.9347727174906566,-1.247554266326957,-0.529357724267042,-1.4435767420187942,-1.432924154009943,0.949977206212223,-1.1228505544317502,-0.8288307900101884,-1.1431487019078928,-0.6675516563610102,-0.32701599151301786,-0.2926601000280969,-1.1335740302321484,-1.5261662898363082,0.23992921758980582,-0.1309536262631281,-1.0059752314872614,-1.0920929689385592
2017-10-16,-0.3990156282379444,0.4760007663662673,-0.7528127735061342,-0.34491224354126143,-1.5967049799829018,-1.0469089385410246,-0.24991094619278179,0.9383127971658498,-0.7716505858945789,-0.011314253623372367,-1.0690482857340062,-1.456987888747496,0.5125854910122216,0.06470545803950441,-1.5576417471493509,-0.4201727998513093,-0.42834185365316896,-1.0920929689385592,-1.1866428583345972
2017-10-17,-0.5320506363792754,0.039589687038312504,0.4808143241218125,-0.2758027566664664,-1.6870356744929018,0.4320780597801243,-0.812424992842988,-1.1761088456394238,-1.051866476143851,0.08464751228629262,-1.011418558627858,-1.385314141065608,0.6249935913682119,0.46757693926326926,-1.7714259548834725,-0.9047644827538267,-0.24803281810882574,-1.1866428583345972,-1.1183707335781936
2017-10-18,0.9596024666837027,-0.4290917957368222,0.8372148070756876,-0.1798110977897512,-1.790755141112082,0.12626677229132963,0.7229559381933249,1.9676144928275785,-1.9490837647091643,-0.3118615788026306,-0.41262426402331526,-1.5109339523229812,-0.8415313008368158,0.6231686519797439,-2.035161554796174,-2.1751619275894494,-0.2648228234876255,-1.1183707335781936,-1.5386184966511882
2017-10-19,-0.9992131625951843,-0.8220563491079992,0.23358510602675486,-0.10525891580085213,-1.7990244365089165,-0.6662543526190184,-0.3332627628633699,-2.5821953447212525,-2.3719952622954845,-0.26737311492618476,-0.8093289462365814,-0.27555613371067245,-0.047241956656455156,2.197101211574805,-2.5070821403149273,-2.842351697433231,-0.19599099551480037,-1.5386184966511882,-1.2998462361142202
2017-10-20,0.4930651714970934,-1.1798388578148036,0.08147576060549723,0.01680919239488908,-1.7521287026230203,0.17362649403943875,-0.43775153399435185,2.5613254404345756,-2.177607897061994,0.10940503150044152,0.07271069878269819,0.32341162606767454,-0.5517163755384329,1.7256271767217097,-2.2931618349047302,-3.309084048503065,0.9643262785140448,-1.2998462361142202,-1.5030161383207459
2017-10-21,-0.40383687361481363,-1.4884918244344754,0.6179664154724491,0.15226554112024154,-1.6225596827344042,1.037736488180265,0.901696252652897,-2.086869745876588,-1.9337590325931049,0.6516043009804107,0.390132193067082,-0.6069817342134936,-0.3728648183498571,0.9140783165063864,-1.1299544769981857,-3.0917042096625047,-0.44399318584278097,-1.5030161383207459,-1.22160080975896
2017-10-22,0.17216116982077737,-1.6827242257480468,-0.0019937103869019208,0.5059153255089436,-1.4092267074537528,0.1910567602584,-0.2886976723216359,0.9590838976949183,-2.3365397872200893,0.1369515779262607,-0.2584670003348441,-0.15674751444977708,0.3017019451638614,-0.4409303342567562,3.1491787256141066,-2.5308160780520477,0.08713106642950424,-1.22160080975896,-0.9345111075675253
2017-10-23,0.9610799535469173,-1.7005626604849444,-1.0901483357753448,0.7191395484369592,-1.1222469532947958,-0.5773149684250565,0.03776025973087421,0.31518682889757704,-2.5495815373588298,0.528907510141962,0.782833703592729,0.06528345666034988,-0.8868193329623625,-1.0790620098381967,0.14709816827560399,-2.833599414676778,0.7556277342470067,-0.9345111075675253,-1.460336664308892
2017-10-24,-1.5787231877827224,-1.5650652150440685,-1.107031960199895,0.9560165988185477,-0.8712588242913704,-0.2853620230086944,0.68706852992292,-1.1647475786743033,-2.0728250961070334,0.7154132946882947,0.5252889300971807,0.8212238350372771,-2.578446930516608,0.2849429096994318,-1.3428027608094546,-3.241830329552597,-0.5326328055195353,-1.460336664308892,-1.5965732843552305
2017-10-25,0.28604381460191663,-1.172733312938467,0.06512703317766105,1.1867727380146138,-0.6203467755783817,0.036532805645344835,-1.258371144004998,1.9169124711933279,-1.2386613940984188,1.2213863773210483,0.3079806919963432,1.5309267603917878,-2.4716208876488497,0.5914230640605712,-0.7244009722092796,-3.354432195841343,-0.673242687326781,-1.5965732843552305,-2.0047100032544822
2017-10-26,0.906061680522406,-0.49110551649482975,-0.4372223872046188,1.3024865451489684,-0.40341383967052674,-0.3951109197614498,-0.1096485830849022,-2.510890911358914,-0.42553675428603954,1.9383606349777263,0.4288139710840039,1.3671265338840888,-0.09554669195742678,-0.8538647098700142,-0.806832255745111,-2.9464566730531705,0.358545098576407,-2.0047100032544822,-1.8507176897171211
2017-10-27,-0.5295512646230585,0.09275147501002691,-0.09814701748603344,1.2165872044052137,-0.15400550134821422,-0.1652699925892344,1.3024608680884675,2.260996284103088,0.061262355159746186,1.7741479441187609,-0.49558908591949663,-0.02706916260276238,1.2817049197845538,0.30255113512438325,1.8934005109997063,-2.4925680729828206,0.2747728599437433,-1.8507176897171211,-1.8755334127348335
2017-10-28,-0.535090304921069,0.40278292117105585,1.9486875251483935,0.22913190625934754,-1.2482534497960278,0.5927897969023967,-0.8515895323818689,-1.255523510480303,0.16570466093940042,0.46898347713992045,-1.6913603394800125,-0.23040573981501083,0.3746434811119688,0.2879900476152683,1.0275020007830775,-2.0034208738230292,0.09994856214117048,-1.8755334127348335,-1.7780209040092325
2017-10-29,0.8881491745607168,0.5306970438715177,-0.5997216580325239,0.10295452368543556,-1.119783315270242,0.9331376007671938,0.3456877427734026,0.6471701582723567,0.6559879847979831,0.40878693795434284,-0.010598300598113154,-0.4743472595632487,-0.4479702650078382,-2.098744543912646,-0.8252753194164232,-1.6697931604156193,-0.11435531587199292,-1.7780209040092325,1.0266953145438174
2017-10-30,0.5060019466320849,0.25267042685307506,-2.1911778392453582,-0.002919546150542899,-0.9843484584538109,0.25592211697548634,-0.03766679076278739,-0.05326643095906013,1.9302636774688533,-0.12646120755820536,0.5467935349790952,-1.096082116239658,-1.0313303615340204,-0.5716380169891614,-0.5052714099694241,-1.283140705803303,2.521220131467788,1.0266953145438174,-0.9378504118981541
2017-10-31,-0.9993682824930652,0.10781767554091545,-0.0051218254715810685,-0.09423628048515523,-0.7927561417159538,-0.634821114638907,-1.46633296536071,-0.574125540406671,2.010790939747699,-0.07340628128176092,-2.272498186247013,-1.2470561714321462,-0.7489146272619076,-0.6241108026965869,-1.1447099267150123,-1.1419757649680717,-2.0390068714341862,-0.9378504118981541,-0.9193987493524824
2017-11-01,-0.1700221650278863,-0.05007265369215892,1.1767756101307016,-0.16961725368645061,-0.5412653714521064,-0.6150359249310962,1.0102514135438396,1.3396369194706752,0.746803282413592,-0.808815301688279,-2.235844102193877,-1.2517658987835145,-0.9413768150509307,-0.28669285510656684,-0.7810137246374771,-0.9362365038460608,0.15033931027112044,-0.9193987493524824,-1.2783421126023702
2017-11-02,1.5912290021573046,-0.19167696357566139,1.5209346142474338,-0.15788781587308426,-0.20519553838634788,0.11302434803694258,0.3623963481952837,-2.289900501605697,0.12991711982787804,-0.9573806092655726,-2.125326567601502,-1.894262211876349,-0.05963988217268472,-0.5677690624286068,-1.180072133799301,-0.8944055881730806,-0.1252383718317843,-1.2783421126023702,-1.3436598891265046
2017-11-03,-1.4426913141927808,-0.23808338646617414,0.32336103845995146,-0.19485786265665297,0.1923021523474254,0.5681052606104554,0.01889714147696344,3.130499341450973,-0.4419760430550474,-0.3811814541194816,-1.902742568880603,-0.9790046699261586,0.5002177786542807,-1.235982215226474,-0.30092162976801523,-0.7748316457805047,-0.49683171751151434,-1.3436598891265046,-0.8187735677144592
2017-11-04,0.44900011553437286,-0.1808260642135708,-0.3205854274647489,-0.2770464316918413,0.590389468499976,0.2584477298459677,1.5662793026519604,-3.519190327428539,-0.02994835219005295,0.1184952443413325,-0.8191982409682186,-0.35950024987469564,-0.29076621947491027,-0.44745759295968435,-0.07687604912521821,-1.2578492817125548,0.26705328684652285,-0.8187735677144592,-0.7808137936749578
2017-11-05,0.4336968374903948,-0.07602021605633166,-0.9538484729441743,-0.2695054296949319,0.8732100965305322,-0.20117569814610375,-1.6602826479979242,3.203235012756339,0.33252445513759094,0.11422591281215784,0.2318955108806616,1.0217426511025316,-0.1778014692094024,0.9746915039214006,0.08901993241072162,-1.2731940238655313,0.26281922685005776,-0.7808137936749578,-1.4530135394385306
2017-11-06,0.08180548290634176,0.05901149547538047,-1.7725877827211438,-0.2575673649074635,1.212117569008607,-0.3383013058555452,-0.9451574572868227,-2.3455963589550386,0.06873175094416285,0.5728498238457582,0.6854839575743321,0.2338957469469841,0.6590360607330606,0.6286617569230395,0.5768216837808783,-1.037713506673082,-0.3781316261865045,-1.4530135394385306,-0.8309296652574549
2017-11-07,-0.3782670901306265,0.27652460860447936,0.13941780521856645,-0.2653978561716724,1.4480619825923406,-0.15293465170652296,0.854926781392879,1.4929977239510417,-0.003204146793376197,-0.01600029850457313,-0.8875812328261501,0.08327518365399969,-0.24148777608564065,-0.33333798984246205,-0.22731692447887802,-1.0095482451383133,0.13142760970714767,-0.8309296652574549,-1.0040808361786864
2017-11-08,-0.45369733146765834,0.458406316470502,3.6351460375224254,-0.21680948709686154,1.5907863588475506,-0.047748132374375286,1.5001201417422263,-0.7357435840046833,0.1951084431312366,0.2554727864989244,-1.6857257513538262,-0.4786584670055495,-0.964819007666325,-0.4886247076700228,-0.8026521103040314,-0.9569807100860737,-0.7334008395000966,-1.0040808361786864,-0.00023298438227529778
2017-11-09,0.8993328216123206,0.5553010435485068,1.6197336484889462,-0.2507285290803318,1.4959348928365672,0.2491314064946487,-0.013501647214199431,-0.04791316597184249,0.0075968427157363195,1.3800146994659281,-0.37766133902209703,0.593102400592756,-0.41603845831124586,-0.2197414298286748,-0.23314622058185042,-1.0968111062337274,1.4353558223413359,-0.00023298438227529778,0.06901954453764472
2017-11-10,0.4200992139539437,0.642906760626828,-1.204490116899188,-0.21654015147918615,1.4438888085219916,0.27696550039330065,-0.7012844528876326,0.9267126792300713,-0.22767271446452236,2.2272235052469247,0.02139242957731053,1.20609147037865,-0.5114970965407958,-0.3633890489869767,-0.1365191727693568,-1.3183011647474263,0.14187968998119374,0.06901954453764472,0.6235619489168954
2017-11-11,-2.1411725733998552,0.6553761290244836,-1.2956140201473645,-0.11096675385565655,1.5043260124620819,-0.214506904726117,-0.6752203021241077,-1.583609707046485,0.2712728060025652,2.1474729733018054,0.2407540196973278,0.9592042293475829,-0.4714244906698414,-0.007579793042152495,-0.25000770014979373,-1.2432705181908081,0.5130108567270721,0.6235619489168954,-0.4305399030382402
2017-11-12,0.6880706590815266,0.6653354003388908,0.14704497895581972,0.00866195363462458,1.549762157683489,-0.10446509944220052,-0.1793506820640105,2.0138616459014536,-0.04866150365054103,1.6553197263666894,-0.014548257071719589,0.3058670747004856,-0.7742088159125781,-0.874908964956561,0.06614835386592743,-1.084693522730065,-1.831729330050492,-0.4305399030382402,-0.6633084474600869
2017-11-13,1.5176229038425293,0.6252083283787366,1.1700191322561668,0.11444593311211503,1.6078385853332473,0.36298209571443935,1.2980636590579713,-2.4189494351043646,-0.5491503975922242,2.837380609922023,-0.7228051346868848,0.5002297532531241,0.09199119130084671,-0.9244951111672751,-1.3574234143061548,-1.1293687405301396,-0.35199983515437205,-0.6633084474600869,-1.088480488418746
2017-11-14,-1.442623696239604,0.5523731472149183,-0.02705217655472428,0.24344955232017595,1.6581040069912274,-0.07305910628707514,-0.5550168181959764,2.6760563321465147,-0.8902001911822025,3.4372234943841455,0.667643273195764,1.8390380220866964,0.41499013794181877,0.6490269258136538,-0.8920686785211575,-1.1356896720600713,-0.8599615201456016,-1.088480488418746,-1.4226480718401449
2017-11-15,-0.1910686547901591,0.4190964788995854,-1.3296511580147476,0.3730905447375017,1.6953257293383879,-0.7612741424060085,-0.28601062827510787,-2.1208717923591935,0.5584078315579635,3.0040311675364855,2.8552520925029867,2.0986808047441032,-0.10456437772750606,0.5512823283916999,0.31644771872821764,-0.8264965724811171,0.024903873951231576,-1.4226480718401449,0.9695431612834086
2017-11-16,-0.27554685892070163,0.14918206738857395,-0.4129961117822773,0.4811459734114949,1.714396590712141,-0.04497645570761702,0.3076462956162906,0.8600093895720331,3.4871712279955767,1.516456738693109,1.4682796360989887,1.599985501257655,-0.5892508492021858,0.19553202163269046,0.5874976378042438,-0.6383469236571722,2.4043179661374365,0.9695431612834086,1.5148984005005282
2017-11-17,1.73804753233141,-0.20600862461949546,-0.32411024201623,0.6017696850707543,1.8634127258431643,1.04999758134928,-0.43328664149866364,-0.0651988514224038,3.6620596177963436,0.5182099598336227,0.6800637465007587,0.8776450818962347,0.2717205808750198,0.3289947041961428,-0.01577724485911294,-0.6102167637571884,0.42262750575554453,1.5148984005005282,2.0687171622676392
2017-11-18,-1.8394532415961469,-0.5462665423095038,-0.422378827026315,0.6696088654978531,1.7540693502635287,0.8811056438529861,-0.15462004359562148,-0.1927847952022496,3.305240445454148,-0.33073970247088785,0.987249635003405,0.40506117552222437,1.4240507357372285,0.31788811426488267,-0.36175527878352787,-0.6304012966024156,-8.40176408400386e-05,2.0687171622676392,1.2116500920751168
2017-11-19,0.39440792359103655,-0.7446349141091718,0.6957044311158388,0.6799332921507419,1.6790402291947084,-0.938831692854709,0.17917626391625618,-0.04520303991509063,2.7715882016050184,0.3282800495841939,-0.33118298466872614,-0.07764984251381524,0.7462008937560183,-1.0574071607070266,-1.4650054286885243,-0.9469884863118291,-1.505559480244236,1.2116500920751168,1.3582088835705337
2017-11-20,0.8394591753611689,-0.7455212735692575,-0.19746111815365266,0.6486233223201335,1.4835350036199202,-1.1635510729828653,0.9631888173332511,1.130732002571018,2.054410170112434,0.839138247368831,-1.1442653189147047,-0.21192859470453174,-0.7748398879169366,-1.3249584784625088,-0.7175133250310483,-0.9482842633758518,-0.21899307180013186,1.3582088835705337,1.2956690266878115
2017-11-21,-0.7509610814090089,-0.6804052116945706,-1.4385690704952536,0.6091403953927741,1.2244269815044249,0.20797626395954752,-0.7723853275522203,-2.714783902688283,1.9011755082746797,1.9292657885985225,-0.1447676170580962,-0.27272989950150306,-1.0195111080976116,-0.4707440750889554,-0.3747864987206089,-0.7894242022213352,0.7313529955706863,1.2956690266878115,0.9139950627244998
2017-11-22,0.2993106611532433,-0.6571082677609218,0.10791582748972205,0.548541434810899,0.8816243136940722,0.8696819248741944,0.13035869321350965,3.387305523767081,0.6492034707399644,2.238117913694101,-0.021410544719304876,0.840047411286997,-2.022762714183706,-0.13358156129987517,-0.8860951866719851,-0.8408544936081807,-0.9375205205771805,0.9139950627244998,-0.025747297393949344
2017-11-23,-0.21399393332854807,-0.5341012969368728,0.6865417438234636,0.40142438220046683,0.47967604684127757,0.39985978244051784,0.03145594084293536,-3.0005314229129167,0.5251189055936653,1.2749071042254756,-0.27797394259635466,0.4214990048097258,-0.825093570733875,-0.6059148969312722,-0.8289214695408231,-0.8767134245109357,-1.2860163941685576,-0.025747297393949344,-0.5706129498006662
2017-11-24,0.029387867588054922,-0.38554218794030476,0.4997218240676763,0.322607711007226,0.13971406536384884,-0.04142309330780167,-1.2010200058490332,2.2727550252267505,0.5489926973372916,0.9155630258822663,0.05931030398594773,0.13463677652023145,-0.3217241984889473,0.10580775464805164,-1.0040562694852466,-0.9419432525143348,-1.3200191440978852,-0.5706129498006662,0.77912526093864
2017-11-25,0.076279919426382,-0.15393945869048617,-0.8851516591621742,0.19655012389851034,-0.2029730767719448,-0.37449841053299365,1.4346042181409075,-1.7132201240457843,0.7961863545420635,1.744742147580812,1.2139527208362455,0.7741575988712177,0.22095997517199628,-0.07178260701600123,-0.23211607742799237,-0.9889633047873365,1.8878351590166529,0.77912526093864,0.1851721048691429
2017-11-26,0.1479699692552486,0.07762583312997681,0.97851254285097,0.0900146400439174,-0.4745694506943607,-0.6238554217515394,0.6455106661886176,1.3633575102426154,0.8067125271595547,0.9993287204046154,0.4374937493596222,0.10354092503584995,-0.24846841362260694,0.8496398559533064,1.0520539405676776,-0.6719386584073808,-0.7089743414780911,0.1851721048691429,-0.07236012451577363
2017-11-27,-0.17799236674240718,0.2328319839196257,2.4880275813719432,-0.0402047091272507,-0.7507089158230537,-0.3492389306524046,-1.2070264662637389,-1.1335202956047614,0.3581547116557382,2.8770573905297216,-0.17297093211343373,-0.04641081340942825,1.456845111599198,1.0157635209672846,-0.397391108235783,-0.5440598771398191,-0.48483249186309624,-0.07236012451577363,-0.6260427411982187
2017-11-28,-0.37032299910678884,0.3094199016579783,0.15408888369729962,-0.1790777456425712,-1.0819793882051343,0.6558385338605495,0.13126398318953578,0.8409819975304561,-0.35506388714592,4.749341687903047,0.5641124063213262,0.3025126213442973,1.4098879814826122,0.7438142894622112,-1.485917892881874,-0.7037751742014888,-1.0109257406884837,-0.6260427411982187,-0.5212390632353925
2017-11-29,0.8079800722581388,0.34617963847680416,-1.4053706010141656,-1.542371550023433,-1.0724885614447195,0.7624645000314548,0.45560167770661086,-0.2826398381567757,-1.2337007937572535,1.9506465013588619,1.6989158014537604,-0.16151880653132772,-0.0037721528287112767,0.7932842486002383,-1.5837631751371941,-0.9613913854678939,0.20634165926916745,-0.5212390632353925,-0.23739324380126853
2017-11-30,-0.20420247228267452,0.39029124776684015,-0.029855887270284973,-1.6493000667171962,-1.1842188021100135,-0.4669889792815579,-1.613351743677517,-0.41783499089751985,-1.0177893359249237,0.13430648026220426,0.49450976124441226,0.7633416764388012,-2.0550115323996416,-0.16865462385729504,-1.0108935133454706,-1.0255231663046114,0.3117922995688233,-0.23739324380126853,-0.2428939123144968
2017-12-01,-0.5494619900988204,0.29405995951812386,-0.2497867899903134,-1.7142382143722783,-1.327510148286203,-0.8649712727054565,0.04040876840668398,0.8575322622522965,0.2808671494506376,-0.27782013288643315,0.9281771462433165,1.084594189000497,-1.4982662428996152,-0.42311180345025085,-0.4409567905397157,-1.0893845874296986,0.13922990287868195,-0.2428939123144968,-0.5904016971260667
2017-12-02,0.5624443132698304,0.08172181173737476,-0.09017764758151997,-1.7575630677378598,-1.3971135081690012,0.11065483738361057,2.7745350965119666,-1.1166237980631248,0.797138935802178,-0.6870128581582219,1.7271805465058647,0.925248113835694,0.4298803031393405,-0.025935483865628592,-0.15325158810319597,-0.9289037045426063,-0.5220784064114021,-0.5904016971260667,-0.3672130144424468
2017-12-03,-0.07000292913965835,-0.3911871617952421,-1.0137251588404839,-1.7622674240913536,-1.4389773026591204,1.2377085267105221,-0.4542506767335049,1.2996209328303685,0.6904056238957821,-0.4692744712833562,1.4820034384506113,0.04944669843997262,1.1222492232375656,-0.1853638096195622,0.7434133884553065,-0.748857449748148,0.5895859691830984,-0.3672130144424468,-0.3165128673280882
2017-12-04,-0.16247861963038868,-0.7445890679229381,-1.2276433228651242,-1.6448255416809028,-1.4202090765562285,-0.029858390533630833,-1.5669890929261678,-1.4068866473851147,0.19433530381050956,-0.26619235091950394,0.2610213609461179,-0.4091015729695832,-0.5688212040493399,-1.806492653712341,-0.40025623245115954,-0.7740393465739944,-0.09628818378112898,-0.3165128673280882,-0.5287407837271262
2017-12-05,0.2635439132461277,-0.9668387766605508,-0.06976963057137017,-1.5888554156782921,-1.3716013477302078,-1.030067732963652,0.6398955734085005,1.1623891863505598,-0.5247590096879814,-0.2680915741177596,-0.11332629689659934,-0.2758966207008742,-1.9043550527587745,-0.9875508134280172,-0.9643472755908826,-0.7331876561115316,-0.3053262290393674,-0.5287407837271262,-0.3470442017336577
2017-12-06,-0.5848177388490264,-1.2088237773097763,0.5977539045718433,-1.434734078094234,-1.4146462167707552,-0.3979654318588887,0.13706235672791983,-0.5652232081438551,-1.9125910817869307,1.368481694838148,0.6206189837528422,0.24373371912896538,-1.6153585820507959,0.5645512364952332,-1.1155251464073401,-0.7435775376681724,1.0136120962969137,-0.3470442017336577,-0.8493597151115619
2017-12-07,0.2537789890929603,-1.4379129510927535,1.305988910005115,-1.2758153698814345,-1.1647397564494515,0.8790042342625083,-0.16083053688829982,0.013740429456159471,-1.8140413410118363,1.7537031607933666,0.71232266022743,0.6573487916009538,-1.6192725992626733,0.6115918708147894,-1.5003119020439688,-0.7799056543512816,-0.8212562263713422,-0.8493597151115619,-1.0199742449310116
2017-12-08,1.5744306399568524,-1.6269923400093766,0.4004161047020814,-1.0245719215280942,-0.9256019757974414,1.7615195611062477,0.33572089598304167,0.558527830628933,-1.4372517554669715,2.70631950399393,1.646124984100455,1.7775691918823127,-1.8277129370803875,-0.043476951275029666,-0.8834484618825007,-0.8543873759609372,-0.09619073543771922,-1.0199742449310116,-0.466571526204598
2017-12-09,-1.6257317832397211,-1.3880469935316047,-0.30592721080323715,-0.6994422223864859,-0.6719794884046536,-0.18506602134823383,-0.07437713224566442,-1.2330674930037056,-1.1057343237323114,3.864114349934193,1.9140080308908127,2.4498906706140384,-0.039444963804514274,-0.04613615717905248,-1.1107282531892633,-1.0819397155097155,1.4939625188091836,-0.466571526204598,-0.1249141740222121
2017-12-10,0.2033635141060537,-0.7012384468398806,0.6672301025181863,-0.329564442940059,-0.4207526389297674,-1.8242260242142028,0.2703168519354145,1.8785861014770842,-0.04965474713638805,0.6545801749398817,2.5005681447147365,1.6227469450985472,0.18787014808984845,0.08191492707934919,0.38480523613499407,-1.0275829617036185,1.1156056487235468,-0.1249141740222121,-0.0010395512124673812
2017-12-11,0.61306756833393,-0.06968716734839667,-0.43414674928986874,0.08817627605345398,-0.19596353074349,-1.0683691555938541,0.7134595309428619,-1.3617488703038187,1.047553590676773,-0.5936786533201215,1.5409728676668348,1.0154246342557345,0.46794311216303663,0.5006071979919734,0.11437848624431095,-0.8778556058621069,0.297236488534956,-0.0010395512124673812,-0.6042413043943132
2017-12-12,-0.6344501914621503,0.47511494283235334,-1.8677473977900054,0.4691211984688981,0.05058757475574718,0.7339911456010013,-1.5140551909585818,0.08928817789477946,1.8579185465115584,0.6785901696490744,1.3800137824524843,-0.05614596805690789,1.1146295673440068,-1.057722804148934,1.0926792442529336,-0.6554117279907825,-1.0466269530775816,-0.6042413043943132,0.038249881991730836
2017-12-13,0.897724984203303,0.9385311916324995,-0.7732442919731279,0.8298915805720951,0.2865661286553752,1.3588196453871575,-1.4682477306113917,1.1003302434820963,2.2113668749143804,0.5812845554670905,0.6383471035863516,-0.4167725106926933,1.9104053293524113,-2.5773525094553835,0.1289870574852956,-0.5526752741820762,2.423355612714868,0.038249881991730836,-0.43157624544203094
2017-12-14,-0.9963503547910693,1.1692944728193615,0.43195651572663313,1.1418382639277442,0.5152468329694596,0.39293072623100267,1.762580198482853,-1.7889707815967177,2.323473571398468,1.0023618037804716,-0.31129019194173757,-1.415916309574822,1.2067412121075902,-2.2399067326541275,-2.026278091941904,-0.727697947739693,-1.4893944840651832,-0.43157624544203094,-0.665702451482607
2017-12-15,0.21952183928868646,1.0289020735596075,0.9675618688015908,1.3912131456132273,0.7891501502694979,-0.8274894464503117,2.373261068778308,1.9384084438362068,0.44039704849397704,0.7181889960468666,-2.6196511073400104,-1.8247783126007773,2.2497632150620936,0.9289319959902423,-2.0305013154584013,-0.966230175136662,-0.43612869274234795,-0.665702451482607,-0.6706247430415666
2017-12-16,1.0312648593632592,0.7274407914055423,0.4800198221810011,1.600889436537751,0.9981867487140957,-0.6389876482683491,-0.9974383688964067,-1.7233348366749492,-0.6696469215414479,-0.2209851348750198,-3.652073499565282,-1.6981060391876912,1.5153633840676517,-1.496611569597166,-1.281506581891117,-1.3829586673019485,-0.2294708231796032,-0.6706247430415666,-1.0200692496339112
2017-12-17,-0.535153238757221,0.42244968245291337,-0.3928903934703256,1.70436670349219,1.2150910227566143,-0.6030625691220626,-2.0677487908608367,1.374869956548238,-1.22918079899317,-0.9598975209605526,-2.012570545951716,-1.6115654446249665,0.08953694143753761,-0.09699020306776811,-1.5242147527707268,-1.571482999085722,-0.46525615644927654,-1.0200692496339112,-0.9041002485585877
2017-12-18,-0.2431365550646976,-0.030899923390591166,-0.06514918183690369,1.8470703635843158,1.3439407872161966,-0.16324683073052926,0.09068545971735792,-1.113968643997558,-2.3486798003893727,-1.3008438375419125,-1.5909519874977256,-1.508566466903561,-0.07758557265779649,0.16725720267824254,-1.182842822034954,-1.610651456361453,0.38518732556009916,-0.9041002485585877,-0.948797857646228
2017-12-19,0.058826402175775304,-0.49854650252228233,0.6781853373333283,1.9892582426575698,1.3482554283268204,0.8114257031069044,1.4421652365838777,1.1604496720646407,-1.8453465873732642,-0.7107999000672252,-1.6753368282452972,-1.2041484505718838,0.05440854038864637,-1.6305492010723617,-1.6051164354370557,-1.787689956839866,-0.1430363434462207,-0.948797857646228,-1.0163234152549057
2017-12-20,0.4747569548843631,-0.47094658903248166,0.4163957500264176,1.9870352141406127,1.436573280844424,1.3114479943173911,0.22019649967150595,-1.5767663296710224,-1.4965549750837175,0.04225254961745723,-0.8764465343880202,-0.8538527797179766,0.9885703089374891,-1.8144444418578694,-1.564286003390753,-1.841366218802624,-0.1350861940554373,-1.0163234152549057,-1.1077468344891033
2017-12-21,-0.466154463653571,-0.2383246607442129,-0.31870380376101176,1.9803919543161919,1.3550051882457235,-0.2848803984123044,-0.7682672461407396,1.9222341577297133,-0.9885661924818271,-0.22560119885741325,-0.015340050674892728,-0.04314123145410809,0.33066757631013766,-0.9622891541294236,-2.281092476425131,-2.1028343951906794,0.13030045280832778,-1.1077468344891033,-1.159098262590478
2017-12-22,0.13073278410289627,0.1421302530168689,-0.6710213248717062,1.9574975956021712,1.2192275401894899,-1.0733963140650147,-0.5615102588984733,-1.9342809597754278,-0.4379912425016174,-0.5138065123702951,0.5936851332879168,-0.3449533437393007,0.6928992639833242,-1.3878792388934744,-1.6171636427439176,-2.382713288801559,-0.12828593160191973,-1.159098262590478,-1.163339116028434
2017-12-23,-0.5523244191406611,0.6206800214634559,0.5835449105681415,1.8924863215990984,1.019698070393646,-0.5595074362708602,-0.15447677175844599,1.6731065119202069,-0.33512417076184825,-0.43951698889408525,0.5723726995459013,-0.07358636767557837,2.513555998194367,-1.2798463852360709,-1.1530524278228445,-2.968620784179489,0.6550969828509302,-1.163339116028434,-1.1653061684517751
2017-12-24,0.8526514652424525,1.1936182456931452,0.02607439951339596,1.7906133489957041,0.8051457506194807,0.5305715549054181,0.29615154587942577,-0.9827552848941653,-0.4336944644330793,-0.47215187172786927,0.24069234533987735,0.37120107230589633,2.1475379755294717,-1.6846933120568903,-0.5410446689185665,-2.7898149356277173,0.21809492313002565,-1.1653061684517751,-0.9913867481275664
2017-12-25,-0.2170476975342421,1.7163238722003524,-1.276077926988907,1.7450292364431907,0.5821550724331801,0.1823088634330473,0.375849016872489,-0.24973079041105317,-0.45887879356990524,-0.7693761604426251,0.7377169475149116,-0.15786313584434616,-0.32152628425955093,-1.829050229886375,-0.7204214714205917,-2.6981826142583567,0.020347791227264756,-0.9913867481275664,-0.8756209600388595
2017-12-26,0.04068746033185021,1.8999844286445333,-0.6586959304482262,1.5632972426480674,0.40043583779867525,-0.21139138605444904,0.5220558766653028,0.6491098180776541,-0.246628471344227,-1.450877855293289,0.8805230655732595,-0.3614728462326228,-0.864561855943673,-1.9001842682281551,0.4746851551444742,-2.4769859878366334,0.1765749415970141,-0.8756209600388595,-0.9121538523757056
2017-12-27,-0.19225677770935254,1.8049446176607502,0.3440118787337833,1.2976228354860226,0.20096386915136086,0.41246910906850515,-0.22188737571523598,-0.6160448367643034,-0.04004628789814941,-0.5512128579886113,0.0946370527565801,-0.7801035603104605,-0.8952445639753303,-2.3964763096119825,-0.30546538682213104,-2.1084935181088933,-0.21115483701878182,-0.9121538523757056,-0.857290996097874
2017-12-28,-0.3117792539186717,1.3318868180633432,0.9300745042280083,1.0040513534472855,0.01845363054282601,0.7641622032497567,-0.1941692325831676,0.39305901604933136,-0.503497820646989,-0.2543917220856467,-0.5328389322689289,-0.6689560596380206,-0.1804153627603432,-2.1943801615818925,-0.29188814903287447,-1.8414453973622862,0.1930995355436917,-0.857290996097874,-0.5365416738131218
2017-12-29,1.7500322880497556,0.619183962960311,0.4163225354875021,0.532875785880171,-0.1423523556971529,-0.4302757421614334,-0.7648284416124566,-0.11197333236566893,-0.3266191630076415,-0.10323767163405997,-0.7995865451580116,0.2290843897409473,0.2937640728143437,-1.6716163344220376,-0.45296451390630804,-1.7882284415922423,1.1526209891694832,-0.5365416738131218,-0.010217480138228291
2017-12-30,-1.310877995091769,-0.25241286228423376,-0.6954420423095051,0.05127839270148837,-0.2734819621413423,-1.2657940623421713,-0.3838993776594869,0.024318423044110707,0.3090187090258391,0.29633521243608596,0.8998130725869015,1.7664202217023242,0.10910998434238953,-0.488073427880655,3.5513789345389637,-1.370542148011796,1.6036140644080346,-0.010217480138228291,-0.15955438392130253
2017-12-31,0.13452828804150924,-1.1603822427421382,0.31563541029013875,0.8933192581987541,-0.7421865928686893,0.1848228916640365,1.5804719240618441,-0.5431123928000109,1.2272583362466976,-0.27157903968286623,1.2965059615527779,1.6586496700149498,0.11905969397755874,1.3694038422416834,9.476269401858339,-0.6122744346185712,-0.30638578897309005,-0.15955438392130253,-0.09403624291247555
2018-01-01,0.25628425449615794,-2.0305275628985564,1.8537226859742115,0.5155391030387826,-0.8636738464739478,0.8031263383440569,0.7409800216123928,0.7919655770765963,2.287907529067693,-0.6466063197744412,1.2385076176178331,1.082481012844204,1.618454411602385,1.5795009083841938,1.2271790911757732,-0.026991994854341395,0.6184669248265887,0.04884206722548092,0.3406468291776126
2018-01-02,0.3751721712752979,-1.9000770757613479,-2.19200887079364,0.23188620436254362,-0.9146150053789099,0.14506171520758238,-0.4630218020468124,-1.348746756342187,1.4956130852855973,0.02356966990337372,1.178772344744557,0.6916671993751294,1.0139376014025088,2.5401764247510115,3.70329991394143,0.7051923408689403,0.15990925810680542,0.3406468291776126,1.0549973581695642
2018-01-03,-0.6867687381965046,-2.7935068542714063,-1.5373672700369159,-0.04534343980286516,-0.9503638473566733,-0.595542289482221,-0.25318215034767994,1.9800550160332873,1.0171408262447845,1.3472475503221688,-0.04177063468013351,0.8526042163427505,-0.5625204123582372,1.4465098361986424,5.912464610340963,1.5734532606610552,1.8245450302121513,1.0549973581695642,1.7242352333205246
2018-01-04,1.0271936980925152,-2.8670561750507053,-0.16727393685989406,-0.2871755311258675,-0.9692998709246884,-0.10386302565714695,0.014684195642993999,-1.537540703708339,0.6034324889567859,1.0604620298795733,-0.5165165235281036,1.9452361338556006,-1.8477323813160598,1.2938457185379693,4.217262604897219,2.517698664692753,1.889532450162049,1.7242352333205246,1.4172983999010733
2018-01-05,-1.0235217750584427,-2.513578450546041,0.4868737452704001,-0.42911164073582964,-0.9557965022717111,0.422811243560047,-1.072339999507908,1.128679297370819,1.1646328385510485,0.1130069004484848,0.3685135804904697,2.152160781061162,0.6164998530850094,2.1784797661588504,1.6813792150537061,3.0149284634487676,-1.333987730502742,1.4172983999010733,0.6417449141325161
2018-01-06,-0.059478698748507856,-1.7532756858799616,0.17191203487013956,-0.6593791351574613,-0.9203744440701386,0.491832272905361,0.45845089952576074,-0.8149909252982792,0.871375911185281,0.8716382426460654,1.5869744276113638,1.012360385135512,0.9168528887249526,1.2542877521578206,0.22375968812690972,2.8476887519534873,-0.3777264467141466,0.6417449141325161,1.119359479078528
2018-01-07,1.6279343231824004,-0.8026377135212998,-1.2714939756693802,-0.8769877494412227,-0.8560382885589023,0.11582848729676438,1.9884565869238,0.5197819771623311,0.49284173753392546,1.1853279774795107,0.38992979462992167,-0.02789993270860138,0.05964921692456383,0.813161916182522,1.3271946746944476,3.2079207002422256,0.4884184156911228,1.119359479078528,0.46134392072675284
2018-01-08,-0.8269870485934524,0.06763745789543842,-0.7551241501832899,-1.036619483445267,-0.7174091382632254,-0.6299873790864875,-1.0425534270557129,-0.18743631670244643,0.6918998008518809,1.8635611506589616,-0.11535574865495223,0.43870912556057634,0.02331412675692319,0.10385023501566476,-0.4157813273838594,2.7201350275718776,-1.0976203666782913,0.46134392072675284,0.0896494886472996
2018-01-09,-0.6284942573335783,0.7485226407672373,0.8724369846021452,-1.2137253922809963,-0.5903176646974098,-1.3294857264784954,-0.4725021509293441,-0.031007151979943526,0.26956622749584025,2.2066599053878173,0.266426583212584,1.2718552761877635,-0.29686732108697905,-0.26444306825340974,-0.3803743244365175,2.4754575397357637,-0.5031086144040451,0.0896494886472996,0.15470725322289625
2018-01-10,0.7292180920006711,1.221214640666105,0.5394336187098114,-1.3534541478607434,-0.4100419633715591,0.05829266957867345,0.4892719093695894,0.0962901468677754,0.08908247295324705,3.970244038438661,0.7177861637577783,1.3542325342971302,0.17059662775674947,0.24876280383048258,1.3958069958001327,2.5043432933886454,0.31450852515714245,0.15470725322289625,1.9883965668568024
2018-01-11,0.99231916190335,1.5098242982209804,0.3950736391132181,-1.5141437665904147,-0.24200490671274838,1.7107939473519114,-0.7954540466803709,0.024906588279070666,0.5204115787072032,2.591803756968437,1.0475722968697458,2.2683455975866607,1.8719293607768885,2.205202616623632,2.1840270345526727,2.749550380349806,5.061368252020712,1.9883965668568024,1.220586568253771
2018-01-12,-1.2051950298308494,1.6586838557864265,1.2233497086470266,-1.6750741239941485,-0.11324714567151721,0.7452371602260044,0.6806300447064902,-0.22553987039370021,0.8311980271456164,2.6154181572554456,0.26146192561229215,2.011399960493912,1.3708092898069617,2.0261663481006527,4.117951811525984,2.7644228773780157,-2.5717459473603386,1.220586568253771,0.9561637220751407
2018-01-13,0.19380911531128717,1.6134237954168555,0.6951570343915936,-1.824789419763306,0.06905331273690399,-0.9490227418279419,0.20468985140661367,0.4758769541566619,0.7151514876415329,0.9960704250440584,1.067077046663697,1.6115342516167364,0.2155046369741956,1.090182959441881,1.3192665461145432,2.3065659362267743,-1.1237882655298492,0.9561637220751407,1.1490035015612168
2018-01-14,0.7492785440933954,1.413379952725024,0.22230158329545638,-1.95136633275604,0.24421943169356686,-1.1052879256603483,-1.2876619399918878,-0.6508966975227156,0.6991964639621491,-0.8654513932486583,1.8675678434264271,0.6868479681750734,-1.7355210543753052,2.084434966565882,1.3000769177774898,2.3057913399121155,1.1588501791445918,1.1490035015612168,2.233569626391941
2018-01-15,-0.009177256013884597,0.9556300263861804,0.08889608110375964,-2.0329522114067986,0.4129794388692937,-0.11542951875465755,-0.005862764797992131,0.6839372773644093,1.0737959356212072,-0.5194313861265022,0.8999543062954433,-0.0573621436251518,0.050314919953680266,1.1862140433978596,1.4189151494139887,2.1193930435769923,0.8903853348935244,2.233569626391941,1.840378738245257
2018-01-16,-0.9620011404457616,0.40723451366090785,-1.362317330040684,-2.201948931858795,0.5826268389003318,0.810478302397538,1.4000021073975402,-0.523781341097568,0.4693862314591142,0.011313132634486736,0.18427682082727878,0.338239919301487,0.09751002177993681,-0.4091856841340909,0.4557049407313892,1.710020505165694,-0.24422372292802982,1.840378738245257,1.2832271350889404
2018-01-17,0.262886274691794,-0.1641951174885905,-1.7224913011794438,-2.0847813317810595,0.7457941284404012,0.7294073149572565,0.7009064560920586,0.31464467535753105,-0.43249084742599525,0.18882247921048964,0.613143113000935,1.9682847463633708,-1.1580013548017478,-0.003489760833181764,-0.009588228130423027,1.2439451503389969,-0.6028377971396482,1.2832271350889404,0.4438017880684454
2018-01-18,1.180898590668796,-0.6986448400976757,-0.35308665552208635,-1.7161109189735617,0.903113319953004,-0.3313509453540078,-2.2980872740374827,-0.17282727636179246,-0.08684753135647588,-0.18305697091212433,0.6375458371463246,1.6867898785677744,-3.0705153722862932,1.4701646892017122,1.2068146437867902,1.2275568972231907,-0.9021916835929843,0.4438017880684454,0.7683694303634471
2018-01-19,-1.6081471803725484,-1.0713105736060815,0.8788768071941426,-1.4405477653512668,1.0634932137718551,-0.9887322881155091,-1.460763870859148,-0.045281615837731354,0.19554460413190744,-0.2922272330066225,1.2802388475810416,1.5599355006411892,-1.0493113371248386,1.2614069587093535,3.465284662684124,1.69029940479651,0.9780398189137761,0.7683694303634471,1.334208261738761
2018-01-20,0.7254348635019395,-1.3765336780974091,1.1400332021323873,-1.3555262091211941,1.1724059305853478,-0.03750305490015985,1.6535222027115404,0.41823730593078645,-0.09067992478578753,0.6364546704501933,0.7882523663056651,1.567526899721136,1.228597999763168,2.4582511307374975,0.32673168943387776,1.6999107527308503,0.2095640199352936,1.334208261738761,0.4702850237011474
2018-01-21,-0.1353309201542474,-1.327104439631954,0.4156921540480733,-1.1024790231892192,1.6991719172877455,1.3067077406997474,2.4414507040566518,-0.8462975084199953,-1.2610220458255863,0.8912085205294613,0.47938850657344767,1.3561142888849975,1.2670347416674597,1.9727810232367946,-0.7024584777881285,1.7858699312360153,-1.0685383987815256,0.4702850237011474,0.5018728381776892
2018-01-22,0.3116974256420164,-1.2052823231746932,1.194109496486173,-0.838697984132627,1.7803630683082572,0.5557910199385877,-1.1142604705248664,1.088475229847206,-1.388074280448376,0.6345005221922106,0.5748563488557136,1.8863333140615772,0.14066035164299712,2.0336976355629273,-1.053582074357998,1.7725184338202837,-0.18903417002430423,0.5018728381776892,0.06253212411208545
2018-01-23,0.1761258767511561,-1.0387421354868112,-0.2546237546388953,-0.6339731510904741,1.829561639703466,-1.4591740127701474,-2.4430542845654233,-0.8647765434584261,-1.3074397906279083,0.47031082747339836,0.683677095612952,2.054338688562962,-1.124526360054314,0.9029917212855662,-1.3477510492564273,1.355785881247372,-0.3949337846648894,0.06253212411208545,0.18525313044478037
2018-01-24,-0.8216014152057101,-0.8178181209607379,-2.2063007421774845,-0.3606323052924041,1.8140505183215918,-1.026175463958627,0.7705039707466775,0.162770848245806,-1.228122949981544,0.08659487099613836,1.0189119953439607,1.2179166990056898,-0.7916783182934258,0.10317050028928254,-1.003837241027985,0.9455084008643757,0.1804440166136112,0.18525313044478037,0.14880399263435648
2018-01-25,0.7138545951572108,-0.4314919295728658,-2.4708287547775294,-0.09738147566866838,1.7495704398694296,1.142928090638506,1.4084563169343842,0.5418500077837984,-1.0912028576903419,-0.40292302192142143,1.4396112310070388,0.8745223717181491,-0.42453452739798814,0.467335120007005,-1.5653057748658568,0.38154395850762923,-0.24571698673762596,0.14880399263435648,0.10274585723549648
2018-01-26,0.08954579768170165,0.12639742070168805,0.38608431819024036,0.17275544113482835,1.6513143912516173,1.0725990106581904,-0.06357832188930206,-1.1105791720399842,-1.2388201559738832,-1.0031873260673911,0.037000644584213566,0.5715995603707091,-0.21763123497758738,-0.5446009783226357,-0.7758969785183137,-0.008534809508406321,-0.22441596461499683,0.10274585723549648,0.23015246761809843
2018-01-27,-0.2308526256020226,0.6833524696482569,1.0187442295344271,0.3004198991864485,1.5704870029714033,0.16524815944610463,-0.8600808520309106,1.5339645794310632,-1.5409746258821442,-0.2990340009385882,0.2774085535021019,-0.3377326451643528,0.2004245023146699,0.11604957522157014,-0.739105849369394,-0.20205939739080253,0.2597221885262522,0.23015246761809843,0.12315798832343745
2018-01-28,-0.20197410822824513,1.037102490959037,1.954430210208816,0.5530916455443237,1.3979791770090928,-0.5770458436438027,0.10086228842326767,-1.6286254976641221,-1.8623043488741684,0.9548068678343888,-0.5199621525146175,0.4116269626901978,1.0456532371935894,1.2118654776753701,-0.8598485367012887,-0.5178140965168869,-0.09147945611465978,0.12315798832343745,0.2381638624322179
2018-01-29,0.507039239749456,1.1818336378800072,1.1792728677595654,0.7542099504915051,1.263150790539633,-0.5786846864787194,0.705686013822438,1.2409024293830426,-2.093043977310838,1.4456883923455743,0.13347736047461722,0.3709896444894082,0.6553324061806592,-0.5854982188528455,-0.4982857323244968,-0.6942746443254075,0.2145934554722658,0.2381638624322179,0.12394146971877061
2018-01-30,0.2857882545981636,1.1366041677300271,0.07407809884701329,0.9953195241959362,1.037127002777491,-0.5634997265556385,-0.40008856866830844,-0.8615545060891397,-1.8176868121713645,-0.7873512508417108,1.283381430404837,0.5911471761550944,-0.6591360410768856,-1.866064420431253,-0.48210580186032476,-0.7940180072817007,-0.14580819108876406,0.12394146971877061,0.3418794488302652
2018-01-31,-0.6619367111555546,0.9982849401364395,-0.21284765159203997,1.2654610683019387,0.8758050758455374,-0.4770462242587842,-0.7260310615023011,0.799641386256968,-1.2505834127017363,-1.3285744601724936,1.2155267090171875,-0.035979667785572114,-1.1459106048645569,-1.6436016490297767,0.1133949487712801,-1.0622007301871061,0.4257812798666592,0.3418794488302652,0.31023336450299943
2018-02-01,0.6298331867778989,0.803872097739575,-0.44208132914692866,-0.43914998933477595,1.181444591662555,0.6488745638779897,0.6874783786406853,-1.3072984367454656,-0.2684763279324548,-0.38814429159006403,0.6996371049669481,-0.94832459545582,-0.5373333439279172,-0.4078230430290786,-1.0234355221899258,-1.690758903014527,0.08121394862436972,0.31023336450299943,0.09153092542032751
2018-02-02,0.253513234360448,0.6074488787403588,-2.060366782421619,-0.11765695507016849,0.9094109752964593,1.5631353945674036,0.3202780233254962,0.9418845803362723,-0.5494605301948875,-0.633965508584383,-0.23446312089926305,-0.2087031811191762,-0.3348352899703566,-0.04694464507572743,-0.922121180293273,-1.7187771147774003,-0.6690184819590749,0.09153092542032751,0.15352345869107364
2018-02-03,-2.1127352218182933,0.2995128090096588,-1.2003287011380457,0.07374085766802542,0.6251793300463888,1.9618007243987206,-0.9402744096166556,-0.48427238429081243,0.15911681392082566,-0.6936054665848261,0.8735248972933929,-1.0935467707302309,-0.44405078586667673,-0.25812283867325325,0.2228001713974003,-1.4040285659673626,0.1673054511370002,0.15352345869107364,0.5667736185777931
2018-02-04,1.854177338686938,0.08102938256806806,-0.6696067534791305,0.24460230785702014,0.3337106518143286,-0.8570466489865244,-0.06434877236931295,-0.25158349209250425,0.509784461222996,0.1390996101857765,0.6829567718415469,-1.049749790442858,-0.40478510778242355,-1.4891734200067226,-0.3129891317515401,-1.2016240469110615,0.8923302375089972,0.5667736185777931,0.6289676781099782
2018-02-05,0.6503339049906018,-0.20713299497215865,-1.2413063726434606,0.4069121187402337,0.03395419289739457,-2.540585186442643,1.1821938705515718,0.7998539553635292,-0.09127868168363097,-0.10295082977472737,-0.31319974263445594,-0.5147472085655602,0.8485357761957865,-0.8216307883312522,-0.5074407230787815,-0.9843886238167202,0.2769996005031245,0.6289676781099782,0.26740663610664583
2018-02-06,-2.0837356512440257,-0.24333491883020913,-0.8203227990694684,0.48637827253101923,-0.2885743945805963,-1.0977374249105112,-0.16537178611353143,-0.9739085796530268,0.13287782307135612,-0.2648193253368507,-0.6226345942952001,-0.3015571467687554,0.8158743427987549,-1.289390074273482,-0.6160057878242362,-0.9178023685197202,-0.7742622527330466,0.26740663610664583,0.1404443105689749
2018-02-07,0.8894070474353787,-0.1544063320572731,0.5568323548837365,0.6281048337030061,-0.6244915361349708,1.8882665147233577,-0.9845634840390534,0.6038209529280646,-1.0188857235725164,-0.016004797894889934,-0.028662144162517757,-0.17758945006427654,0.6631696625892273,-1.5372059295313631,-0.5202446319684781,-0.8549497879796395,-0.1776117462047895,0.1404443105689749,-0.10190728294127903
2018-02-08,0.26731286654951,-0.014127344162004238,0.502117472972019,0.7465194494771112,-1.0565439770031915,1.4764463358418254,0.24962599021943851,0.16400175929803731,-1.507642794469582,-0.21492479188521044,0.0277280539260097,-0.14894897215647218,0.8104094815610897,-1.576807373235057,-0.9545509578532143,-0.814803911602308,-0.4934329782868979,-0.10190728294127903,-0.10378894303892715
2018-02-09,-0.2902047810495065,0.23820451129571504,0.9917877249155728,0.8877169085986283,-1.505449368013801,-0.5700132927018166,0.5697136679481372,-0.7968635847874095,-1.1965671399366502,-0.16016634005046054,-0.20709122778359879,0.0007441146288922777,0.7703560224543935,-2.2841072529683153,-1.1267300856931906,-0.8808122143047851,0.035326115556221,-0.10378894303892715,-0.04139982528637158
2018-02-10,0.1811425154709617,0.5770717647378293,2.1952248790217594,0.9964323238682415,-1.942663582076303,-0.9307916170823219,0.11062736678367514,1.1925490481907266,-1.3811131428581627,1.2434932127176546,0.4196568168947046,-0.14252146891586726,0.5444368820695059,-1.9961066970103332,-1.4742125409096505,-1.0019577986705583,0.12805981566299635,-0.04139982528637158,-0.28295239875653144
2018-02-11,-0.006839324028133204,1.0066261743112705,0.0672564564518899,1.045102912805669,-2.3161678298071355,0.019829620062202964,-0.6356363551836075,-1.1826942375461242,-1.394675808159303,1.8580871931870786,0.5749422014486838,0.7031314369754048,0.7565411142783525,-1.3826226651454738,-1.0854095353177626,-1.1158351433137947,-0.3069807113218318,-0.28295239875653144,-0.2843387132413654
2018-02-12,-0.7331231664360579,0.9363094632624014,0.5794420751888624,1.1221785387104954,-2.671611830342489,0.3609288282558416,-1.052010725742725,0.5265276994612565,-1.5310703236436636,0.6262774916681428,1.3242702906936967,1.5351432751370548,0.5224311408762434,-0.34990962769888034,-0.44332386640292065,-1.1206938845766174,-0.22103761132587538,-0.2843387132413654,-0.12615258613036703
2018-02-13,1.04640120223336,0.4806393952138944,0.8528006205979961,1.1897448650617612,-2.6618152314817025,-0.20668272643992205,1.1429818196208847,0.20949475194355266,-1.4916195420303247,-0.7905511873780094,2.4690244194604576,1.0432898661429268,0.5991502069854276,-0.1925468502429922,-0.28696207106090355,-1.1579630509934389,0.34951101841858695,-0.12615258613036703,-0.20427021834139436
2018-02-14,0.07377954186866066,0.011458960100952644,-0.35879827195146535,1.2590398197644328,-2.752543386506143,-0.5585574170172184,0.7739928810509562,-0.7475534345867059,-1.300304681337284,-1.012275911312322,1.017141901820816,0.18810827633463112,-0.2174819406440792,-1.8078330248046988,-0.10278624691852058,-1.0784877689411365,-0.24892403974226932,-0.20427021834139436,-0.06592570733259741
2018-02-15,-0.5000575965251578,-0.38973412225874937,0.5918006494471534,1.3199997127464236,-2.705296111670932,-0.021203678900583146,-1.2217242691861356,0.9517643680612324,-1.7839990954466203,-0.8101760258534072,0.1737882021671522,-0.6021466596700624,-0.14044439736346376,-1.5464768456398081,0.8940323594594632,-0.8870272268346414,0.3088691712217838,-0.06592570733259741,0.047796042135128156
2018-02-16,0.2204511444572962,-0.8138772694355372,-0.09568574057775078,1.3658153949194018,-2.546122963254279,1.2765865808555708,0.5464119996662371,-0.7688531315706483,-1.2925632757248107,-0.2582156247591521,-0.6845233949444974,-0.9159955268260134,0.8335655537636995,-1.7625125024471513,4.580180269661187,-0.5254948362185148,0.29749690098054793,0.047796042135128156,0.3203735315175886
2018-02-17,0.37961098669939863,-1.1730714441115517,-0.2630498533093432,1.110635228093806,-2.4186158085779024,0.7584660015458972,0.4004734997896261,0.6194656607953128,-0.7281414762552346,0.16470519980831055,-0.7868971867802153,0.0953754160201186,1.463803004291413,-1.246558796119726,1.0151021766227886,-0.35048453875973096,0.8431560371941076,0.3203735315175886,0.6102225091239656
2018-02-18,-0.26942232075863703,-1.3880937246183476,-0.8644766643421734,1.0534286497474747,-2.1400015433803397,-1.143396139203955,-0.24006748208673043,-0.5704381520536376,-1.131561634560605,0.445902160743117,-0.10745152934353457,0.4844056466216421,1.4849710875284592,-0.24706508920521808,1.8157752940924357,-0.041205457603434435,0.6128634774750228,0.6102225091239656,0.6662195829105558
2018-02-19,-0.10305467458858301,-1.3020850291514592,-2.22824831309851,0.8620059263134707,-1.844288803209743,-1.6435761285623864,-0.08234044401726247,0.6155285876062331,-1.9487566001634165,0.7915677623489806,0.3074242696444016,0.4025810215959205,1.3265442911445562,0.28162484091780354,-0.3575248361200765,0.013323375122382393,0.48460754042194426,0.6662195829105558,-0.08248587441398994
2018-02-20,0.2215048756646731,-0.7998431246743646,-1.4121513124514686,0.7369773310996841,-1.5396948474971885,0.3646696808724045,-0.7219595996623411,-0.7242979404348162,-1.982729472462854,0.2401147049552123,0.7055518270089983,0.31113534370207613,1.0037469682149769,0.18719220106851922,-1.0419268251155152,-0.023054608125390376,-0.8355326493576891,-0.08248587441398994,-0.18226703164620048
2018-02-21,0.15923184097565357,-0.16158815306416466,-0.7139890406503381,0.7424094328509736,-1.2907829250280958,1.96244715352892,0.9183185336526475,0.834852380029615,-2.6056715473121783,-0.25144909951218675,0.4167016978966913,0.5000029582639364,-0.7891805445944452,-3.281706719666984,-1.238771929627767,-0.029732626024754162,-0.29074820701238313,-0.18226703164620048,-0.314065764819692
2018-02-22,-0.6485530701312572,0.3383351755664694,-0.6282317610972832,0.5917605018325941,-1.0264945974470558,0.42124998291852506,1.1373220868993559,-0.8929377486886915,-2.208802479834842,-0.488006692855396,0.7011853190379683,0.4334927324515407,-0.19427685625484534,-2.6904842922656735,-0.8052078502074741,0.018697035918102227,-0.3217375442367864,-0.314065764819692,-0.31050417017293436
2018-02-23,0.5231794278929532,0.5911053755510437,1.0874452587443857,0.4270242399098619,-0.7152420895349839,-0.4490347793037528,-1.0335178140831762,0.9162435844917312,-1.7709147766375488,-0.8466768779131715,-0.1605809639903352,-0.058601089174413895,-0.21396232676436328,-1.2995940196218339,-0.756824336015003,0.1254426731743165,-0.013937634432191008,-0.31050417017293436,-0.3904528628527627
2018-02-24,0.6860004044148574,0.645257373101289,0.20433139856996888,0.271409640697314,-0.3815977818345788,-0.1979114956503437,-1.8916540809531328,-0.9352213339921096,-0.8015055857649466,-1.0388932761343244,-0.2877553683555489,-0.10382112698666382,0.7235232398988124,-0.719667330900052,-1.0491575544109462,0.17277226390187675,-0.22986581823638164,-0.3904528628527627,-0.3766166298398147
2018-02-25,-1.455198501380201,0.46651233852820045,0.6299114147124876,0.09519717918449272,-0.028528513174724154,-0.44177958347483726,1.1975450173264657,1.0766172687455495,-0.1916001284370833,-0.20925477310128837,-0.6165166131655677,0.34261780930114105,0.8101562718462431,-0.767021767550209,-0.7606364598863611,0.11781000474505415,-0.23778886558695117,-0.3766166298398147,-0.4193157768893448
2018-02-26,0.12908078291937336,0.12189242782490246,0.9528320251357361,-0.08589572660192187,0.3475004972615246,-0.6591962868034927,1.5485044250910585,-1.2448860051904411,0.04493636397504243,-0.5456003565776142,-0.6330965302502207,0.889853552479482,1.1462878982726026,-0.7584024767546899,-0.13779870968485455,0.13241495429282862,0.0037318309555988815,-0.4193157768893448,-0.3864367186013078
2018-02-27,1.0854736457126648,-0.23550084415452233,-0.4366626854248684,-0.3150121634007742,0.8736940521564218,0.46736668614891513,-0.7119907679313187,1.3626073395883458,0.5247064622613609,-0.916242603978232,-0.6434861259775846,0.6772582374342354,1.2779508731498668,-0.5902767361218528,-1.3276621644673676,-0.02207621797816139,0.1879435438291105,-0.3864367186013078,-0.36765028721423026
2018-02-28,-0.3547856193535804,-0.47384032836164763,0.6274003106781012,-0.4558831419399664,1.3539071909223481,0.7691912189355001,-0.6589800845575134,-1.1859871022193464,0.9747180729446895,-0.6592554014006399,-1.1228338023144675,-0.036553661814959275,1.3082149310595528,-0.5737076556135705,-1.1519246344168368,-0.3431949255113979,-0.26696823824052385,-0.36765028721423026,-0.3281151565957452
2018-03-01,-0.6795522944290368,-0.519651537063243,1.7763829404285718,-0.6121697786540932,1.5957137068875689,-0.18997752363096043,0.6031948223896693,1.1123945346104278,1.0586317441140067,0.42257540016901224,-1.1052501464478581,-0.22054260715118235,1.0902374949799931,-1.0120909688549224,-0.9026011357612639,-0.9775597460007529,0.04119927469384441,-0.35203260523497726,-0.2899886210466483
2018-03-02,-0.3792253823759132,-0.283514405001054,0.2606111988107366,-0.6310464928208792,1.7605176024835714,-0.5157750213707011,0.9514436827142323,-0.4341368593561251,1.069316783720822,0.04336613209317403,-0.9386067930161426,0.24855615039283313,1.9655571678377506,-0.22568924337789908,-0.7801446229539647,-1.1524029438871561,0.031423810291540094,-0.2899886210466483,-0.3266451769453679
2018-03-03,1.144801613273956,0.29419864991649575,-0.8815191919262805,-0.7837962566854269,1.8507678462945905,-0.034297923560790304,-1.6489743066182072,-0.10058830117862995,0.6590128833675133,-0.808963309025811,-0.7764338118924377,0.3441553665800281,1.1898887493271355,0.18182967077330603,0.2472921522524348,-1.2443151820803402,-0.19102926831810157,-0.3266451769453679,-0.31701127522199174
2018-03-04,0.33875447824379884,0.7316044446999571,-0.6568446680033398,-1.034537076163132,1.8901584686036372,-0.27234075358995424,-0.47353743517779234,0.3449360623129711,1.338288224520538,-0.784157109799557,-0.40996634701569096,0.22880830812181296,-0.40685161489184535,-0.55110678438173,-0.09024084608594558,-1.1762764812839746,-0.12561313633659543,-0.31701127522199174,0.10899028248825136
2018-03-05,-0.7628530750768439,0.8902972818291781,0.5410333389253722,-0.2531616956594483,1.3161790020360788,0.13322210307384666,1.7742879959054327,-0.28937423242389226,2.327670121975256,-0.8560534828785908,-0.4151311986841586,-0.3074527538946442,-0.7458524393816807,-0.36306870694483734,1.6980055247757586,-0.8582720837816846,0.7549520230166122,0.10899028248825136,0.35495242503174534
2018-03-06,-0.7367122621312826,0.9044389124304213,0.10034385434695325,-0.29927234509891976,1.5089831279146926,1.1123439623525895,-0.15077543968038595,0.13169776740531539,2.216877260859686,0.32133624210916156,-0.35924085534539796,-0.049852000670768275,2.1983394136728673,0.9967076804681076,1.9146063531282653,-0.6019599204453603,0.4585799838666405,0.35495242503174534,0.982182619776805
2018-03-07,2.4889739538769904,-0.0488941572237817,-2.2702916294410374,-0.22615820365173234,1.4933389658017788,-0.43502770911789995,-0.3562198035502589,0.06402552546119696,1.1365255088703292,1.20156974430111,-0.024115738563801503,0.0400282807335566,2.172215272364402,1.7560606687211935,0.7274088913429768,-0.41997984599385624,1.6903494687348855,0.982182619776805,0.1304365832922365
2018-03-08,-0.6371439625586347,-0.5237544535294414,-1.4426807148092315,-0.24093027792996136,1.5938206699924715,-2.7658305948662845,-0.35234377388929766,-0.1169754879958754,-0.2043920488158035,1.1559039135559412,-0.3655640591671343,-0.10646379833814397,0.4516152336724492,2.0027380604395026,-0.8364566585834022,-0.44976734030301097,-1.626916436470226,0.1304365832922365,-0.10038376761240056
2018-03-09,-0.5918488307948387,-0.9966734334864988,-0.4673832144669301,-0.2386235737891467,1.9830156344699459,-0.4954418901938356,-1.4545945613730655,-0.014395373633788145,-0.9140954744144932,2.095650575231514,-0.6894143939928163,0.032516716699540295,-0.3479563325095211,0.4824814040744565,-0.2087068864943489,-0.351111683593519,-0.6159232471597732,-0.10038376761240056,-0.344899710266051
2018-03-10,0.6280143990396362,-1.2812274396996903,0.05833337870532112,-0.2399203028692169,2.0870872522695394,1.8951800597396251,0.998381736310071,0.2952955416638219,-1.2188908304201387,1.488615316708766,-0.17531923786412912,0.42663195537848214,-0.7536957597716311,0.3568759952434099,-0.9553661846272532,-0.4138241675834614,-0.3522695074439037,-0.344899710266051,-0.44239925782190764
2018-03-11,-0.8035174541221546,-1.4358273673216122,0.6469501015198388,-0.23961203310646967,2.1807818838289807,1.1643500113100405,1.8169833684284713,-0.5751820015272688,-1.7748044025066847,3.370342241299236,-0.3903388266178951,-0.04563862752471639,-2.0957229882860777,1.7919063195828273,-1.7221162813790565,-0.6284789376126341,-0.4301273240266493,-0.44239925782190764,-0.48199611300357503
2018-03-12,1.1014514666232993,-1.40530499045968,0.6727198607166125,-0.22141243441833236,2.066101484999981,-0.8133177896780794,-0.30042652508642487,0.7512782209476232,-1.6077362177116814,2.5598027274126776,-0.4418996644520361,0.7097303637467333,-2.215301667114866,-0.2503804568452777,-1.8251790997046455,-0.6858583514573053,0.26147798195009875,-0.48199611300357503,-0.507907703838959
2018-03-13,-0.5310341584186915,-1.2940572023187116,0.5420866362855489,-0.16639825656658086,1.888335569568914,-0.42203290618353345,-1.3685962091906012,-0.8206631220136865,-1.0298291138205893,1.4364982780175706,-0.014004813922947662,1.441369447335963,-1.1375132547234261,0.17418850105172592,-1.7722241567588868,-0.774818063860434,0.2424330194263445,-0.507907703838959,-0.5591856164596788
2018-03-14,-0.6014125040135471,-0.9505044349504241,-0.10886607518731659,-0.17613990190238718,1.9143287658174808,0.13134801050213885,0.34233477234361004,0.7505396945329814,0.06331132588412326,2.175499348208934,1.1291997875372506,1.697097784001855,-1.6234263966476228,0.5105904334114096,-0.9651986293347381,-0.8745904005866797,-0.08301218527348636,-0.5591856164596788,-0.5896435459200808
2018-03-15,0.3133097582211953,-0.4921493937330484,-0.1763656817204738,-0.2019028146679254,2.0022060967911512,-0.28632791317562784,-0.427019818962537,-0.5315153116577953,0.008791151957232084,0.10132957258954592,1.2653010583081563,0.6811286673332391,-1.8155669724018138,0.8345299282048194,-1.0574969186623329,-1.0089821349369992,-0.06206180505945172,-0.5896435459200808,-0.5446308988466622
2018-03-16,0.33025867822501614,-0.059083657405627994,0.20856043999059876,-0.2030437352575812,1.7718061215528316,-0.18173792840489644,-0.6566611416827379,0.30069543380071023,0.5038504726529098,0.7535798592629751,0.36460635027798843,-0.3884978704490219,0.7460385502011537,0.11034367508248172,-0.40878228862698185,-1.1273629502608449,0.06172905302321663,-0.5446308988466622,-0.28394710633033027
2018-03-17,0.1486243331639442,0.2122346108534223,0.4802682001669921,-0.2700296316001495,0.9368449477884978,0.248541852905604,1.9425166907766966,-0.07801479055328905,-0.14456347602995756,-0.01649255573496397,0.03290843693568928,-0.48549872334995553,-0.43649451235572756,-0.5306673106998449,-0.7764341253815664,-1.234307976586296,0.49018385063493947,-0.28394710633033027,-0.4655515248289665
2018-03-18,-0.9514508387068924,0.33238883760532706,1.2894073358753402,-0.2586291418698752,0.5724908133551837,0.12028782781081547,-0.16892054054498948,-0.07762956051339547,-0.46813372241399553,0.01670286188875556,-1.054526232829264,-0.46624413562559985,-0.6982131563870443,-0.04958664377755405,-1.1626638954113127,-1.5890918634613755,-0.5154573206221982,-0.4655515248289665,-0.5294318241902162
2018-03-19,0.7749872256064383,0.40191993771879375,0.7293098219234033,-0.22789542903339655,0.19139588949676303,0.260914115759064,-1.5637848143279551,0.2129453073248337,-0.1824900463450234,0.20339427946009678,-0.18665440692690047,0.6690839344143702,0.07112157961285775,0.05347690220061017,0.029914130807837867,-1.594254537579778,-0.18409881599008343,-0.5294318241902162,-0.6231248576102217
2018-03-20,-0.5735968160104197,0.44037378157593415,-0.2455740606996246,-0.17321025654007063,-0.041492978032270526,0.45139582277396517,0.48100772791520485,-0.3353640079912205,0.4953767947317643,1.0301514030290684,0.48111248028582376,0.3918927688104985,0.27994505685211796,0.07489456783028449,-0.7370419202124969,-1.7437564550410412,-0.25120526969507456,-0.6231248576102217,-0.4876735946863223
2018-03-21,0.1490773071358664,0.489996494962012,-0.7706425945026343,-0.10450656714345208,-0.2971116048130284,-0.285506754320156,0.30166079717213967,0.4353751385333659,0.3350821310424868,1.105840966508422,0.7356878215408206,1.0662665177155342,-0.036968601727250874,-0.608793385464734,0.7456302789799542,-1.4267428912678188,-0.08063058238534386,-0.4876735946863223,-0.46673435244001826
2018-03-22,1.1640098287002478,0.3734064675833204,-1.2324797400809748,-0.04713866163901775,-0.4949793482877821,-0.5489581693206442,0.1719042840009938,-0.6033001544556588,-0.42510256684148023,-0.23779694019598807,-0.17862708920174178,0.1800799183193438,-0.38445143001224263,1.7298053193010434,-1.2196805977043108,-1.5192286904774661,0.2642765066947511,-0.46673435244001826,-0.3991102202544269
2018-03-23,-2.349197733615964,0.3162892682285352,-0.5060901539101172,-0.04832735410131459,-0.5607925695933361,0.07230408766391401,0.3488951451022365,0.9693615606491925,-0.6377086719581159,-1.0830749297225597,-0.7847969563010777,-0.8145679674855599,-0.38979108485876757,0.6477053235320842,-0.3338344120342998,-1.372100678138516,-0.22453626039118188,-0.3991102202544269,-0.19652546015615838
2018-03-24,1.8042822043709437,0.3159972990145675,-1.3324823748835046,-0.003296090178029761,-0.6863216562501857,0.13338937431686274,-1.531005870839063,-1.254308778905032,0.02557724236451497,-1.243330482113816,-0.32168126828100846,-0.9479702254453685,-0.4892327653509962,0.8456931686338607,-0.1011858769253261,-1.0986652206003973,0.9095627143211471,-0.19652546015615838,-0.4960090305576676
2018-03-25,-0.9652481692857466,0.34192091089372406,-0.8511041596817115,0.0687461245320874,-0.8074433748331874,-0.3608398264505468,0.09707126802652348,1.1640002398939722,0.43446992843150994,-0.6232665110687071,0.0020640194496354446,-0.31905111629027816,-0.40333937744733384,-0.6883676605829646,0.8554827897289358,-0.805907236471919,-0.9552693168482526,-0.4960090305576676,-0.3254101832796847
2018-03-26,1.7763313759945678,0.46279744070839685,1.9844989593604325,0.10167356883410542,-0.8939907342982324,0.3537919545627947,1.4137538174511906,-0.9206386441829426,-0.251352664174099,-1.059838105215375,0.3492961347202375,-0.3576268958655144,-0.17960392473600534,-2.1537904548316615,0.20621205507608664,-0.5829808439291668,0.3588826592372499,-0.3254101832796847,0.9818270854000511
2018-03-27,-2.2573861572961085,0.661180031957674,0.5307987829745728,0.13247211477566417,-0.972813828120906,1.2372535978330217,-0.5376872390665357,0.4914212881750019,-0.3699811311097559,-1.175228384327044,-1.1454311205633128,-0.9072995437455119,0.3847572259635331,-2.153456026103696,0.28266465234539845,-0.43504953057660684,3.494330922908882,0.9818270854000511,0.382675287060736
2018-03-28,-0.1430059053223616,0.920743445506499,-0.2223915098202214,0.14470403984604344,-1.0131860272690272,-0.01215222708683678,0.18325388699904113,0.4057746404592001,-0.1380123015596153,-0.8978289558527565,-1.1402902067944691,-1.0851717080488306,-0.8246910866094933,-0.32239231666738155,1.0776801142597254,-0.1941254755954272,-1.036749764445672,0.382675287060736,0.00956547911769938
2018-03-29,1.1788517374575918,1.1929531720599484,1.114589382807259,0.17785190161461187,-1.0785447389878966,-1.5955373785963267,-0.6605421709090048,-0.8907301466057792,-0.31737700848550693,-0.14393389999278913,-0.7730923965568833,-0.9439177134020932,-1.162120405383378,0.4168721761504195,3.7875894977043822,0.12913265759043344,-1.5769459825416192,0.00956547911769938,0.5712610348083018
2018-03-30,-1.0525430285400104,0.9974036172768785,0.44344948131514006,0.3034334181465839,-1.1519714918315107,-0.6592780876772739,-0.36091185148456323,0.8641722841793648,-0.8871100951179769,-0.6349620045257589,-0.8033322962311176,-0.36893872682553325,-0.5741972330855964,-0.07701834558054167,5.768866310402807,0.6701666133467145,1.2450230900601593,0.5712610348083018,0.06631504189763501
2018-03-31,0.15323961815798998,0.3752353562796603,0.4412499760544274,0.34486800173627663,-1.166592118660602,0.6782151233821144,1.2759399438608108,-0.6242648697271164,0.04754890935490379,-0.34996123377294464,-0.11442510225114513,-0.22060774141629136,-0.4071663878205449,1.2709522162039866,1.015743137254933,0.9816006520127821,-1.3363870878288313,0.06631504189763501,1.3435606321780271
2018-04-01,-0.860575364019283,-0.1141766710810265,-0.28085542205831043,0.40129941812557773,-1.1571010840355804,0.6579981804115407,-0.8171016440612523,0.01586516401769922,1.2731739121369667,-0.11663519096134976,0.2067009241997618,-0.6015488800965436,-1.0782904638687363,-0.4231617201245972,1.2138600850779133,1.2014047786155688,2.705688221806381,1.3435606321780271,3.608178938966484
2018-04-02,1.0184571583605875,-0.49463426728755,-0.5701961303361811,0.46222049316815816,-1.121403890570551,0.05734269194784296,-0.6334212405057922,0.9463084184458967,1.6877953231348477,0.0008173144235629018,0.1947731660768971,0.02107547750320555,0.24848868840454164,-0.8216688420598739,1.2689719497764838,1.5155009635714145,3.4508710110314116,3.608178938966484,1.267095875328632
2018-04-03,0.46103534865224033,-0.7929164125982051,0.10220508614402554,0.5417029963265467,-1.060055039022018,0.2992630847975594,2.0792495533662247,-0.8924053748878554,2.0586875530956203,0.15583916838814293,-0.028431598340270647,0.13259792338334223,0.5207297422092064,-0.7284489896232095,-0.07062178756389677,1.4784402849173424,-6.390820189465318,1.267095875328632,1.8495702828247875
2018-04-04,-1.887935093484156,-1.0314215607638935,-1.109907694050007,0.5874756541404695,-0.9742470679261411,0.41126680399078114,-0.09658599757470411,0.47690383946880444,1.6516859536090958,0.8949096207741217,-0.7194190348768066,0.247133261036246,0.018207188559195633,-1.4940206809400722,0.0824646416963796,1.728057899005463,0.9696850874145355,1.8495702828247875,1.5238280865740677
2018-04-05,0.010202874665465276,-1.1484197700631187,-0.9810584824278173,0.6229242528348085,-0.7768513727578686,-0.5079974411173019,-1.5474752190329095,0.18283183897145563,1.6867394619648823,0.05465174194839799,-0.6271494395154684,0.5373457269397998,-0.8576074002286204,-0.8034449366918165,2.7162186135272606,2.2146288761743813,0.1742520047657823,1.5238280865740677,1.4896344946777178
2018-04-06,0.4649408353603373,-1.0653164333956235,0.34361478098367904,1.1043777930231242,-0.23545549067191543,-1.4759846286292126,-0.13287311336142296,-0.6111627829005485,1.7998523515909122,0.25849409226977554,-0.38455301422415944,0.8717642115984842,-0.32108066406898195,-0.4536033777942353,-0.45707806909593224,2.2429049656371847,-0.3643357090935468,1.4896344946777178,1.6181850558186561
2018-04-07,-0.0763592130958213,-0.7161250171998268,-0.616973613834545,0.9956852492624949,-0.12456528947734892,-2.9416994310405316,0.028391291922015713,0.8576775621463617,1.3352768350245046,1.381412384092049,0.515449132545309,1.3037074951352345,0.5964237217966999,1.0732403867818916,2.1407274577413813,2.4315690078383723,0.5311832852649895,1.6181850558186561,1.1202034110579366
2018-04-08,-1.734886222080312,-0.3412907057317319,-0.5700983660554406,0.8266392675910684,-0.0019495508689025304,1.1325834477412875,0.8160542587476167,-0.8505931736963827,1.2689050934759047,1.4712533292615906,0.23603966347610816,1.0676314574077652,2.7788715333926888,0.00011177680910179654,-1.13268245425941,2.1585318722149793,-0.7665859027033691,1.1202034110579366,1.2598034703818268
2018-04-09,1.9402494709464302,-0.12294266543082216,0.6185604493533527,0.6388864422243127,0.13740234961988185,3.974990958881056,0.18728188872917925,0.7002042438473736,1.2884342591645463,1.1671659893170268,-0.06435232013651981,0.7233036957304505,0.8650331081751915,-0.2938467045975186,-0.9421517770384739,1.739277065526697,-0.38373047527095433,1.2598034703818268,0.3283739649178583
2018-04-10,-0.23427534180811488,0.05638144246104638,0.8146184082214754,0.4294320347685581,0.1946916942846302,1.0803332220011725,-1.9154301740796609,-0.5050277152716316,-0.2881446663484575,0.6726448186829566,-0.08167283443605497,0.7734657864299234,0.8338205926864862,-0.7635327115571731,-0.20338612644692605,1.5989870704133595,-2.1159653498017406,0.3283739649178583,1.6140829102096048
2018-04-11,-1.282505054540677,0.18331319469940688,0.20773732672358697,0.2561622343594859,0.3108707210117173,-3.27248874939834,0.45565310391899266,0.4612074581502221,-0.9200009955068741,0.6904499301196334,0.17668020129923112,1.8886140063381383,-0.07103978504436799,-0.3009923846985436,0.6867595836815863,1.4343980230280577,2.062384505647631,1.6140829102096048,0.762470936489763
2018-04-12,1.0124819579339304,0.29682911693076813,-0.5958492400693479,0.09124140229916979,0.4079988060061356,-2.3183071423790667,2.7904929925995807,-0.5703014012092859,-0.1579026401631564,-0.5018013482852682,0.9317183650476798,2.524275429381189,-0.4187465449802244,0.37228176245097977,0.5306306301750402,0.8857803489641246,-1.3729023027180636,0.762470936489763,2.4679239857273165
2018-04-13,0.6926868352134015,0.3754265422497673,0.45483104624813886,-0.11749980851958203,0.5378940510436467,1.0143396677829704,-1.374329286267004,0.7411013420107415,0.38205083801858486,0.32553970313547537,0.8907841215205873,1.477190511173418,0.3537082673671695,1.4686509585932628,-0.19539081532414151,0.7222280094240865,2.1320601981350333,2.4679239857273165,3.886038970368463
2018-04-14,-1.4137375134220622,0.31346904064602316,-0.007812372916507605,-0.3308866588023056,0.6347119237497648,1.95161000187112,-2.235085080284716,-0.8421587258960482,-0.21769522160650964,1.7175721131693253,0.250320050107511,1.5937590975163998,-0.2683698174298887,-0.08138400800778028,-0.11960187018624327,0.4812834849431806,3.8275421649847963,3.886038970368463,3.1730347683420033
2018-04-15,0.18272699946502863,0.30100836005894077,-1.2739087243442058,-0.4800311347642031,0.6390914153232061,0.86686913298478,1.854725478724863,0.7265203592952932,-0.9214876874338661,2.1618932075232973,0.9740074706408522,1.3271803325324814,-1.1135212866035809,-1.894777582976701,-0.04483392957982377,0.27444937716440904,-0.21661277921916053,3.1730347683420033,1.6669862338132515
2018-04-16,0.36500042404081806,0.2941022726931308,0.2159915947382604,-0.6202637530213152,0.6225092103715463,-0.21301369783597826,2.3121237766098126,-0.26408764164191767,-1.3710789849741842,1.1553213835263965,0.09940320465224574,0.9070361748627399,-1.2565054298692,-1.008935675573164,-0.7088058478411858,0.16294581280322168,-3.3212111517834324,1.6669862338132515,1.3678843051835181
2018-04-17,0.22387735383344196,0.3140947568541906,1.2469002470110213,-0.7627010613280322,0.589012915887585,-0.9794054458464486,-1.1986556775608905,-0.25742378590964343,-0.6545403713768052,-0.13914284787775255,0.5962975967849877,0.06987469431012172,-0.7191998326294928,2.2898077777278414,0.12838611095418226,0.16797061748362732,-0.2907249194011724,1.3678843051835181,0.5633251750571245
2018-04-18,-0.3183174494399455,0.3405481903856805,0.6953125209285013,-0.904167687218685,0.6474977076568226,-2.965645755355938,-1.5413907705582508,0.34691550843595287,0.26258794067642094,0.30297647605637956,0.35389432646442615,0.45439790138817776,1.0968052592763107,0.5128763964009236,0.2519376773861195,-0.09727005968770726,-1.4567626647917253,0.5633251750571245,1.0076232085312578
2018-04-19,-0.43439171631246254,0.29535767328537127,-1.2105576052768565,-1.0345871322206663,0.5561568470100132,-0.1999422175687305,1.3311154102624918,-0.04021618125698589,-0.304897753261042,1.3759245487494032,-0.34342900030072154,-0.10704209438382731,0.5344350218455177,-1.0324971098004776,0.2025895844605629,-0.005287709655776835,0.7041463216266538,1.0076232085312578,0.2244805572080954
2018-04-20,0.3742916069081194,0.06813981831155275,-0.6472319024633754,-1.149711780213982,0.4549484903443249,2.419769085127692,-0.42675610868913016,-0.34761284026692046,-1.6216381117453864,1.454112224357061,-1.2004087918651838,-1.5392868116941638,-0.5371869080187135,0.5774366547283651,-0.1002402988296567,-0.21995503419242737,-1.4944436852841825,0.2244805572080954,-0.37840864088605297
2018-04-21,0.9882798457883438,-0.16655049536303013,0.2182555388898021,-1.2753240428033985,0.34122204471538436,1.3575554296754768,-1.4726217399117703,0.8014202110966901,-1.85753148966926,0.2921836956772916,-1.395984684544481,-0.11212638775944585,-1.3226530016231666,1.1814042149700366,-0.3713387020976036,-0.14864412063788682,-1.0069183029988005,-0.37840864088605297,-0.6269922570154696
2018-04-22,-1.5292491316166688,-0.22852964621512944,-0.6513783204159174,-1.3369699715514265,0.23121292791252504,-0.9373963084561651,1.3650537447280517,-1.0997911849673774,-1.08386010879712,0.6008151767435026,-0.33227272959260734,0.3158284461750628,-1.7708349320767718,0.146252049881833,-1.8965148861110133,-0.2285659586665014,-0.23014527872594837,-0.6269922570154696,-0.1610233113685031
2018-04-23,0.10055843944167489,-0.23374573945745256,-0.817669470701284,-1.358912929514463,0.1285279783566121,-1.1672338814357628,-0.03800009206056037,0.7805453405665576,-1.100141251974557,1.1355367825347793,-0.4119352520957959,0.8084879640614572,-0.6232413877592757,-1.0216552518537008,-0.1373528845281924,-0.23124002573334088,0.6292962422770669,-0.1610233113685031,0.3490360510369858
2018-04-24,0.7871457172042678,-0.1866815622090346,-0.1784696474768019,-1.308162767609837,-0.03535649823441567,-0.26452808296416663,-0.8102357281064796,-0.38297150576367406,-0.911671638629149,1.1776245502370006,0.3738543716737061,0.7715481065062886,-0.33120020716932275,0.21633462054350194,0.030317904966211093,-0.41546477112784647,0.6124661249042577,0.3490360510369858,-0.5999899792206645
2018-04-25,-0.5478021133422382,-0.07829888718812568,-0.06080011391077234,-1.2207697709717171,-0.12015084848481604,0.09301709035958579,0.1558747662845275,0.08627280672931352,-0.6262941317832613,1.4775671257862601,0.32253172138953784,0.2789426667574143,-0.5694324575198162,1.174476379062516,-0.5204910541897977,-0.6276577203952801,-1.6303716849392282,-0.5999899792206645,-0.2719622249701617
2018-04-26,0.3712830103588635,0.16841806376855878,-0.046031145271150355,-1.115059953035268,-0.2411058236318337,0.3376345111726601,-0.20596509573678592,0.102238513182852,-0.4707120834175861,0.5349017314650298,-0.1595697901938693,0.5443161156029988,0.6668456817936959,0.18838320421648097,-0.39099638695700767,-0.6329882862264636,0.5320368630300136,-0.2719622249701617,1.447793932605018
2018-04-27,-1.3204321012833264,0.4819112700820431,-0.153378543363789,-0.9078635881652827,-0.3070620207699553,0.5816735214425492,0.4183907311519554,-0.07153809428271653,0.039221918222555635,1.3974713757033004,0.08320422489184745,0.6841159897819182,0.12281752099173064,-0.6334800270822875,0.007996344698857183,-0.6020155383137817,3.5172132456813876,1.447793932605018,2.334909452797219
2018-04-28,1.089592006706542,0.6777995226523698,0.24962068048742173,-0.6672647388150512,-0.3709599266637732,0.09597916599797726,0.3815673289449229,-0.17081377064423256,-0.22114363718502933,1.3641959218989532,0.40650165361978996,0.30497580781253114,0.12244136104365283,0.8935060426228904,2.7493077852315926,-0.19437523805912746,0.9099445659641077,2.334909452797219,1.3278259573648952
2018-04-29,-0.013985054524443818,0.6812128817681063,0.11474700716188653,-0.3873472093659016,-0.48552306861233174,-0.26549509387550246,-0.5037610096516837,0.4517218384312168,0.4172919389511222,0.556022992900271,-0.17125668676932143,0.9073010958990455,1.3997794912174366,1.91597638576668,2.2033765583632134,0.22522408374946282,-1.9350876977624856,1.3278259573648952,1.0022293315996795
2018-04-30,-0.36946470843823115,0.5888322896717992,-0.5387737594012111,-0.08837131484158704,-0.5034231517253421,-0.030928561773843243,0.7051891891691162,-0.688559528278374,0.097246337273816,0.28538458099165326,-0.163978977239009,0.11796716223112759,0.8445402521031797,0.9424966459263023,1.9666304518999902,0.48656394637283146,-0.18064476863480577,1.0022293315996795,0.5419875778976514
2018-05-01,-0.2040847420615519,0.4256943102955315,0.22117865314732976,0.24419245710045054,-0.44321112421577974,-0.11036297214983802,-0.03528922632604188,0.8953504033992751,0.4306934988128657,0.16901898517058722,-1.375474269694113,0.2698212551924718,0.06941417434035883,-0.7550289915249073,-1.0356052969416856,0.2204108174504826,-0.8435210475503805,0.5419875778976514,0.08324654052777154
2018-05-02,0.18544849878696054,0.1279226802876763,1.062662264939974,0.5205513461717921,-0.4325483263994311,-0.40860175350178735,-1.5276599603296983,-0.8985046067942934,0.23114128865360598,0.31272003683309585,-0.9240279122723308,-0.4363577381112393,-0.6864836979851886,-0.0683879955766649,-0.7610741940431269,0.07232759007631452,-0.6244536467213561,0.08324654052777154,4.219532525319857
2018-05-03,0.6743591919216368,-0.25108499563476366,1.4531975267350963,0.7466643081832814,-0.38149638728287594,-0.056240379872867535,1.161673026540623,0.7421695437751411,-0.13499532669114023,0.25246996485843726,-0.5718333156010971,-1.2042816798235152,0.003184720629898565,0.03392622839714882,1.8604701810683368,0.40858937864994616,8.748212518951442,4.219532525319857,0.657059082429853
2018-05-04,-0.527424913559041,-0.5111251815457162,1.074974306689028,0.9319309210849095,-0.32290992036960303,0.49391781169303645,0.5632342267809012,-0.70397980919973,-0.21486480007222108,1.2785274922841934,-1.790769661199952,-1.1124597372414546,-0.33852316441429803,0.06276655798864993,-0.34560587114171926,0.3848360541939797,-4.959992008843414,0.657059082429853,8.518406180049896
2018-05-05,-1.014035115582069,-0.6376470138567281,0.07400133099587503,1.0680321403161377,-0.29688930294714766,0.40414813690031265,-0.45483889979014613,0.7824579281333344,0.23302982845776513,2.646391828220677,-0.8054975285601842,0.7361219961045989,-0.8191032236722571,0.4297707104402973,0.8646633496841887,0.8216604280987199,8.490682376772451,8.518406180049896,2.02578906505329
2018-05-06,1.6740072763201361,-0.6895090378629086,-1.599877298772372,1.1816548344008793,-0.22237085093157924,-0.17793391530550398,0.26769935957871877,-0.7176778590926741,-0.03345923009695936,4.255790576948075,0.7281240593762995,1.8767429396727582,-0.6645895221075833,-0.04473230267296642,0.3645642758225605,0.854323805071708,-8.196023267862302,2.02578906505329,1.7818065078764667
2018-05-07,-0.7380490536105186,-0.7086623882975563,-0.965484397632651,1.1905543015327351,-0.1777036416334576,-0.32329393283275987,-0.21575213194265902,0.44793293500966436,-0.498741811969015,4.24222927742076,0.4333771399880878,1.174006103148685,-1.120793831555068,-0.31468073915293876,2.1144400671137147,1.0776850623978782,-0.06680749965765136,1.7818065078764667,4.923061264565043
2018-05-08,-0.18812191743215567,-0.6453727930687164,-0.17713576551938817,1.8307182155438582,0.9568159436652414,-0.24125663356230975,-0.3410145808544505,-0.4234185368940232,-0.02739377821154088,3.1459599232654427,0.012692461944071693,1.1515253668502583,-1.1653767782823987,-0.43176671151576207,1.0914749941725166,1.283440718715255,4.279856697717802,4.923061264565043,10.264623113131908
2018-05-09,0.5169861241170579,-0.3961343735556479,-0.14655508540884507,1.5568859928836052,0.9709813865485121,-0.04327601847632203,-0.5772623164608474,-0.010979222273050156,0.5155387302018091,2.886871704865543,-0.186670769995625,-0.5558945187719994,-0.7448668290281011,-0.546719412239811,4.2941968741048075,1.7507440053115788,8.707978995719692,10.264623113131908,4.114233352137606
2018-05-10,-0.43568216551735955,0.03468290363702193,-0.0680161310613309,1.4320377059706069,1.0213155050931249,0.12350217396525738,0.10673180275958241,1.0486204885561747,0.6449386623379306,2.176342035062088,-0.9714163352209525,0.7887561325049381,2.1448811791697673,-0.17093957882406788,-0.32868821456117486,1.5952163365499328,-5.455433252466065,4.114233352137606,4.0672742319907735
2018-05-11,0.3907427372585521,0.567566611118677,-0.04931930397126335,1.2861289400770328,1.0405922544741455,0.17214789239505549,0.9486148559588615,-2.1867424212028266,0.246196813486474,1.5562248991681291,-0.7873959542737085,1.2115264859017276,1.5999968938500608,0.8959025297592818,2.1631712539216332,1.5626625809559826,0.028969685888388417,4.0672742319907735,5.54383427607726
2018-05-12,-0.33615750214112755,0.9257652664188033,0.4062829748606103,1.1488145833784973,1.0095837684753304,0.42629416066045644,0.23349343110058102,2.3625563360721182,0.23092561406737327,1.263119091190744,-0.4193871066668461,0.3283724650614789,1.3669815032581056,-0.5305833170700176,0.7979721655488011,1.3865240222467614,2.744621643350615,5.54383427607726,3.029402811505033
2018-05-13,0.4502237374512637,1.1023049568512868,0.8196877737139533,0.9460315973789865,0.9648762307771133,1.1735536246235718,-0.792596042290375,-2.0191841532101775,-0.051854671200769815,2.204574213016062,-0.2666386111468887,0.20127537025587863,0.3215422505603658,-0.3049020174995461,-0.20035886728075983,1.1342762482834898,-6.612966370085889,3.029402811505033,3.288131982064924
2018-05-14,-0.4304092698963511,0.9328087425113452,0.022090016500697796,0.6979487929505875,0.8750305520347028,-0.03173970778535021,-0.6057463760836775,1.4919135928254061,-0.09390375561696393,3.3100257852132375,0.8722471929250192,0.9151318208784078,-1.0297495615902617,-0.24221464955690805,2.4592274607620617,1.6416832494850022,0.4668495450622209,3.288131982064924,2.515880470398629
2018-05-15,-0.9793246695841438,0.7112185577380372,-0.8413152114606542,0.4317230285523209,0.7353020413038235,-1.7107991124948485,1.2067215426537243,-0.7802347764978216,0.02151001714990003,2.568108027637619,0.9801539611151181,1.3865353559888145,-0.7892373914520892,0.022115923660292684,1.484791234267159,1.8437223574815889,-0.010500126135862896,2.515880470398629,8.018752664989307
2018-05-16,1.9181027942380704,0.27383054269742135,-0.04558760785042478,0.013662618287191765,0.48057480552900395,-2.037527595383622,-0.36848665757323107,-0.06638280615698887,-0.11305853643906005,1.3284794572553815,0.6375223614137908,0.5297717190214065,-0.454376099007368,-0.2562058422683444,5.367652639068893,2.4036714741037173,6.081415479882223,8.018752664989307,4.242859941477377
2018-05-17,-0.929102733000616,-0.2609321732175917,2.0566678086123673,-0.41818467512892005,0.24842021717033697,1.2246461073514727,-0.4161356956457014,0.15405081916062938,-0.5675768700960971,1.301481878997676,-1.5146062590377158,0.5326572948995504,0.5656663135997951,-0.9829400116036192,-0.31771875248674436,2.6665722109207204,-5.955411841813127,4.242859941477377,1.0430208653132187
2018-05-18,-1.0466620053453073,-0.5974081941306918,1.0846451045481362,-0.8616278421964687,0.05273400398610064,2.0994510785652136,0.618910485071838,0.6422862924740453,-0.7145764348625094,1.2829307259508436,-0.7492571224270475,0.10622530407236491,-0.17635798302028802,-0.6669988736040902,-0.6209468149145481,2.687074366185876,-2.897103772133492,1.0430208653132187,0.655651351532639
2018-05-19,1.40632949020286,-0.6153562032477515,-0.4984724847640916,-1.371782486027801,-0.19266300500305514,-0.1450792707951593,-0.5833311040761959,-1.5716609677986337,-0.590139170164548,1.2848263563843836,-0.18617436842764362,0.2800940695364701,-1.6058931607445475,-0.877975505748721,0.36854234740703806,3.288127737332625,-0.42759293344150046,0.655651351532639,2.1065991250777976
2018-05-20,-0.4078112160004539,-0.48784363222969984,-0.3233381674775205,-1.7701637745230359,-0.4818258212516692,-0.5793123883221116,1.8214441983464864,2.3024459622802995,-0.4917208251368129,1.0172045952427031,0.5324564019113245,0.8381513473544899,-0.6798411958526789,-0.32934304383103113,-0.2839515554545843,2.7835824727145737,1.4390833652867785,2.1065991250777976,1.329713940837683
2018-05-21,-0.4540997945912275,-0.28103510448088753,-0.7559964014864846,-2.153407073486146,-0.6439720462070079,0.13119746119625073,-1.360958448837728,-2.459487719888885,-0.5397050547394243,0.8693888365853052,0.06604473507499216,-0.3965101178869874,-0.2110861978926605,-0.9314971588285627,-0.4328567415018297,2.3443536282556443,-0.6374774144918827,1.329713940837683,3.53001927199068
2018-05-22,0.19289112608305248,-0.004571370553725394,-1.066924541846585,-2.3962123618444844,-0.7767217325462643,-0.7090980878522407,-1.9119123726117304,2.007111748064459,-0.9210108798477873,1.0756442031486064,-0.37524715736486924,0.6409127867187403,-0.6112780465695933,-0.10271620852443147,1.5235083937525682,1.8953476491562906,2.2136057035431613,3.53001927199068,1.7826705428700633
2018-05-23,-0.17118879017281255,0.2912384252876913,0.18772703339156663,-2.4401237250749803,-0.884153426119043,-1.001320233968634,1.386455929814098,-1.3049253701375592,-0.8319952757289354,0.6255248852342408,0.1599832237719073,0.18957143772456142,-0.8578982404756123,0.5747696208960186,-0.4203220823025184,1.7067682054460251,-3.154475246521011,1.7826705428700633,0.9694790496991336
2018-05-24,0.6361208050046551,0.523492940985559,0.05378315838541854,-2.4014521295467075,-0.9781482169980776,0.8444178971089553,1.0949565096490042,0.5534936732106798,-0.9971423883687536,0.7421559915561694,-0.5459772830564733,-0.1342258987640385,0.5087562506300648,-0.4372172166347877,0.4199087676159225,1.2799395663645448,-0.34741917039665343,0.9694790496991336,0.7170020389241435
2018-05-25,-0.1151383183931114,0.5855826252644675,-0.12007189490728541,-2.2888116130242246,-1.0595755393897444,1.8274755550962745,0.618293492792638,0.08928938106581831,-0.8805737639866426,1.8810565972430782,-0.4642666642816031,0.20632936578548738,0.9298996850092178,0.058884081324380895,0.7499863572281885,1.1917240551618258,-0.7655396500904365,0.7170020389241435,0.9473831497179483
2018-05-26,-0.47447455377066156,0.4980598691964176,0.6886090812369859,-2.171695279629183,-1.1222997268498738,0.01623172964446932,-2.940038717897906,-0.5414819881202009,-0.833053191294836,2.1981900308058253,-0.9246241633365742,0.16181692023122138,-0.5801870817276384,1.3407856080890983,-0.19702111852412058,1.1841905805359807,0.5610261337984876,0.9473831497179483,0.02787972518509464
2018-05-27,0.942995661891901,0.26233433011573826,0.7129536335485224,-1.9877239772319824,-1.189410865692178,-1.9293409511832562,0.09173023467091011,0.7237646461841082,-0.9502291635931583,2.389185874678042,-0.4620449842854988,1.5117810494683992,-0.22971043654147544,0.8148832261484736,0.1705912431876985,0.9601536892915533,-1.0383667734770718,0.02787972518509464,-0.11091013128692745
2018-05-28,-0.6595589704470655,-0.14961225234620248,-0.7296966783515185,-1.8182867430807004,-1.3184010693251373,-0.37238340156667993,1.7377450507742975,-0.7508478439449296,-0.27076946254420436,2.2166823714706867,2.2252698841570604,0.3776425625091968,1.5707282022170077,1.343601109392523,1.1209686755085568,0.9304325916509035,-0.2182977677840691,-0.11091013128692745,0.25824137409672554
2018-05-29,0.9205896998301398,-0.49297438210937283,-0.9689287071082173,-1.6130918372864453,-1.2740238233102028,0.7072785335176687,-0.8050192632849084,0.8454010363732585,-0.1672596785750893,1.293164512112289,0.5141631923143893,-0.4594368502630409,0.7237780993663409,-0.1965555012676371,-0.151393928438564,0.25656112679643284,1.250276890861464,0.25824137409672554,-0.19989625015992607
2018-05-30,-0.9966332109025946,-0.5482789273548698,0.17902252643636266,-1.365387027627424,-1.2382682076633489,0.2828263500350509,-0.8566396702036011,-1.0865266095329493,-0.49532187110170534,0.691773024400228,-1.403708209076501,0.15861840008955103,1.6147682081469727,-0.8553081271074476,-0.6366242035312148,0.20909348840802966,-0.7602854526914771,-0.19989625015992607,0.24926963795289847
2018-05-31,0.2851361113210532,-0.3998832898652378,0.04633959367652733,-1.0248182319218975,-1.2341772726618918,-0.08640914542622316,0.12117866545851334,1.3646049719384574,-0.5628776971330124,-0.16985448832692157,-0.3805721878992459,0.352167653513844,-0.15100124380002042,0.028601544839161615,0.0635637772945692,0.2945455673997441,0.8854555779539076,0.24926963795289847,2.2531713437950756
2018-06-01,0.8257312562613667,-0.17081829943986654,0.19673134720993757,-0.7469659061254348,-1.0815783348661678,0.02041503193384102,0.29021703672824095,-1.6497859971238045,-0.3920228725773521,-0.9987387519544949,-0.5402749859813918,-0.9127758345172581,-0.9006759675525369,-0.19643671402092996,-0.6206198984578004,0.1501435247230259,2.966848085281538,2.2531713437950756,1.568754258673109
2018-06-02,-1.19836372280927,0.12415620078917332,1.0453550228545418,-0.38856928899823073,-0.8142764651170337,-0.5253735501048586,1.0780196351807299,1.9288707043723228,-0.30759995475283564,-0.7759033073351888,-1.766504458446058,-1.3740452953602003,-2.939380088981441,-0.08208847654670219,-0.19621470407387387,0.16237405317331294,-2.8035369052561476,1.568754258673109,2.2265307244591344
2018-06-03,0.45590473095764383,0.41753968174179396,-0.23285340742031635,-0.1220627376722798,-0.6247760857244605,-0.5105214997359856,0.6188051910457568,-1.9065528575656612,-0.3102105571817313,-0.22139828532044434,-1.133666473242597,-0.8814714208022786,-1.4765492652120003,-1.0141966299766316,-0.7823637423412886,0.0715754289769776,-0.028801043741305366,2.2265307244591344,0.5143225175167457
2018-06-04,-0.08734114907237403,0.7298249142932878,-0.659148119255856,0.19992881329874523,-0.3839184700514533,1.0356016858280461,-1.216034257517849,1.3898180765714034,-0.6860149976200337,-0.4487685908043504,-1.324482458777351,-0.8396661325338325,-1.9098545492768024,-0.8935290560355311,0.6806963658583547,-0.06398915631712959,-1.7909809572673279,0.5143225175167457,0.3861360590834001
2018-06-05,0.07167316253802722,0.7779366662659466,0.511787634995268,0.5336791629282812,-0.13257270222096332,1.3373523194121615,-0.5613902738461694,-0.8248460668338253,-0.5499272903026765,-0.8117825792148196,-0.44267071324563906,-0.4961333378750618,-1.9146388805781005,0.6599092338144829,0.3599612957589832,0.032420495980303825,-0.3967427940597089,0.3861360590834001,-0.1820345213801913
2018-06-06,-0.17670856751179936,0.5799455671863105,-0.051775821690543004,0.8673372006056937,0.22039834221966104,-0.7163537261618811,0.3205860197394254,0.4074127985390849,-0.19463144301809726,-0.2737054122254302,-0.24590624212325057,0.23486108782093798,-2.012595807110046,0.44893618130835083,0.1393040595248563,-0.0148676502717601,-0.6592253367947222,-0.1820345213801913,-0.17906852478737065
2018-06-07,0.6313783107571721,0.22455912018530755,0.44370776569263376,1.1727485423852295,0.5019645026616294,-1.8285849140541592,0.023014572546153616,-0.020671008028384404,-0.6645608738687465,-0.05553050750036461,-0.9047846298993968,0.44983283404169294,-0.5303538824179724,0.3959107638005017,-0.5959287722845726,-0.17595061992568115,0.06101065354612772,-0.17906852478737065,0.394595233914928
2018-06-08,-0.8567001150887278,-0.14113191422810434,0.9271716842081272,1.4584287643076557,0.7861489070526895,-0.8098229506038402,1.1956654008210006,-0.2955234427785731,-0.9763899216345179,-0.5757937541618178,0.16647739540343048,-0.5005020486264183,0.7827682218985443,1.3493399660679237,-1.0683206674002232,-0.3516395287406513,1.0770616290972084,0.394595233914928,-0.4832734528233278
2018-06-09,0.8623647486372685,-0.36310330440439287,0.41215953526400956,0.9033920079277087,0.39050056316326565,1.2524670657790369,-0.1650672015936216,0.7250788364067356,-1.291200723383265,-0.7294199437514806,0.011751611895235861,-0.8079810233883917,0.7859343504929379,0.6368204885504493,-0.8895361214020796,-0.5760679571802124,-1.0627694471733216,-0.4832734528233278,-0.33311052132507685
2018-06-10,-0.28821118444931637,-0.5215737355740404,0.2228918211783187,1.1452090034588462,0.5214906837509826,0.8956036887993593,-1.004395496513619,-0.417478820562102,-1.0624044976474651,-0.5702059070851915,0.15264856774005123,0.5686577695909388,0.4279080502968532,-1.198626870335011,-1.30100868540717,-0.9875194252604313,0.694201129949553,-0.33311052132507685,-0.6172770451239642
2018-06-11,-0.8729996338930736,-0.0840434901850346,-1.1382205847062303,1.322890179207128,0.7487270654139492,0.9352215461997818,0.5201462792418684,0.14369211967577966,-0.6472623781568791,1.2578453479498446,1.1174886003650328,1.4028384722660914,-0.7617680983759267,2.0150846564669638,-0.29238209686123434,-1.1177179544382319,-0.6933246188513109,-0.6172770451239642,-0.48360598033792135
2018-06-12,1.0287717089971187,-0.22856599566947766,-3.7365464508862747,1.4317771265258104,0.8980171335642845,-0.04911769426770306,-0.3908092450869338,-0.029488389031020478,-0.32581022382548047,1.1828173507021043,1.0235862246785556,0.22043643137708993,-0.9162393539097472,1.0160185193822768,2.3694624767547046,-0.6014369475385527,0.12604268969172736,-0.48360598033792135,-0.5574409788432512
2018-06-13,-0.28306745069368944,-0.36235653600483225,-1.1154920989685242,1.4920371416157696,1.0024367108598427,-0.964988586982459,0.08824385551620403,0.09849180931771351,-0.5560214581559646,0.97544399232536,0.14735049252752774,0.7532025609298355,-1.4484461218354512,-2.0967253605917273,0.9457836078577574,-0.4788922026706136,-0.07288123362844,-0.5574409788432512,-0.6990380168885667
2018-06-14,-0.5017380667448988,-0.3910108821462483,0.25992021368491663,1.4958105997373272,1.0812025696465968,-0.8996972882733808,1.0901284193067249,-0.3984244988778995,-1.3500794504943312,1.4872832663327848,-1.3266357288975956,-0.0941312384739177,-1.5007584974984645,-0.7496293782940333,-0.0985062002588215,-0.3236073402289697,-0.1900079651893014,-0.6990380168885667,-0.5893186768790852
2018-06-15,0.7166895531837427,-0.3723554733709942,0.32616054173669357,1.4453623554212454,1.1200806826682013,0.06345348848033272,-1.4462406914010524,0.7837394856801501,-2.0445259055294587,1.043603833665426,-1.4479399392561099,-0.6926468001449856,-0.7619975297996558,-0.519363901816993,1.9833282692396252,-0.009636244920293092,0.6208706955303902,-0.5893186768790852,-0.30091518511440396
2018-06-16,-0.9103042692351394,-0.20508258212518554,0.5454716286947168,1.2477719196346233,0.9927227914850332,0.5619032540029106,-0.26084280745254146,-1.007931911125273,-0.9682145451406413,0.616744170191587,-0.5887794213905788,-0.04943252303960415,-0.32744712176068846,1.568590730954103,1.1072655525995074,0.40106992302655203,0.9867181922306071,-0.30091518511440396,0.10391410707725209
2018-06-17,1.046671704459012,0.08855944073666544,0.018335699490463937,1.1002745674128716,0.9341456026742859,0.3230355334918321,1.4758282856862355,0.977737392352137,0.11848849677011537,0.5554825999894912,0.740281602341595,0.4180296418251724,-0.36406358294587554,1.9220092501934223,-0.0791962597405606,0.28370271551137605,0.7785400878793115,0.10391410707725209,0.40102283931382277
2018-06-18,0.18639758030423864,0.35265248923771114,-0.08104969028053974,0.9498723512363383,0.8610235488557392,0.47281840027185695,-0.6563808010732031,-0.8551741673572731,-0.18271661194962374,-0.15312681639946019,-0.024567040472798275,-0.2172692771648058,-0.821462495073797,0.5653791518255964,-0.4975305405676741,0.16438223745829872,0.4342964087607501,0.40102283931382277,0.2407380017050043
2018-06-19,-0.8979696320780292,0.46514347384564986,0.9913515175122892,0.7191011038162984,0.7785254312908094,0.002356416457768142,-0.028501120204157925,0.830663003241601,-0.0664742475045668,0.4125799140596964,-0.21529645175849088,-0.08816820119009396,-0.10866446686598182,1.4054356291056516,0.6116127761523006,0.2327664621513817,-0.007706612550325682,0.2407380017050043,0.38254892043165456
2018-06-20,-0.02740380233071462,0.476177150914592,0.6198964420388703,0.4954160041164528,0.6397020786865466,-0.759150759029001,0.3784456135582315,-0.8850483028831044,0.9675767479405302,1.7261693165387897,0.4920819145988027,0.16924256044137576,-0.46097515133811356,2.2130096886098847,0.9322600943062063,0.6000523385097607,0.01659681100584428,0.38254892043165456,0.3742769966898881
2018-06-21,0.5764962315921072,0.35805975674841345,0.4121167559063512,0.22954423103249594,0.5332649007134312,-0.9815621276026014,-0.7470724911148232,0.7789028522978644,2.375490170838792,1.7812715010149007,-0.2725281277757356,0.04201612408850683,0.010747101369872239,4.754576972129717,0.12177195792844485,0.8257451606846604,0.08817735805503528,0.3742769966898881,0.4302954308821051
2018-06-22,-0.04079951403532806,0.13132810494792518,0.06699962896485259,-0.061169159906433554,0.3587965387015667,0.34767825699736793,0.8474268451578058,-0.7405685006540014,1.8155572440410281,-0.1921843372728018,-0.6173984003935817,0.05058324416317943,1.0768996035376317,3.120418458892311,0.47792841694963195,1.0211037315592708,-0.11278423703496265,0.4302954308821051,0.1330608604767359
2018-06-23,-0.109386715732794,-0.21193051437550245,-0.5566554794144808,-0.3471138309931563,0.18006091591887435,1.1457904329745698,-0.07808559616865508,0.7274421217192013,0.7466702209175226,0.3738716493180815,-1.4532637401351103,-0.44702301090481084,0.8772425017814445,0.8181342665409108,-0.40588643605508035,1.018587587665759,-0.13260637715638612,0.1330608604767359,1.0068796829021407
2018-06-24,-1.0512064561116943,-0.8035500346239528,1.6106650347926768,-0.6441102703791008,-0.018087116448191665,0.6358735727732745,-0.612027446813464,-0.6301889358710393,0.022606254717989365,0.6041819217453318,-0.7903987236084198,0.153338217413415,0.5858991040474989,-0.08356542204104966,-0.788333461528131,0.9679353172137881,1.5649737081053758,1.0068796829021407,0.6771110000751672
2018-06-25,0.42384461266482915,-1.2580989411800219,1.3340720335954506,-0.8590702762271629,-0.19649175729097193,-0.4789536377784398,0.5602256813383186,0.36543037875613027,-0.45339021706919047,0.36774122830634415,-0.14103874913264858,0.6570373603184438,1.020378973727957,-0.15004364958164162,0.45249534707254413,0.6744403722476859,-0.6007523090195888,0.6771110000751672,0.045773336988272594
2018-06-26,1.8533739815230792,-1.2704110423352173,-0.41964789205711944,-1.0407374636440772,-0.3707866051826819,-1.157447460518354,-0.04614924170894228,-0.04386677419926896,-1.0940224590850054,0.03855678779117898,0.16116698273147853,0.5778597014591212,1.3449538653324538,-0.9846524406877,-0.4623233016903983,0.29288734543661116,-0.6549247755143218,0.045773336988272594,-0.2683815043391268
2018-06-27,-2.1693499973881623,-1.0222597246213208,-0.6321393483490243,-1.2618104595038075,-0.48635647332952747,-0.1364774792060565,0.4810436366230079,-0.09353941555960403,-1.769051989243192,-0.4755561980943001,-0.0901742658804954,1.5687865282565245,0.481542492613188,-0.40824433801341203,-0.9542606534521115,0.17454974779190338,-0.40842392467613997,-0.2683815043391268,0.21729805630900792
2018-06-28,-0.1704709479929988,-0.6763924790440752,-1.3764585219675411,-1.3662826373550625,-0.6237429315771805,0.7087397679633672,-0.5084855013314219,0.015832129813289592,-0.4928832681691899,-0.5078863190938411,0.2713460160925276,0.8049960757554822,-0.06412462011481122,0.40434915648689584,0.18385977643126025,-0.023283519984139776,0.9911461291014053,0.21729805630900792,0.9126728535315023
2018-06-29,1.3382978959337362,-0.2996649601126853,-1.114758987034896,-1.449710171610791,-0.6346687152851791,0.5071908141504339,-1.04604644143166,0.23733388698783814,0.5982887546963298,-0.40994817603112793,0.806975557162914,1.3238177801579052,-0.4283146606920742,0.018759209304255647,2.104725732431635,0.10020967240784097,1.45173655770136,0.9126728535315023,-0.039196402631158464
2018-06-30,-0.44438345195628115,0.08454399812993194,-0.4933573766616542,-1.439806878755766,-0.6870656878633203,-0.05348777486966454,0.9220815455492175,-0.5732855759112955,1.0157424475154997,-0.5577294169861909,0.47706510108512407,1.917293996943965,-0.08608756880671298,0.3739617441855728,0.1735913446765701,0.1323129838012499,-1.6321464069506697,-0.039196402631158464,-0.1022049978102845
2018-07-01,-0.2855383880774999,0.414269361034079,-0.8044822943529001,-1.4349097186664772,-0.7925098106127575,-0.14121578169824675,0.8960155522131138,0.6702935358592719,0.042962387837241885,-1.848172199480324,-0.8227422856755466,0.8938252451621573,0.2684666556051637,0.41793244416261377,-0.8898686369049111,0.09263004461089525,-0.0742350228244223,-0.1022049978102845,-0.3312464438203528
2018-07-02,-0.1182226443277608,0.6410449582173628,0.2633668505144826,-1.5121458716537641,-0.9966744204345208,-0.6497972769421663,-0.24181434500782478,-0.30431867822719244,0.4764863692571585,-1.4384599841268932,-0.6840077508697059,0.2606845949530128,1.408794318069674,-0.5844791803423225,-1.8284853681410702,-0.2148504523318498,-0.5772555721876131,-0.3312464438203528,0.016052486260705684
2018-07-03,0.15219632654363632,0.7697016220111128,0.2872887426188825,-1.4263968851733742,-1.0664939054692057,-0.4551683807873343,-1.9076450223736394,-0.15511753802293704,0.9373345079839759,0.3842089265972468,-0.29662690143665915,0.6158499989204813,0.8839511396820982,0.6538764860951017,1.5123932863577132,-0.16379396948207522,0.9337229565902154,0.016052486260705684,0.4749020087013163
2018-07-04,0.32514701838957244,0.7665435060370673,0.008326373624351758,-1.4126956560706647,-1.044081299905512,0.28205289744070794,0.45747104849677306,0.3962253694329553,0.4869810580088757,0.5005492049168162,-1.0792515283476787,-0.260865496934603,0.29877132631264597,3.0291120735980366,2.069209615835808,0.06121020474363325,0.8772650895823801,0.4749020087013163,0.2725308061590308
2018-07-05,-0.4197430571717011,0.7390210102167384,1.6680916704096909,-1.2214148953412456,-1.0684205153613784,1.3547850510257595,1.9838101301833033,-0.46921372932115984,-0.707192079718814,0.6782700041862221,-2.419025512807984,-0.2449709152201008,1.0336013980335335,0.4206900104067928,-0.9853869541613405,-0.1490622516850256,-0.23568265204088684,0.2725308061590308,0.02169263618971445
2018-07-06,0.5729186480596372,0.6934797163078134,1.5856841743538619,-0.9976427157121877,-0.9958355844576517,0.2018913288853285,-1.6360703921555138,0.3613733268200782,-2.1384129231073383,-0.13119361952184874,-1.591591546161525,0.23856434597512768,1.309664048855924,0.33917232486219306,-0.6195500947510323,-0.17141101970291722,-0.36865427800164624,0.02169263618971445,-0.2235708054158821
2018-07-07,-0.496973315360287,0.7086155251722166,0.6367213175224459,-0.7414685492245209,-0.8904241285859984,-1.352446325156948,0.032366688174053956,-0.24351734074712256,-0.7605894546452608,-0.6156019741199813,0.06215669584764411,-0.5203423872589724,0.6471540731844886,1.3776002006967463,-0.7883340008652532,-0.16296092694030315,-0.5247961757861932,-0.2235708054158821,-0.09812017583483372
2018-07-08,-0.8905175810917745,0.600445528933396,-0.5395054661305135,-0.514903682719383,-0.7675957156264418,-0.4095258923568237,1.7779553796794798,0.2708110659910541,-0.328151255591319,-0.6228405060657985,0.7194079684742924,-1.7101193863993573,-0.12184610334219899,-0.10804393402566896,-0.3666968730845715,-0.268365003893589,0.4140088619851587,-0.09812017583483372,-0.13289259935359754
2018-07-09,1.970137909624802,0.4545683999304185,-0.2434974568519742,-0.20457374161718336,-0.6316757253918003,0.5234706651644471,-0.592085114750498,-0.5342363847881098,-1.1694587475162046,-2.5386969518502105,-3.4693394179503514,-2.087698108509392,0.5311602523578011,-0.6446786790180546,-1.1976796263926572,-0.349389904145691,-0.08160549386418645,-0.13289259935359754,0.017461321131520005
2018-07-10,-0.23105639887782434,0.25934793818234747,0.6948075630702685,0.019030580033382156,-0.4943840868039075,-0.344543053775747,-0.9700416529148925,0.8540746229760552,-0.9162852021293502,0.03763606328241455,-1.8262302720638506,-0.5296935713271814,0.10308723978762327,0.7170939746306708,-0.5079198261931319,-0.2751663666615132,0.40556189701376105,0.017461321131520005,-0.11232055349174744
2018-07-11,-1.355230317705786,-0.05486520172737026,-0.6606066111680463,1.9384707520767406,0.5068903818222368,-0.4293539768724642,-0.6859919064903911,-1.1306071534249929,1.0175112680521796,1.7491516192466425,-0.7394159948573286,-0.8604483082595459,0.004130231109408165,0.9375219269732326,-1.138695676850134,-0.4442773421685672,-0.4069857332875953,-0.11232055349174744,0.07568894396078854
2018-07-12,0.5186985739010744,-0.38734446787208104,-1.5902595848010526,2.1178487606384073,0.5136586825557327,2.1258750966584947,1.419899337442155,1.4557484460007564,-0.275331155244886,0.7977582647027851,-0.42713917965891796,-0.6813022338536139,0.08432191753057021,2.029001565752904,-0.8698176877594833,-0.8441581777249839,0.5082611572031904,0.07568894396078854,0.5051699512132948
2018-07-13,0.7559706567756742,-0.9829676155617539,0.16654691917248707,2.411763530417733,0.4070448864217469,1.200344383726964,0.8456222673841663,-1.4997873125584162,-1.0804230378721758,-0.06899818138836922,-0.7823535328306255,-1.2299583564758254,-0.6511038703822434,1.5209544844223906,-0.6464555293664118,-1.0128537663992492,1.8919002956632762,0.5051699512132948,0.033995382072436124
2018-07-14,-1.0089027006465037,-0.9403211025695829,-0.3522979507117473,2.659358826354439,0.36265101226687524,-1.0846834531642675,-0.9518109998586706,1.2124689004769895,-1.024369333073661,0.3459753292373243,-1.0453533565020012,-0.29657063777519244,-0.28253930625519186,0.3415996048355004,-1.0920037742231719,-1.0009502213230086,-3.084222319904302,0.033995382072436124,0.3355799394500652
2018-07-15,0.8091560381869437,-0.823042670235975,-0.1865847917756764,2.757818252561867,0.2548444172448336,-2.64100295481171,-0.04548631156976872,-0.8149867546219108,-1.5534943027978478,0.008605481263160433,-0.15903608282796358,-0.2889114681664039,0.6080785573240974,-0.21175410267740777,-1.5616383770991054,-0.9391351769120615,0.8430847444487665,0.3355799394500652,0.35909463161587424
2018-07-16,-0.6985431684606611,-0.5440193055449053,1.2962229457969763,2.87019901745528,0.1795070673302399,-0.5134147311047863,-0.4773313756505331,0.5954329781609984,-1.9104191724782251,-0.9306205961850563,-0.6327967384997945,-0.5604250203554298,0.04992298611821485,0.37898372592031043,-1.4293912321938669,-1.353160324101397,0.3212196522419712,0.35909463161587424,-0.22259384203630153
2018-07-17,0.2592591343446341,-0.1449501461076146,0.9778077365040649,2.883301924945267,0.0962194983704939,1.6249554952866752,0.13770924062109524,-0.5951384782365822,-1.3453451183608451,0.0835811084166353,-0.0607900161369851,0.09913668190236526,-0.15705800852572294,-0.08576156602081601,-1.913062437537035,-1.937981493411804,-0.8724457276276512,-0.22259384203630153,0.04565376576738316
2018-07-18,0.5371691322441664,0.21565416816080996,-0.4970593936650205,2.9500309879422235,0.022548104103954345,1.8676315392909446,1.1822916769024343,0.6976712904881219,-1.1084926839452187,0.47040493476952033,0.4271271201691192,-0.13584748102407224,0.4901817905615512,-0.4515743053977418,0.0515858766563384,-1.8215675183147464,0.9918730005791084,0.04565376576738316,0.05136367937618414
2018-07-19,-0.46413932261398105,0.4031740208326833,-0.6234091978101397,2.884820458629447,-0.184798168092862,0.46104799798090645,-0.5750482772946006,-0.6508300980162512,-1.1914942345692063,-0.7556520999637221,-0.47768065364112156,-0.1335240665991844,-0.3607856403909116,-0.04414261074933172,-1.5363355976929765,-1.8900288056514927,-0.0326211590861461,0.05136367937618414,-0.19054610305351583
2018-07-20,-0.3906449119360255,0.37170401560006616,1.0250465594601803,2.4685811510908873,-0.2588910619334392,-1.70568415513005,-0.33628150371017934,0.33392777174503374,-0.3825306287661151,-0.07460613353346951,-0.19754043501213847,0.15668573958529292,-0.7092570508798144,-0.9626521533999901,-0.969505456535454,-1.9994248049785266,-0.6668951991424644,-0.19054610305351583,-0.06824578575029439
2018-07-21,0.4306053098858922,0.37823362577258524,0.5152764319711025,1.9703724244857115,-0.3283312292339,-1.6739045218524835,1.0463526726837284,0.14615471129184626,-1.1081926359027205,0.4681591339901893,0.20117643297769192,-0.013749915848919656,-0.09824395031192293,-0.5876288061958803,-1.3192483147444087,-2.2033794741944575,0.5177233687807254,-0.06824578575029439,-0.1976060802114574
2018-07-22,-0.00314323760077195,0.3007216142601355,-2.7503246267225676,1.4355445099527775,-0.3725809509760763,-0.11023437996190354,-1.0063916807830517,-0.6045119423153931,-1.3768579411978707,-0.3659611145159702,0.5117195118023009,-0.31228327129114036,-0.4510850528919189,0.3009399221620794,-1.0241005329288042,-2.134904325849316,-0.37946105726693113,-0.1976060802114574,-0.0966774986836752
2018-07-23,0.7672487303668973,0.25114800393384334,-0.2912829339480084,0.9050764654954863,-0.41064804413189326,1.8266241197217392,-0.45419014191140816,0.8786965273330705,-0.44426410992060467,-0.05388479138558471,0.07926848803161383,1.1058708895206502,-1.643552046414104,-1.730040027553556,-1.374695483036406,-2.296101329767513,0.26362032185455453,-0.0966774986836752,-0.18329894046521658
2018-07-24,-1.7484730109797308,0.4174330091636128,-0.06370792691514811,0.3866486671638763,-0.43706569010053686,1.1725417917822885,0.5650081302158914,-0.6409705147659104,0.9120697792922531,0.971464908920601,0.818144063000299,0.3222332874669032,-5.776666684936863,1.237410479788415,0.42324983269207744,-2.14925036902655,-0.20059958702231448,-0.18329894046521658,0.408972854662763
2018-07-25,0.5845496486875831,0.6959540895900677,-1.080851255418242,-0.1088646986552443,-0.450108335844168,-0.8775675852796009,-0.17821494437462673,-0.15376662729826268,1.4323415349658148,1.1653000763683656,0.7212691917510553,0.06327635555944035,-0.9945211693787652,0.8640559866325134,3.5537249672254556,-1.6910809770154407,1.79692181586242,0.408972854662763,1.4941294456953234
2018-07-26,1.5819225629444051,1.1194282939423277,-0.32228234947033496,-0.5457127310440947,-0.4461219583311998,-1.431715491644185,0.13317405991955353,0.6730617621630851,0.8456044336929152,2.127118785840476,0.44633817151634614,0.649584054261883,0.9382684941595051,1.5861080129891965,1.3537740841378503,-1.366939165649193,2.0076276650561318,1.4941294456953234,1.3067662937564362
2018-07-27,-2.7315170322008173,1.528396186539398,0.25675688994341095,-1.0238605729370298,-0.42354979987925434,-0.35329437224289256,-0.04533559873070538,-0.5733027825723559,0.8932143829713901,1.9144714689240458,-0.1484517777820252,1.3666998292089592,0.03767889712342747,2.5110634792622726,2.08477554443424,-0.8267739617904052,-1.126540177489079,1.3067662937564362,0.6474081885398424
2018-07-28,1.961910584556324,1.629918895900674,0.6528216295790287,-1.484299089550048,-0.3796367609560597,1.0298550017036383,-0.2726444550158612,-0.12503232430423694,0.016967310552127485,1.8798902747405852,0.4951078912266705,1.520311490975325,2.1835450760948985,1.7825394998175068,1.6753718885974287,-0.42475750408759294,-0.48909468610382184,0.6474081885398424,0.3624021090593732
2018-07-29,-0.990339094964722,1.3689120925474334,1.2229739073944388,-1.9324279441340482,-0.3461202164731281,1.1753266249971392,-0.19093685141530473,1.1298774977947525,0.11108844140333314,1.385907315531922,0.41983618723429383,0.2198556665098271,0.07856481287737585,1.3601513461469554,-0.08422663719497833,-0.15902671033676458,-0.7291321422206902,0.3624021090593732,0.8637800943095806
2018-07-30,1.547958360042745,0.8845060205065337,1.0358848975712371,-2.3114000813828377,-0.2656604728351842,-0.07913760895442534,0.21085888672551104,-2.0019690368987058,0.016377042944498564,0.79595697556601,-0.07915177874806605,-0.7040254677730375,-0.37318715474245195,-0.009163435778951727,-0.43438772556100774,0.07569869517481599,0.3041780157670161,0.8637800943095806,0.6137993600241298
2018-07-31,-1.803082922700836,0.35688784820451913,-0.281900784255451,-2.436649145413983,-0.25529341166239805,-0.9688549731763771,0.6223580637262571,2.3778282748310575,-0.8775735794348792,0.08464428134244126,1.2407206198559313,0.8035261744209118,0.5264082699988183,-1.1213515607178328,0.13203321490314238,0.09902820556327016,-0.9263407568128005,0.6137993600241298,0.056314959009332664
2018-08-01,1.9874386698731377,-0.6321014158988858,-1.9870985457935908,-2.6340410272987906,-0.18139894231545853,-0.9186228591914476,-0.34963190029634306,-2.0712428417581057,-1.870252410998196,-0.12727121542711547,0.562649077696432,0.5209702194613601,0.14124775588372834,-0.9976965200888546,-0.529914614929533,0.2882246129906559,-1.1449716904898317,0.056314959009332664,0.06331190716718142
2018-08-02,-1.3915733159826655,-1.8516964816689168,-1.0409384362065315,-2.7128912995485974,-0.05539626931400137,0.2260902748381191,-0.8861653292620397,1.196337523843903,-1.7037145040648738,0.654190712653069,-1.3459650537435743,0.966024958499023,0.7366400370387011,-0.7400498028902133,2.241630102227339,0.7656905432068416,0.0043218313955955935,0.06331190716718142,-0.054817897659154444
2018-08-03,0.79302801947898,-2.651239502449744,1.0707399815364853,-2.652207770372884,0.15111584601085248,0.8033112990143177,0.6018160386382101,-0.4057799129249386,-0.3927533291787032,0.25246524979445606,0.25383859169447837,1.721177083843662,-0.2117852699905802,-0.006754999804218918,0.7692097781425462,1.0253948636943577,-0.20735402175136933,-0.054817897659154444,0.29112282875955653
2018-08-04,0.364153339514003,-2.4174901510189413,0.9174870401323852,-2.5965602181563354,0.27470817523725244,0.6791837158440367,1.4636538070016192,0.02628901358367581,-0.45853346941678824,-0.311006863608048,-0.3291381484247156,-0.20708161462009353,1.0968995630612957,-1.0446959321701765,-0.8757862300817046,0.836669286552536,1.0296462455469442,0.29112282875955653,0.17685706491717457
2018-08-05,-1.4980615477395431,-1.6625456725774437,-1.2132493637495412,-2.4710281053900793,0.4713978140008565,-0.2089176023735876,-1.2740768772152238,0.2039590327128998,-0.03933732718528986,-1.2728297887299744,0.599807245122932,0.34517764843321264,1.0588345258028173,-1.3105322368557373,0.5048697108256572,1.046623793808257,-0.09619860581219779,0.17685706491717457,3.6895109215421193
2018-08-06,1.222362852213408,-1.0148160776693136,-1.3241024100310919,-2.3004684254946577,0.6027851877589193,-0.570035497217323,-1.2422060561196906,-0.6045351666017786,-0.42443128903254446,-0.1886282202083035,-0.3300440257704451,-0.6747487111190308,0.894591433211934,-1.7991145183817232,0.13389742337427507,1.0326277840366391,4.319470462603877,3.6895109215421193,0.4459972164978006
2018-08-07,-0.5548283567125668,-0.44131649595061057,0.32138965899373273,-2.1452872810045966,0.706195091175374,-0.23635004004606763,1.0813314711272175,1.118219112437475,-1.4336574591853748,1.5175518067565363,-1.2618690785056432,-0.26596559709853235,-0.46231330338548826,-0.12289606135353497,-1.3891889960150097,0.4281216404338833,-6.165954013742108,0.4459972164978006,-0.12398513270144677
2018-08-08,-0.27107990796429277,0.013375108518848945,1.6969143870933838,-1.931693944029853,0.8017026798615593,0.0309656341280995,-0.5914143712487492,-1.6616553762860695,-2.8403720902655056,1.384816283939415,-0.7353652046343041,-0.3521467189344712,-1.5544936338494073,-0.4178902342623216,-1.3232694701469494,0.06911401883106769,-1.0345008770594044,-0.12398513270144677,-0.23368120820069144
2018-08-09,0.010979970691000976,0.46695946587063913,0.6175301673487326,-1.6190302794583378,1.0766274983125532,-0.18706094424836545,0.36887139968724303,2.0056381286071834,-2.2090660274131717,0.8763965077537831,-0.20232264571597533,-0.6634067231291206,-1.3716612771478989,-0.7048517819419859,-1.3890380807387535,-0.43440715757943354,-0.26194719343316,-0.23368120820069144,0.0017563538024895496
2018-08-10,0.2294700157274065,0.7053582370034943,-0.0911214603247453,-1.280575127360707,1.1496978565792875,-0.07709416011028189,0.42170583224343433,-1.8474836376836652,-0.8898310106686881,0.16656501815981617,-0.8789848272508164,-0.4387718312903962,-1.0909851954555572,0.1732618818511325,-0.9645430191124285,-0.8133897076509934,0.36764714520236197,0.0017563538024895496,0.13009655573893142
2018-08-11,-0.3453932397614689,0.5623385822481294,0.08608728705816937,-0.7971097179860442,1.2786632149024357,0.7619947525926823,-0.9438944592422389,1.4657404297378784,-0.20170289690112253,0.5663859845267475,-0.6718234616413141,-1.1358783468320404,-1.3300253353888438,-0.06860861226882747,-2.3577691364383213,-1.0708802376142292,0.2602174858231071,0.13009655573893142,-0.4059669639449263
2018-08-12,0.9303370232810855,0.39016503473985564,0.6895177235788253,-0.12610894442837525,1.4348086244992484,0.8710713209930344,0.6779870444225798,-1.288763034753165,-0.7912902359676818,0.44427997474544656,-1.3166887454323364,-1.3884477970516447,-1.7824511141535364,0.006753651258353765,-1.5278492835223354,-1.3069299084320478,-1.0486487662273902,-0.4059669639449263,-0.5444809929332848
2018-08-13,-0.080113514291454,0.24748321720037994,0.1622827619424281,0.22936124471806757,1.3055463782410501,-0.3203998735873748,0.4150954807331422,0.795713434875355,-3.128136041785146,-0.7077274052340033,-1.86512405985228,-0.8592914705170408,0.15445976017145183,-0.6099439749350605,-1.5763122387350275,-1.497349496583368,-0.25441109596302774,-0.5444809929332848,-0.41693341146796864
2018-08-14,-0.609169910907577,1.0218194942457217,-0.9467019717449959,0.5396181632129311,1.2845901261863475,-1.5010711987848613,-0.4075327371015951,-0.4287590784568926,-1.2032402463488807,-0.6226591072398631,-0.8042255566589445,1.0395832115619958,0.5979453350791498,-1.6481275880133675,-1.208914603969808,-1.5752206809328957,0.3370963462749482,-0.41693341146796864,0.030332604635453935
2018-08-15,-0.6292105590650084,1.1597703847064555,-2.9106844286859577,0.8334128359518528,1.1247846498530767,-0.8211218972804569,-0.0417823744611947,0.5150514438526852,0.7287486063105408,1.077622740088367,0.7049550751183546,-0.04994809665691884,0.27046380690002225,-1.0530579630603403,1.694673165105535,-1.3173985484392345,1.3521161487405218,0.030332604635453935,0.17675873163666442
2018-08-16,2.580750989528285,1.1280660410606804,-1.7415703825755267,1.0352053891579405,0.9510712708666212,1.213796026608428,-0.1513926500659996,-0.7580879304035301,0.3961146970937097,1.5941054857673267,0.8638641762593225,-1.2890796142266456,1.3255872697783093,0.20944764488478151,-0.45276504727267597,-1.4856557928331193,0.31134615599367826,0.17675873163666442,-0.6566736327207557
2018-08-17,-1.4352721810811604,0.7343295639059927,-0.40338691294838547,1.209671688512227,0.7655582175917518,1.570196687597673,0.3089046074650895,0.876939646852227,-0.36321285629939043,-0.013949295511319288,-1.9990361839595356,-0.07081438024944413,1.0882444659143753,-0.543355504571113,-2.0952340467564143,-1.6677072185850281,-2.2461172126665416,-0.6566736327207557,-0.877251744820158
2018-08-18,-0.23876131717378235,0.02969517397337184,0.8777594844334533,1.3317102632111188,0.5752518961797798,0.3654544450532122,0.3913867851349611,-0.6722451937612045,-0.25224786504611474,0.2319669193249491,-1.9919612787954157,-0.49274939737113804,-0.02399475172376812,-0.6692621222241686,-1.892555474757163,-1.9050372816440082,-0.6128691198372779,-0.877251744820158,-0.6116434004614067
2018-08-19,0.22108124785855998,-0.5743657704555286,1.410969985923181,1.411133531384849,0.3401241247772784,-1.826412524233913,-1.3067629248159427,0.09521772383631544,-0.8117514611242683,0.2272283804601124,-2.1216240912791764,-1.769280326838407,-0.4878558168955509,-0.15193599185179243,-0.3104818610705241,-1.8737293896673664,0.03646623307115882,-0.6116434004614067,-0.3912099895062682
2018-08-20,0.27125371800905373,-1.0005606664234101,0.9157346340789236,1.4766135325210106,0.1033991202807981,-1.6753413075040644,1.0403853827557565,0.5800394433256675,-0.3167018349951289,-0.0648254720171624,-0.4770824147084101,-1.1004830006259294,-0.2187377316236302,0.8157588510722749,-1.3664055737852394,-1.8651546391199556,0.7794415878404075,-0.3912099895062682,-0.7102346277521556
2018-08-21,-0.24128490974853933,-1.3485659180389886,-0.5127681646672824,1.4954187715866993,-0.1040994093189741,1.4182884856733151,1.3243808066031424,-1.1894407344964062,-0.29771023968605453,0.8786395730513124,-1.0539586881743541,-1.3409434850322128,0.7388108467636051,0.14649473851426534,-1.9317630068375276,-1.9175511974706785,-0.7458542432691542,-0.7102346277521556,-0.8257583805247599
2018-08-22,-0.05409408811127684,-1.6014329024306564,0.16470231300191443,1.4478688295310655,-0.24718488181411336,2.6313408144366357,-2.0391456468139397,1.3371174591864454,-0.7952182760923142,0.5173135369443672,-1.654625925490087,-1.58500356577149,-0.5544824827014437,-0.6286700688273892,-1.474749426663643,-1.878510043428223,0.2097931082910447,-0.8257583805247599,-0.5050412350431767
2018-08-23,0.020165366474173958,-1.761135714328459,0.008603841652550945,1.3995249834694572,-0.4634041901327975,0.43857189577150696,-0.39984172318481387,-0.7142568227053832,-0.9770070467087528,0.18720915947719274,-2.0142611117553235,-1.0875842658800798,-1.48241760825782,-1.3976846840825123,-0.7832488167339025,-1.8281264106825856,0.48692874619332605,-0.5050412350431767,-0.5997811503760514
2018-08-24,-0.1812443351496862,-1.6916181511087947,0.14784148812033887,1.342047255419844,-0.7151034043011173,-2.952706763321164,0.7064339938921019,-0.014796826169816105,-0.8304863462225286,0.3058869284912836,-1.2768430533563746,-0.6735000385308165,-0.7807637396256049,-0.1284297128773642,-0.577472554347585,-1.5606910192145766,-0.2647844238307619,-0.5997811503760514,-0.09617025317804886
2018-08-25,0.8553014876148509,-1.2140796919709136,1.3607293087909056,1.2138405555472467,-0.9512865226078313,-1.3376840953234,0.5033105034108859,0.39036175460609424,-0.7920667968013944,0.03323455715837501,-1.2834772835628443,-1.6440178668177061,-0.4319353047050811,1.0079551599452123,-0.7757358200272071,-1.4267132825566664,1.0739530576132508,-0.09617025317804886,-0.778151637681911
2018-08-26,-1.1902585372609518,-0.3858400196704014,0.2894678028877668,1.0490147697542258,-1.1862364119472097,1.5712914944773226,0.7774887069977721,-0.3818211271952436,-1.046392633833474,-0.2687503879892768,-1.26472323876244,-0.944593926948408,0.04896200087556129,0.2453525603581214,-1.9301926326509002,-1.4768425362780877,-1.1101924719069471,-0.778151637681911,-0.9264304899019533
2018-08-27,0.5443526452718552,0.3622253931569494,-1.351476204095051,0.8382145141521867,-1.5073626429075415,1.3141958148041575,-0.8863469208984533,-0.14349185495311775,-1.403152408655274,-0.1985030932006308,-1.0048104624002983,-0.4698902453486244,0.10314970399346958,-0.8840480422630358,-1.247691112764236,-1.6138268507388778,-0.28260145222682104,-0.9264304899019533,-0.759569216823583
2018-08-28,0.03578346372511505,0.8982533697721392,-0.6332041643578183,0.5989703987289297,-1.681432141014928,-0.43818316338797403,-0.6874772118166156,0.9283463079695434,-1.246299371424431,-0.3418579231716756,-1.1005006066414305,0.4774410374302069,-0.6013346234398219,-0.8272562601515591,-1.1389407161017244,-2.1582852125335377,0.7894406869568433,-0.759569216823583,-0.8054977825803404
2018-08-29,0.10030047456440838,1.2399134263806668,0.08488387383121392,0.33642819348791386,-1.8021077983718727,-0.7424864944943608,0.670260768267725,-1.1138887862365339,-0.9962591397846623,-1.2176871074000493,-0.5216417979972161,0.44079075267959184,-0.9005210387536141,1.5330489142229828,-1.01216958201274,-2.399523828618421,-0.06880908876087433,-0.8054977825803404,-0.9716393835846647
2018-08-30,-0.853021555321357,1.4106026863521581,-0.05860191290413607,0.002351467229881318,-1.8582855471926305,0.13277289981876136,-0.1015788814331715,0.6301110359719805,-0.9450024406398934,-1.150269300350989,-0.12386390419473922,-0.25612207234111023,-0.24794018310997457,1.056966941785538,0.1784156175187892,-2.0551218212836777,0.25266175922204226,-0.9716393835846647,-0.12956416883038277
2018-08-31,1.415598127228277,1.3562123443824192,0.051040743944599294,-0.27380566443516346,-1.8497508648137522,0.03634397971306647,-0.24490801174298937,-0.13905351570784186,-0.31709635750138815,0.2666697562410049,-0.03598333925634738,0.1117244420960779,0.7184460559479733,-0.371155025118521,0.38752683734087845,-1.7539351179027793,0.607908163602578,-0.12956416883038277,0.21256654708300618
2018-09-01,-0.935609384610987,1.0564084328891428,0.24652888064222706,-0.566635407152278,-1.7512711005720423,-0.4119122126440456,0.03640354908397214,-0.363760072183121,-0.2074364648777769,0.8878839993796793,-0.9595376931529667,1.075919289378146,2.1163905673693844,-0.08484515314265349,-0.08905933582188001,-1.765167664949734,0.38893944561212823,0.21256654708300618,-0.22224949908235433
2018-09-02,-0.617740869561713,0.6897747173177771,0.10645116787772373,-0.8709921037169863,-1.6083243178914517,0.06826410163628886,-0.19827063605600595,0.8419926417595711,-0.7004090023303708,0.47996242013920176,-0.4435870032698228,-0.37316437603939256,0.8014042468835892,-0.7744332519962337,-0.2299443802474368,-1.6239909866407516,-1.0606915645208244,-0.22224949908235433,0.07783947575978874
2018-09-03,1.1478801682453446,0.32803170406820514,-0.8993831940992248,-1.1331381100814255,-1.46353843759013,0.6474332045674357,1.288258963848245,-1.0186343049296045,-0.810664811532723,-0.27609394187135855,0.32337072474551337,-0.41040012415520144,0.2575505430999562,-1.0172686049149968,-0.7473181731057531,-1.4434811350624661,0.906332883431628,0.07783947575978874,0.8199392353732892
2018-09-04,-0.9429659134077615,0.06659282913192732,-1.1469522543659243,-1.344849299390443,-1.4601619596674993,0.1407123332577438,0.45117651554949745,0.5078628921329976,-0.6440308076770961,-0.16667240847257173,0.25664670475814333,-0.5899978064754051,-0.7946843653640588,-1.220691015809095,-0.49879207471840803,-1.1640418981370904,1.1726384346325343,0.8199392353732892,-0.10270862599091264
2018-09-05,0.48353380727554995,-0.06049894325402705,0.22542161700923,-1.5619351352720487,-1.2605245515719379,-0.4604908349017765,-3.58463021465274,0.3657127580550803,-0.4708937071225185,0.46430559475590794,-0.13561645454282886,-0.17918894161881968,-0.4046594100511276,-0.46197668815793524,1.6962885778183276,-0.9240495534790999,-1.2651533879173804,-0.10270862599091264,-0.1317777199807676
2018-09-06,-0.8584565999979337,-0.04606843311292576,1.8312092846756787,-2.347362523161748,-1.1166096705172335,-0.17921500985238403,0.07027792932992653,-1.0246655150571822,-0.27313242628513584,1.2984739390197664,-1.2854869082577745,0.4503672655957216,-0.9335037810109785,1.2609128763878603,2.3139802277717285,-0.5147175727169587,-0.027443305884112854,-0.1317777199807676,1.1159673281087097
2018-09-07,0.9316968980062025,0.017175649093396486,0.17842599816148771,-2.320060656247749,-1.020382982547314,0.28557218982574367,2.088385797659426,1.2132057003546748,-0.730034491608247,0.93316497813424,-0.6191559356366304,0.3619037553755935,0.41043502710892277,2.187527383623049,3.671678759546182,0.14702783416228496,1.5917178256310944,1.1159673281087097,0.5584841083722683
2018-09-08,-0.14279714548818792,0.10534397427530198,-0.7053311800362434,-2.153219298296748,-0.7917203703817043,-0.1859685847062634,-0.5118248340248607,-0.8607225057057148,-0.6118864955115519,0.4769891875601566,-1.1456004329449962,1.579716750784767,2.622819984978692,1.2977323756960677,3.255081352494775,0.9632562615164905,-1.2163349618894377,0.5584841083722683,0.6737931193222543
2018-09-09,0.5229305135858298,0.14629109432005116,0.30334785767444367,-1.9185908336625266,-0.5192837743008729,-0.5982734051497351,-0.8589273857647066,0.2583525423959503,-0.34806600516130864,0.6412627614369465,-1.269830908476472,0.7627347202268343,2.714194715101838,0.7788743386354959,0.9194560308906508,1.3898991420952005,0.15512553607823895,0.6737931193222543,-0.05440099071608537
2018-09-10,-1.5247435858560183,0.08633394692737237,0.7682818724039249,-1.6446919268143931,-0.23372543299945212,0.24872348906302133,1.665541917167615,0.15207166155054075,-0.15016145920317253,0.7771246617350064,-1.5841071864399758,-0.6745384798451416,0.8643821176498018,0.8149791248578803,-1.3708795415346522,1.4488327487042314,-1.060791487282462,-0.05440099071608537,-0.2115349118326933
2018-09-11,0.6004802819075857,-0.08034341541425999,0.5009874443233999,-1.3936885195647462,0.05568987235554336,1.340615452659624,0.3246604917216687,-0.30351767031640947,0.2931597513732902,-0.043850990158844194,-0.5471361874299745,-0.8559892486169841,0.8116764578754455,0.2935343210384928,-0.9149585537979519,1.3913911425076793,-0.3203402468699248,-0.2115349118326933,-0.3116855274972591
2018-09-12,0.9443505994952878,-0.3545130244038689,0.689260565476685,-1.1565647830935815,0.2539876944524382,0.36863319994703403,-3.3016122382932216,0.2723254562795883,0.4545909988645168,0.030573109735935595,-1.1331674733283172,-0.5769716826212459,1.4656685239602254,0.5728993891509353,-0.04105201140290194,1.411236889778037,-0.16829735893678088,-0.3116855274972591,-0.38609705004006056
2018-09-13,-1.1214063079806618,-0.63607886035352,0.4712249466845273,-1.5995845722660036,-0.8813734322440239,-1.8962581649278252,0.32580512983875803,-0.23190225286625354,0.5112892492831674,-1.2796765186823813,-0.06782618631657455,0.044468577876060685,1.6815887925041768,0.5077387484800175,1.1886503438042748,1.5529595323049057,-0.22619242780930132,-0.38609705004006056,-0.24553688897145767
2018-09-14,-0.10097857442948675,-0.7659480701912886,-0.25316279066948005,-1.3229206588962834,-0.6256639751543027,-1.4953118583939626,2.7105789724413287,-0.004639557870272509,0.1003316116566737,-2.2942647712148183,1.1890391146741732,0.14780621933642696,1.344517783292772,-0.8641826849589408,1.062564161294854,1.7510779101788876,-0.03944587985193549,-0.24553688897145767,-0.08386688618125551
2018-09-15,0.8948734535603372,-0.1282150667818143,-1.2606465331573473,-1.1569163939452258,-0.2563350283236384,0.7853815285702908,0.7570498315434961,0.36612948277921004,0.31446504053806895,-1.936097007127381,2.2585110216579816,1.0154353225085186,1.5423231145402017,-1.2054113589710154,0.9178963260075228,1.832396622183358,0.38671182042908375,-0.08386688618125551,0.35693949810317277
2018-09-16,-0.12990241091854052,0.12823484277124897,-2.026332452435662,-0.7605312633493866,0.015219026949108705,1.645498390854681,-1.7371764494434419,-0.7190821292258303,2.6122337350152494,0.5988305702356177,0.049906284714066114,0.9427445564390327,1.5223918823824378,-1.6187420808770652,3.637089903023775,2.390985913471848,0.6095852227610876,0.35693949810317277,0.2862642587795865
2018-09-17,-1.0783611853566164,0.5974973473440018,-1.8347752360788578,-0.2938658476586276,0.2689082676228719,0.32441994655300105,-0.5602417422785193,0.8309542225940744,2.8467223245384448,1.7046384368343503,-0.022389864688434503,0.6946594983111586,1.0056225044636793,-0.7194413116159218,2.0380659248534547,2.8047922007743664,-0.001161628410439061,0.2862642587795865,-0.28546633368634494
2018-09-18,1.200277471171843,1.220588686742989,0.5302174165335605,0.21186403654656794,0.5110776075722049,-1.0837144030567174,0.7656284600392319,-0.7088635485931385,0.7953614658925717,1.0737236586590944,-1.5384221356283048,-0.519387537918263,-1.1826322649601473,-0.47018053825471073,-1.5822359846744805,2.6131488535297303,-1.6047934050462989,-0.28546633368634494,-0.4505424728198177
2018-09-19,0.3545255825132557,1.7775208870809618,0.8369455815587387,0.8136793169224448,0.742309039520689,-0.6661995733658216,0.12976867770018857,0.657874348507174,-1.0954127970485026,-0.18312250039735853,-2.0858367530885085,-1.404670882230078,-1.2696193087603533,-0.6989702096789375,-0.762840949872369,2.323096475356637,-0.4710880569559519,-0.4505424728198177,-0.5234595845836252
2018-09-20,-1.013789129456161,1.835632888512284,1.2623221758861676,1.3506942347948492,0.9306807404760666,0.11715238171147817,-0.03423925810962989,-0.8371828450573133,-2.0736318874169144,-0.3248953953471741,-1.5171215100366802,-0.7448350886156782,-1.2869088811959908,-2.1027172454449814,-1.4431207560474795,1.5092336184818445,0.1253380091255154,-0.5234595845836252,-0.6060132241655244
2018-09-21,0.6909242060504921,1.270074974274602,1.2716564140267648,2.0695837036421243,1.1263451130016136,0.5146392668829755,-0.6915840092595582,1.353682924282252,-2.351677573787667,0.31158980815671555,-0.0018651138248599573,-0.11006961121665354,-1.8330733581802634,-0.8437297781894979,-1.418886390274269,0.5788850999119787,-0.389907872576663,-0.6060132241655244,-0.7782040838233124
2018-09-22,-0.23831358084262944,0.3539949825945527,-0.6005703492132423,2.699788484021803,1.3506947065359622,0.2307677942456236,0.5985018005935048,-1.9840096954513111,-3.0239186395344704,-0.35292249185227936,-0.5849339105715462,-0.6716717077714309,-1.2352785110938571,0.015603734238169764,-2.3431345028030903,0.09245023701688165,-0.43537614813355086,-0.7782040838233124,-0.899077403852883
2018-09-23,0.20240602882854852,-0.6282904530041239,-0.29321428990677006,3.2252532831813037,1.6066052702963618,0.04889815312725277,0.9871598434757725,2.3210425867674034,-1.4715274277449755,-0.9298548782329579,-0.32804314996710415,-0.03709262607468901,-1.1811120664514423,-0.14298243870232535,-0.3742975645565855,0.2517300637421647,0.06298134038148358,-0.899077403852883,-0.7232450883237568
2018-09-24,-0.3785232288561289,-1.3360713056086602,-0.14781933189911087,3.4149325402823427,1.841737096775037,0.005391852494572355,-1.4548353958490516,-2.2780194822330304,-0.6790333032259448,-0.5517666374347365,-0.40365907050491223,-0.2106227289518258,-0.2791515207815215,-0.5279159466520742,-0.25241962356320313,0.3493998138163884,-0.12266479870777904,-0.7232450883237568,-0.665306267427538
2018-09-25,0.42565762907783705,-1.617345813972761,-0.7308250868790319,3.152816844155821,2.087631205960336,0.10846238244533267,-1.0328109172200701,1.9400481601700124,-1.0184812261691192,-0.18872960918313367,-0.03891637527684888,-0.15351639400940204,0.3949495339793872,1.740805929151537,-1.7931268864122567,0.06579317177218331,-0.30221596508222626,-0.665306267427538,-0.9882411785360901
2018-09-26,0.2124159039267963,-1.756275571509451,1.8167126168154009,3.0264796397455433,2.3366560214161645,-0.17911008538197928,1.3271453165149,-1.416759161701453,-1.4560022714954046,-1.2232944849909986,-2.187375207130357,-0.6641231984458045,-0.22773884173473577,1.125835790524981,-1.3645100301707054,-0.5234216028456896,-0.07048982129608053,-0.9882411785360901,-1.0069040749356548
2018-09-27,-0.8040252009440196,-1.8273923844800322,0.06582927133438635,2.8584723786900312,2.567287477633059,-0.5971696735670984,0.7453072773055691,0.8267285556524863,-1.7674209494705113,-1.5485137519522363,-1.2133310075656822,0.2931657820776799,-0.5995381227836218,0.004594005666926403,0.002891624378870525,-0.899763729797243,0.575543793881741,-1.0069040749356548,-0.8393066366935376
2018-09-28,1.4296707676071212,-1.761612640696936,-3.1954430359306243,2.6640607478665888,2.5084242775302723,-0.30198105832235983,0.049007054331240495,-0.29996375679283666,-1.0099749535005242,-1.236244694480151,0.0749394518369974,0.9628556727360019,0.19800167801840218,-0.9382742804730504,1.378781287951313,-0.8447050840265371,-0.27285817219826114,-0.8393066366935376,-0.6416577328237076
2018-09-29,-1.2354546340846162,-1.5852390950797894,0.1842170194858277,2.4714043270783232,2.510363209093973,1.0515688943885966,-0.49650235598515347,-0.1473203571113325,-0.35908165506957884,-1.4626565218042447,-0.23747106565829107,-0.3072527328912606,0.8431970659359834,-1.1811514979384403,0.921184509950904,-1.1600347228148025,0.2868420771892161,-0.6416577328237076,0.14142870917790154
2018-09-30,-0.26599186422904675,-1.450019069918345,0.7940782720639409,2.267931865215002,2.371637626725599,1.024792224165444,-1.5498259373943806,0.48836986781617026,-0.5104275374630389,-0.8364943909523336,-1.336823107401218,-0.7295557446892451,1.4071446703661725,0.18085624389602953,0.3769890896910684,-1.2592173908607798,1.6932816864854803,0.14142870917790154,-0.38173715020298055
2018-10-01,0.5306294525999768,-1.177620335334585,0.05180050032290343,2.052920565862418,2.1031582833701443,-0.23711421161131047,0.7740590320556865,-0.8131647570475865,-0.6381570140812608,-0.1816220314921992,-1.186356305430213,-0.4375537676764088,0.19646976896567156,0.250293010668529,1.0573456340741239,-0.8428579457100338,-0.708492520589003,-0.38173715020298055,-0.62663190848761
2018-10-02,-0.2994612276554682,-1.0327295084326145,0.25083214921859637,1.8147798704787093,1.7104070485326073,-2.0277518084795276,1.1263193976665227,0.9261371483442093,-0.9109218044347475,1.0131196181348079,-1.8644332670926507,0.5596263275566814,-0.0440076211737253,-0.7864707944678467,1.740328612692018,-0.36633772549840526,-0.34978946541026806,-0.62663190848761,-0.2291059846258396
2018-10-03,0.5338171366350335,-0.9184152176116633,0.30601347883138635,1.5342475520250913,1.305290865759201,-0.7009655354320592,-0.3877421891843384,-0.7598034735062559,-0.21651942486974732,1.1214686225904984,-0.16656752834803928,1.1897415016417858,-1.1204861834078925,-1.2946029908050485,2.324200060053846,0.1678475920181821,0.7487514068076103,-0.2291059846258396,-0.13160431324458577
2018-10-04,-0.9619129922401448,-0.7294138000852193,1.2144543892746693,1.1761660495696407,0.833282622572088,1.4095186746781774,0.5357983486198588,0.3376407264811293,0.15105780322772824,1.8595282587635553,-0.26496344766570196,1.3809581882713078,-1.5472354018475203,-1.0478750905136953,0.4124639149947087,0.490462062101644,0.18542261073683414,-0.13160431324458577,0.010098547796277897
2018-10-05,1.0023379372252361,-0.3121322029893205,-0.9694965231762456,0.7678646377355257,0.4041439276269629,2.1827288783359315,-0.36504414782660016,-0.1190976023193402,0.18170593147321018,1.9428922344287505,0.29154415323830235,2.8641885546505055,-1.2213059698424487,-0.6864242187687244,1.3703016316757615,1.0148989590776905,0.15639900593117242,0.010098547796277897,0.12003412392899673
2018-10-06,-1.0589557189937422,0.4330840130377405,-3.2757826197989903,0.35051757218570134,-0.00552500475452085,-0.4365277218062258,-0.6984562004192671,0.1470613337388263,0.047933886451881055,1.564530591198104,-0.9618362580333036,2.983908129529253,-0.544679585415807,1.064728625307285,2.6077864679022897,1.4729842818673369,0.25793256607002113,0.12003412392899673,2.691839636174929
2018-10-07,0.9755868142588537,1.311285571096837,-1.664012068487193,-0.21790405790641854,-0.3641315584599817,-1.6378236122688161,-0.45022228369027134,-0.3343365825621512,0.4129040947155479,0.7469586935349937,-1.2517891533708825,-0.6623374082245945,0.12899281120198203,0.5451931611731249,5.2025218910819016,2.294170592273872,6.489950136023615,2.691839636174929,1.6954708674835646
2018-10-08,-0.6239482921556688,1.782483956869766,1.7185203215378488,-1.039248533870181,-0.7683222558685643,-0.2965785378879764,0.650224641611901,0.6791914915736368,0.6449517789635631,1.0622694728016224,-2.0829584202681737,-1.3794043215781437,-0.7826931077085,0.09714325391337036,0.4529410432700675,2.6456339266172906,-4.663316294687865,1.6954708674835646,2.5454938952999258
2018-10-09,-0.41809817882945616,1.7265104072737287,2.382484687766274,-1.5896199610694062,-1.372042005901502,0.9867048892828961,0.9850118828424476,-0.816326765109096,0.5263375480333461,0.46269573138334585,-2.1269846232276786,-0.7094622696411043,1.8728075279378915,0.019093605312856,0.4539039266996975,2.9365406682012285,0.6932197996700087,2.5454938952999258,2.208936460929246
2018-10-10,1.3434058962545061,1.4591026312357553,0.17390208794348977,-1.9591512797616957,-1.7657378772586465,0.5546894410172135,-0.526756891172598,0.6328190951615117,0.20307808380358905,0.013857904493593714,-0.7682365649539291,0.3347237896548153,1.0497909416467477,-0.8545993647185741,0.3098855038005286,2.9929169241151077,-1.007554290155712,2.208936460929246,1.0837281463226316
2018-10-11,-1.5818825564005803,1.134478639732958,-0.9328336024178889,-2.18607010705058,-2.140118101346554,-0.6656260344370407,-0.8094999853866249,-0.4616487939369701,0.027459148609246996,0.10435880865957364,0.13968579077533566,0.6895627806357326,-0.13729321330762298,-0.6345661052319441,1.5710789037083372,3.115675361120558,-1.4878747484646277,1.0837281463226316,5.902223526118298
2018-10-12,1.1876956432142887,0.7624667790274742,-0.3980924510785398,-2.4077952162875995,-2.310871690959717,-0.49608195585139847,0.41261280443833764,0.33512559477768467,0.21614843061980205,0.9238920016598423,-0.8299577662773535,0.9225105063940668,-0.8099702154164857,-0.5612248163824723,5.343894509705977,3.853798870606405,5.776302550200645,5.902223526118298,1.3997311866378683
2018-10-13,-0.4573237964348447,0.4066664961606665,-0.7967770268700843,-2.458728018585614,-2.561343258213157,0.13867307416186905,-0.10663238118113355,-0.21302958005626932,0.7099830669741186,1.7486403980821763,-0.26736580895028433,1.3087478321361297,-0.851254000228256,-0.8340814183225435,1.3185944411734034,3.9737651054602074,-5.505456136454116,1.3997311866378683,1.3401142798784573
2018-10-14,-1.0006187711902839,0.19842619892697225,-0.22417561774466419,-2.478403464615061,-2.7480008005892533,0.3316362761946073,-0.34871289200842803,0.138509868330844,1.0438530640495272,1.9350293393813658,0.4317180200205859,1.34701425785078,-0.25532615343774756,0.6695941789629952,-1.137677114479735,3.505766119546033,-0.03881398972996406,1.3401142798784573,0.297879591462469
2018-10-15,1.6079163512722197,0.2427799366825242,0.6578378255984618,-0.7715713722019212,-1.7050108862253306,0.04502851139027656,0.7611382161608232,0.01711075686540728,0.868762105163857,0.9664754053311292,-0.9188334838454206,-0.10644510978585284,-0.05013100918108595,0.6720749288640712,-1.2349954336624716,3.015683622608865,-2.1110949560071326,0.297879591462469,0.9591678098684009
2018-10-16,-0.8442423639364757,0.48321288799199036,-0.03275212054026709,-0.5168202644163798,-1.713397825011734,-0.08757829061585028,-0.3469569815676833,0.18811178335796247,-0.48230115129902335,-0.25380842575793816,-0.8393395924624442,-0.3153074949998451,-0.42922953772600025,-0.041518860652048205,1.3641521025952108,3.112882763288421,1.2524672506232977,0.9591678098684009,2.1467221036809794
2018-10-17,-0.5311386887372045,1.8017764895882349,0.9353851603321013,-0.38123028991848024,-1.638032964243277,-0.5263031527891107,-1.0969736033444535,-0.3480970804820456,-1.4476544553770279,-0.701738567416646,-0.9196426541144339,0.30792785592774,-0.5554210357189985,-0.8493256429150118,-0.14019450025940777,3.0252277988970655,2.4815899382631414,2.1467221036809794,0.4962040647307309
2018-10-18,0.4483453489632668,1.7364043491624028,1.0195978294713788,-0.21263379021090614,-1.5671451156523906,-0.6125271764457264,0.6569919198156037,0.658811959629043,-1.7615353909902784,-1.223906009703638,0.45343810734701506,0.20382687176097927,0.09043027291641079,-0.9894028335351579,-0.011218521094489597,2.6771034243532377,-4.265171710704842,0.4962040647307309,-0.2728234599404129
2018-10-19,0.35572601696108025,1.4010233117066944,-1.1658910015928112,-0.05849311938446931,-1.4061030066111067,-0.2933251387415542,1.283421058733422,-1.0389076256541194,-1.4382808011528116,-1.6744253283217236,0.4872480603837202,-0.3281662222380996,-0.11799187460726997,-1.186412913521515,-1.7153590987409137,2.0811029055479406,-0.9642133386805049,-0.2728234599404129,1.5885555353601055
2018-10-20,-0.4114134518670175,0.8429974115942962,-0.9006425263218026,0.14976359664919606,-1.205073855088724,0.9874272344138805,-0.011990735672173496,1.4792827723332658,-1.2531709719729143,-2.3237559026927737,0.49483455710104624,-1.4555474611014478,0.059348409542172235,-1.2147708376143929,0.9717936121556326,1.2373225848532823,3.504906074875518,1.5885555353601055,0.4645500120312904
2018-10-21,0.10151493887136333,-0.0004195874721192672,0.6733150440507242,0.37627648952170684,-0.9556178119499511,1.6287003223681735,-1.8498001981850214,-1.981591142567543,-0.8447636836095319,-2.618245666417704,-0.9638432227758127,-0.7983948411376286,-0.1731379726784172,0.15271821819944625,-1.3862673405133292,0.8546189300931801,-2.09082572759464,0.4645500120312904,-0.23732977083527976
2018-10-22,-0.25463283407366344,-1.05731671800468,-0.5163802561452487,0.8604265517837238,-0.6832289617175384,-0.08509336164028679,-1.779830332051475,2.0300271943263346,-0.2602514861877939,-2.6548649942062914,-0.36914599478974575,0.4274790431340838,1.5358571962123786,2.109825845595654,1.5012518540553963,1.0269209983749397,-1.0693314762976378,-0.23732977083527976,-0.2834780459406799
2018-10-23,0.20858001052414263,-2.1353104690303226,-0.2912590698122636,1.1952373900291655,-0.4607601944558365,-1.9782111242691571,1.7580590269117904,-1.1911884209357702,-0.4134072827803434,-1.894152396358128,0.10619673102334652,0.905360729541046,1.422036115419224,1.2998750313451657,-0.4299248907424275,1.0190645703261445,-0.01808671995751811,-0.2834780459406799,2.431512301771855
2018-10-24,0.8131566998922349,-3.1111682670195737,0.42537426587995825,1.5549720736472143,-0.229307193187687,-2.0723820170871434,1.7995392108729413,0.1841366831117025,-0.6589901301072618,-0.8931460881573238,-0.5137590259644111,-0.05198685423736515,0.8628778219333492,1.5688313184077611,-0.09491140038001877,0.7182123466084651,4.204864378802616,2.431512301771855,0.7729147434341698
2018-10-25,-1.5764595261561294,-3.8763524878755193,-0.1525711963660493,1.8441141465367012,-0.08167687350800726,0.7029328232347435,0.026965139445275694,1.0268064034984128,-0.43189882614126457,-0.3048033553251416,-0.4915741894366491,0.24506053515425202,1.4063274160185133,1.7607291107312208,0.08316588416512144,-0.25874943067468387,-1.3366289832371818,0.7729147434341698,2.018415709877657
2018-10-26,0.37321593866915076,-3.390093327770648,-0.2773647022522324,1.9812843181923452,0.07672665560059096,3.2264978936278776,0.8809926574906365,-2.3892603367084035,-0.10909475393800457,0.01626909756484089,-0.5552946963868903,0.5953833208733661,-0.32405058863811403,0.6459684390441297,0.2870515437833809,-0.4151614039334971,0.6269729261927786,2.018415709877657,2.3913538349485814
2018-10-27,0.5546089504743208,-2.270059555177985,-0.27097346843497966,1.8222305425544802,0.23612911494445454,1.3970742922537371,-2.3421522028569015,2.825269010227618,-0.1714548881107709,-0.1431246520449712,0.4343953543210561,-0.08420737720593903,-1.2621627305060357,0.3900461480682759,1.1405264935596358,-0.0279590329096803,0.1508825172501104,2.3913538349485814,0.7940565553221307
2018-10-28,-0.8949248986482062,-1.2241705181123164,-0.1919738325844835,1.6764940832936504,0.35228885150082906,-1.6164622864816203,-0.8732088917355733,-2.1850378372643697,-0.40734898381259443,-1.1023681466363464,-0.07650876057290974,-0.18266357151068496,-2.551971992757991,1.0936502155920844,-0.9239727683400494,0.043249745311978637,-1.8696308142819922,0.7940565553221307,-0.7451324606004716
2018-10-29,-0.16304875966346488,-0.44522070021760757,0.7591888143346904,1.464452187216325,0.45317089605334354,-2.46481367347044,2.4145010392262183,1.4019705240558862,-0.4352560802983227,-1.0086022250757587,-0.0015045863799848336,-0.37573301591626024,-2.124895274377665,-0.599690049044173,-1.7250867100236593,-0.6700582234593804,-1.8858543266469097,-0.7451324606004716,-0.08248613074137047
2018-10-30,1.598912568143103,0.15669354496834684,1.1012968633293216,1.23147094922703,0.5318098151452019,-0.5547012026147988,-0.6583479151334588,-0.8607904171944133,0.036391498073058026,-0.6705658216464,0.24382483850040151,-0.5765881571152267,-1.2847862934207104,-0.6821744112201551,-1.3014126355855509,-0.963680314738626,0.47689267674112373,-0.08248613074137047,-0.7856083069861597
2018-10-31,-1.7989694570860215,0.6153047163188129,0.06201027540042234,0.9892796835570109,0.5990909308396556,1.3812553399584366,0.5383960676676217,0.6724595728884596,0.3188379379720788,-0.17898383083540892,0.16725343111902444,-1.0680833813585118,-0.608233990767553,-1.3004135591245938,-0.11190405154197978,-0.9220748397768732,-0.7509297897464461,-0.7856083069861597,-0.3412655650401294
2018-11-01,0.9319389695614313,0.9535346970608871,-0.2800101796878931,0.7499296522883704,0.6474543568883605,1.519917344328949,0.3505748140206171,-0.7838206047067869,-0.303785460127942,0.3086150717434893,-0.8673974599171322,-1.843441270242911,-0.6901106845810617,-0.2599221720736222,-1.0374512441263524,-0.8903146671492194,0.9022522101170185,-0.3412655650401294,-0.8353489581862104
2018-11-02,-0.021467384043424985,1.00587034923567,0.0733300480155177,0.5805929239393584,0.6793637072343758,0.23193498431552417,-1.1779257310635578,1.041350807898021,-1.2632975466734515,0.7136923177018833,-1.7701021593681705,-2.1518044245000136,-0.9063624291420953,-0.1907803835124437,-1.2123050538121953,-1.2863092785568828,-0.3543881500800064,-0.8353489581862104,-0.1820351971673496
2018-11-03,-0.6621401835293141,0.9175168646166887,-0.5845393562720581,0.35848502843552255,0.6753345178325912,-1.1016810843600842,-0.23138856274888966,-1.1311501998258953,-1.7238329310763985,0.29621035633160187,-0.4555265433068814,-1.05001365579478,-0.5017952863423604,-0.6203807355323099,0.7752543299643017,-0.9107768257355876,0.6381252422379141,-0.1820351971673496,1.4445102415680993
2018-11-04,1.2778724671934405,0.8567096069008656,-0.5096192926253593,0.09062132439350275,0.6039875409423372,-1.143939202649508,0.4111595505760326,0.8028986395854459,-1.1840679515597292,-0.5218028282857261,2.1412823608762968,0.06150779753939704,0.17084799448577026,0.01635049462531446,-0.20994288018831084,-1.167668440378563,1.8564478510221862,1.4445102415680993,0.39281897857781434
2018-11-05,-1.8392717626847999,0.7393778292721176,0.6796727490867901,-0.112324181201497,0.4440209026616106,0.13437445587611685,0.39162083942423875,-0.08585830296071292,-0.6560728878389361,-0.5441645041449605,0.11909185795673069,0.6902327135462744,0.9719053998521529,-1.1987411421113117,0.007922280770718057,-1.093845440583504,-1.3003552635107172,0.39281897857781434,0.9060736521889319
2018-11-06,0.5889126762221596,0.5071069538763538,-0.1445777418389417,-0.3225300306227355,0.3978865925890856,1.064913350251526,-1.481988049573373,-0.5405390228985096,-0.29453268395373006,-0.1074597245552557,-0.13796377888540606,0.6415203653802628,0.46585020329939636,-1.4712731163959976,-0.36934573037362245,-1.314397444227496,0.3962715713807415,0.9060736521889319,-0.4321047771192092
2018-11-07,0.5847825146709548,0.21205312018277217,-0.930520604728183,-0.5648004650813642,0.37245704801888857,0.11661821941046958,0.09544880192928222,0.8235140563366492,-0.18402110364640345,0.29843519197860086,-0.5131945426772659,1.3313087647029667,0.07892815774355838,-1.4559201693334787,-1.0484605513313496,-1.8955098927121066,-1.2918077787990447,-0.4321047771192092,-0.4565276814185587
2018-11-08,-0.39661956507561363,-0.14185239220044354,0.7651529516164937,-0.7648528617553267,0.337385556399673,-1.2644804279447663,2.567198329551198,-0.7679731573382163,-0.4123125791558151,0.07115540352504193,-2.1980259752554243,-2.2238761437130656,-0.41416912837410896,-1.1343485161664073,-0.8812668351064546,-2.080207325931375,-0.26036454938752635,-0.4565276814185587,-0.8581688063255635
2018-11-09,-0.3060659556947914,-0.438964472443931,0.5886257923664134,-1.0181839149696383,0.22592635458548618,0.05865700777065914,-0.3063511877721321,0.5295938237425903,-0.5162187981248219,-0.24808442668672132,-3.1687923298972005,-2.21629504369272,-0.024946375153258694,-0.470432660312616,-1.0019769525319588,-2.197144601035502,-0.40198389022365305,-0.8581688063255635,0.21589091726364137
2018-11-10,-0.03438898599454368,-0.4839494157099713,-0.8113121335588213,-1.173611143888643,0.1625491343798233,1.2036826381667314,-1.3734141506261563,-0.15698045524247917,-0.31492726201359983,-0.2906306155000536,-1.357495582182136,-1.4814857876754353,-0.9635790823485345,0.21370091416952094,0.3498876134559937,-1.919698067926434,1.800604313844432,0.21589091726364137,1.504807397955622
2018-11-11,0.9175182369363819,-0.31093662117002835,-1.00171488233343,-1.2627733420910237,0.17827439542105875,0.3110799359200534,-0.2280612713649269,-0.132733676922666,-0.062519003050864,-1.1106272415926601,-0.07459048970959255,-0.9708848731902396,-0.7580715624206485,1.0732865224639396,0.49435150635623365,-1.5036212923541616,1.160002073878898,1.504807397955622,-0.057674311770431363
2018-11-12,-0.15303498091598428,0.12792173965446502,0.35859107829735315,-1.301320240660847,0.2036584443871722,-0.9921897639590674,0.25606298467957034,0.24612536823408077,-0.4444525545976592,-0.5479916386075834,-0.7143851946079559,-1.793623203099313,0.5897078644347408,0.3855162250811728,-0.6954125142130291,-1.2693615354190229,-2.3169735986425644,-0.057674311770431363,0.3727992694626401
2018-11-13,-0.6207691952805828,0.6895972368727851,1.1045927454991655,-1.2877636028347508,0.2533715627277093,-1.2906789500857596,0.21534267483179043,-0.28176172407959943,-1.031846235371261,0.2816769640552363,-1.7269796810252531,-0.7032877178409274,0.990381996775089,-0.9177620134879231,-0.1670410483070387,-1.1623572157801363,0.8883421779932745,0.3727992694626401,-0.24360147072185537
2018-11-14,0.010389277475003145,1.2979939387345303,-0.02893294204929865,-1.2102661168471653,0.3140603733252797,-0.020023752095120632,0.3373091527685982,0.2781766718313677,-1.6465902754421808,0.46330092770810577,-1.1002768904305682,1.1954626965053752,-1.0374466873408466,-1.2591638554815732,-0.485469531166442,-0.9970544904066682,-1.3272270974607594,-0.24360147072185537,-0.885017702332317
2018-11-15,0.42106947118302807,1.8656383193251431,-1.1754203134107908,-1.072683794111825,0.41438303448244646,1.3070644280338353,0.4385175172768098,-0.15045392396858798,-0.7996288627241513,0.8843644541977487,0.7717367023951324,0.26248866197114495,-1.5419718773269422,0.015532976881234008,-1.3315365126851342,-0.9738929231039889,-0.6823528363001535,-0.885017702332317,-0.6065348895302872
2018-11-16,0.723292442590257,2.14043658789688,0.1946088334597044,-1.1998051848995983,1.6554441738110228,1.8436001603217687,-0.3606213609509974,0.29670572199961165,0.10016926751769091,0.4045645177532008,1.0996547939639572,-0.024498555534728777,-1.2852086066043606,-1.8043338292273683,-1.2140948418315358,-1.454726687141483,-0.19808962419948592,-0.6065348895302872,-0.5644506527777419
2018-11-17,-1.1130041267284585,1.749113268867232,0.852059814905858,-0.9324054321639224,2.1996421767504692,-0.13512147626676477,-0.8898686285535395,-0.2869865750702053,-0.2945768963420295,-0.15117872601784432,-0.7465921611475728,-0.9377709348288193,-1.0544113665047328,-1.669051042430072,-0.9511899975693344,-1.5260296539016038,0.3225495569651127,-0.5644506527777419,1.29813587166277
2018-11-18,0.4895219601369839,0.23783809179226803,0.3367689719983214,-0.695694020422918,2.5226743117799217,-2.491943161911138,0.2800520673985061,0.24958626285931457,-0.6235812917788328,0.4034432691633009,-1.9970159718216995,-1.274437925692358,-0.22725281541069814,-0.0352321487553807,0.3125584374692055,-1.2842674814278363,3.741087253209985,1.29813587166277,1.2641393496524083
2018-11-19,-0.5428420542236629,-0.4627553633814407,1.3293747253053338,-0.45881259491699783,2.938975172863799,-1.3809491599458819,0.6916028386047102,-0.08191901216504276,-1.428073281105066,0.4994143405625036,-2.261844734414997,-1.3947435134221686,-0.8302861794197245,0.3011590217708973,0.9267155683068323,-1.073344676637389,-0.2096402182241844,1.2641393496524083,0.5140448261317798
2018-11-20,2.3504693761674615,-0.7838470362285582,0.6223277299189363,-0.2724997576823825,3.2318737404474756,1.0002072964345459,-1.1192941376677472,-0.3091524522487647,-1.7509004169065254,0.48194388544098604,-0.6689879325410437,-0.26876243030600805,-1.0793627728295452,1.0021933513823797,0.3093918970053338,-0.8178470201166618,-0.9231917246127982,0.5140448261317798,-0.40979547240016506
2018-11-21,-2.8235144697702164,-0.7718655462245186,-3.2068787550021756,-0.02143307556733246,3.4460782755003563,2.180599020644636,0.8842686192126299,0.7099675334290756,-1.920542760632172,0.28407116583796804,-0.37758702434558383,0.2773254974190931,-1.1807215319616218,-0.9469498567559459,-0.25687271841358966,-0.6438872305265355,-0.9875951577845468,-0.40979547240016506,-0.15050345122898556
2018-11-22,0.47291082469590673,-0.6374862488168888,-1.1534891051629999,0.22345613543072854,3.4834231320411995,0.6518785283298874,0.5591813140964225,-0.7520931646833315,-1.0630370885884135,0.580796258913014,0.13308963697289353,0.44206274138247015,-1.2416562569665235,-0.7202584422480764,-0.7684593613526329,-0.5562442883878197,0.42973401603778577,-0.15050345122898556,-0.3060226590853688
2018-11-23,0.9039446298447164,-0.32011286162163677,0.20472841029898642,0.3871524314290323,3.307801631090264,-1.5028928832777717,-3.3819050067313263,0.5570068458260684,-0.09563984910163176,1.001167198796397,0.4378462416086191,0.6473835024986451,-0.27225825146677024,-0.8574229387440588,-0.2793728037933149,-0.609512114805436,-0.17972337019420015,-0.3060226590853688,0.5650395300312759
2018-11-24,-0.9967063896854522,0.03477305685589163,0.9829392274789759,0.630873792338551,2.8751229080747596,-1.3080166757761704,0.8855013563029329,-0.4612542657930491,0.46982273502068916,1.2281665572043716,-0.40807324724354105,-0.4745707409556623,0.5631416821385357,-1.177152774908428,-0.32710441252792183,-0.7005287953240678,2.0416053747571143,0.5650395300312759,-0.41357532806152514
2018-11-25,0.9848621505643154,0.3880100311103112,0.5220196069859472,0.8161100074895642,2.466448400143797,0.10834866530995213,0.8142763506644739,0.6029157891968188,0.6958237215202854,1.1481406971300079,-0.6266500885854199,-0.47773388453308624,0.13504284770370584,-0.9648503670129718,-0.4707926769061473,-0.6816076184559083,-1.35495287638822,-0.41357532806152514,-0.3661338850338515
2018-11-26,-1.260196086627696,0.43373784573784213,0.3605459917257625,0.9923171290729188,2.168135090737668,0.842068955030156,-0.9444721775238624,-0.9844709482475315,0.3891738609316147,0.9721357928409932,-0.885549114848331,-1.2225834625844856,-1.142276457654316,-1.588437902976937,-0.07341531619275855,-0.682539355511529,-0.03642905395385727,-0.3661338850338515,0.33896258726492295
2018-11-27,0.9781750259597757,0.16446682928772885,-0.07863849111170364,1.1143590950686058,1.663777248460048,0.43225272664543535,-0.7643360670795628,1.5184585908541008,-0.5377270494375126,3.6541934740719726,-0.8777248402546444,-0.8153142706440354,-2.2827203331285046,-0.3134919719635242,-0.38585611989108726,-0.6225262301262291,1.348027669139667,0.33896258726492295,-0.3583402157998439
2018-11-28,-0.9936705879661537,-0.18637872883471263,-1.784518893226222,1.1861273188819144,1.1399120297597647,0.009522522312769243,1.2422429737461675,-1.8842903415662384,-0.22894683553114445,4.1844056110302335,0.20772683521140453,0.9581518590526237,-1.7300738426525002,-0.2778674375720517,0.41446446753803906,-0.45040381980171273,-1.3795639671654554,-0.3583402157998439,-0.3945256845756657
2018-11-29,0.584490036426962,-0.5006291522689501,-0.7566504868155164,1.2516598011047404,0.6315503230464525,-0.11272492372537526,1.258804264792946,1.6633706743582213,1.0714682374733242,1.2863285164995872,1.095702884960877,0.32467718834085624,-0.10224502198449481,-0.3572316995432559,-0.48769971897950776,-0.3064507283078202,-0.10603847915444843,-0.3945256845756657,-0.5627177958637855
2018-11-30,-0.41772327805765247,-0.7687463492726232,2.7345122772006665,1.2890668051430476,0.12905141581340895,-0.2309929459985652,-0.509395215047526,-0.8123048443898385,0.550291731967157,0.9710911831850828,-0.9020687527448341,0.10115966236206471,-0.07868785005349106,-0.7243117766852425,-0.25776576318759853,-0.22903740573382955,-0.3936789891519622,-0.5627177958637855,-0.09942278953251975
2018-12-01,0.17121116005927056,-0.9593193633888941,1.5958207764635577,1.3068632675060876,-0.4230808864603395,-0.2554246306124527,-1.7253404466434834,-0.14938961047451804,-0.024382942726397225,1.6178052143379078,-0.7321950375149805,-0.03153242312640354,-1.4440094378137922,-1.2630353000027543,0.18664432368169676,-0.2620077060967839,2.174806573815222,-0.09942278953251975,0.06046835783951871
2018-12-02,-0.5549555102331671,-0.8974991409094013,-0.6823943065670824,1.283432878608522,-0.9289920611513243,-0.06582242427796044,-0.5924819671600273,0.7405360744794225,-0.5365696228514795,1.6026938037622558,0.41987687259382767,0.5887664466133479,-1.191779845528935,-1.0924663839012332,-0.19489628759561622,-0.3867496844569638,0.23250636642765,0.06046835783951871,-0.538181350665727
2018-12-03,1.083745365956584,-0.2564504078590225,-1.0737291783616432,1.2322013142868187,-1.4390590642011987,0.3734913146984634,3.4306889982504076,-0.7837830592079936,-0.8311084885640052,1.0405108282806235,0.036242617970970274,0.8536407239906114,-1.086526308405338,-2.0487494864283726,-1.054953869049827,-0.5462345465125719,-2.3948346703682217,-0.538181350665727,-0.5744077232359849
2018-12-04,-0.5556823783553608,0.3606584167097041,-1.5005490002238322,0.9922930864200982,-1.9196417461193378,0.23877049082438656,-0.8431374144261133,0.17682752659153247,-0.6728539727593744,0.7142280358322153,-0.20798363139947842,0.6973049806644626,-0.5787150259172682,-2.7292422535976053,-1.1148307820999537,-0.6947816772537719,-0.3771794360334855,-0.5744077232359849,-0.6026502081611871
2018-12-05,-0.7231274941697392,0.7172670960790122,-0.5698098696250986,0.9053735473027009,-2.393000609421433,-0.06974291167872043,-4.0728039382508925,0.7001071849047568,-0.28257824225666023,-0.25285662141229814,0.4338461734038507,0.6111900082824531,-0.5139135235821181,-1.5451956141790142,-1.4319335984700337,-0.7226743286477528,0.18431843453638228,-0.6026502081611871,-0.6736232602567092
2018-12-06,1.0425096342663476,0.9365340449195826,0.29697329007274625,0.7150201785953326,-3.2316096851665335,-0.35975357907231087,2.6660098084575345,-0.9011443200252116,0.11725134806553586,-0.44316023542341504,0.6711057737111893,0.2246742489497974,0.8334536921179586,-0.5464354530510286,-1.4619859185598294,-0.8274804897142387,0.13094316383996457,-0.6736232602567092,-0.8966069290088748
2018-12-07,0.179065551841888,1.1304823796108796,-0.6773783408789762,0.5450911525267441,-3.338275117616822,0.1173779708490328,1.1519785635235196,0.5558532691193846,-0.25390978416529864,0.7046866553708893,0.23506165758622038,-0.4423758567562906,1.3538095873515867,-0.9425753079925865,-1.6022997583431435,-0.9447465829883746,-0.11656776223185095,-0.8966069290088748,-1.0577661226061017
2018-12-08,-0.5852473497896723,1.1383282030626247,-0.6623105171004616,0.355029570901267,-3.4751040799119406,0.5328872919817912,-2.077088803416429,0.1077534154687736,-0.7379834478791792,1.1109985038239383,-2.2525413063918847,-0.35540881269057717,0.32637055971426177,-1.3001927610478403,-0.9970455068710081,-0.9955476789839959,-0.0698221550011536,-1.0577661226061017,-0.9174001296996127
2018-12-09,-0.8760829095193164,0.8910018402882393,0.24889800507625823,0.1291200201168272,-3.4793898366498586,-0.36718635440519665,0.05509329102398597,-1.0955601778053772,-0.6534217594266271,1.6857996337804426,-1.3108419458847718,-0.04233704325655772,-0.0715474219896115,-0.6866119343362206,-1.6446209314503675,-1.1628428857713542,0.3267237022384531,-0.9174001296996127,-1.006208058292101
2018-12-10,1.06419397664887,0.39621344362903593,1.2963659222093575,-0.09401922911661117,-3.391912296922949,-0.9044650479611286,-0.4923374678936812,2.423742396214854,0.020029835742059434,1.158403123613015,-1.2286467320457568,-1.093339803165104,0.5397867893538819,-0.5171093572772638,-0.6565936685390678,-1.2096725598849367,-0.002796558954243115,-1.006208058292101,-1.0312162890647976
2018-12-11,-0.24552417340817514,-0.011693752844555356,1.182543437408673,-0.2907277766926862,-3.2355452226137573,0.1835526454191084,-0.13740747091598343,-2.6774849620369654,0.19157940773472792,0.6663434503335847,-2.551486709661741,-2.432209733782921,1.633529225596176,0.4174792877497247,-1.2486911240438308,-1.4140353466714604,-0.02496212923770849,-1.0312162890647976,-1.0912959604957342
2018-12-12,-0.07951649530521394,-0.30643933748546864,1.4371598447835878,-0.49601983451845955,-3.043148549190403,1.209696350100191,1.1096153494063064,1.9078045893757338,0.33781224614212474,0.2916560537166401,-2.841209127125097,-2.1659073406745666,2.089804259280094,-1.3053239608283336,-1.6459546016516071,-1.5616008644876005,-0.1026653594789424,-1.0912959604957342,-1.023657903301955
2018-12-13,0.40294772832121734,-0.602660166436681,0.41340021469226035,-0.6440292157615702,-2.7961669214029583,0.24082893547279582,0.6305554182171875,-0.9243712395721556,0.21799994987259275,0.7152209193886303,-1.564645423094525,-2.5472368210967837,-0.9716930010095112,0.34018644483494387,-1.086589724349638,-1.7413133567950858,0.2986516361784766,-1.023657903301955,-0.7679717259421661
2018-12-14,-0.6755221565715301,-0.8017569921302785,-0.3593176636446523,-0.7553220344159686,-2.501295293994207,-0.7850953000782582,-0.3671208384591967,0.18660842954396423,-0.5384571951099529,1.4351056135302547,-2.538970277224608,-2.4191603913787767,-1.8362806428199119,-0.03878159365943377,-1.3079288417442652,-2.027484093189893,0.30976271603229616,-0.7679717259421661,-0.5603451808731347
2018-12-15,0.23048458845989173,-0.9701954211616343,-0.3818253947303909,-0.838747719549709,-2.198545663628981,-0.9731238418845505,-1.4734386723521378,0.20951857604288784,-0.9202764274634994,1.5216967700323052,-0.9576344194687968,-0.8445489793800814,-0.6715402615232228,-0.8811846619586785,-0.8145096587840134,-2.2197436974598177,0.9390174398550121,-0.5603451808731347,-0.45608171143494475
2018-12-16,0.6384037489210491,-1.1656271361844397,-0.4184222297557828,-0.8877765205915897,-1.7785857975017894,0.42634924895770476,0.8071786477579888,-0.3487396771326271,-1.052955104351146,0.7181784018400847,-0.20199987618603443,-0.7532247603540997,-1.1031655648629566,0.8288724901206572,-1.2195609959327676,-2.3444799248973025,0.13436100006385895,-0.45608171143494475,-0.928800933620425
2018-12-17,-0.08130001979738338,-1.4922081412132315,0.028859769691891333,-0.9337065050523619,-1.2738569760669616,0.822003655870414,-0.3752513514317571,0.3839887001039597,-0.7749058204824347,0.862859562083886,-1.4360239268141952,-1.8708212086247704,-0.507938484297238,-1.470364560472549,-1.6945471885332848,-2.4445869315467483,-0.7356717695622336,-0.928800933620425,-0.9333368656319945
2018-12-18,-0.7215798612640463,-1.9929771232524294,0.40176503429563315,-1.304073515436154,-0.3054684797339763,0.07871246479880337,-0.47284552606570995,-0.422731968919535,-0.4494885029441805,0.7515600522508116,-2.22246757805011,-1.9449919113428158,-1.0226214091957915,-0.36682829680228785,-1.133739101389192,-2.3944342579422995,0.06477147650930258,-0.9333368656319945,-0.9723018091327983
2018-12-19,1.1225187742443792,-1.9107471675146435,0.05276113914652035,-1.0595884253208159,0.007215669451822999,-0.207886587498182,0.5905959695891169,0.23956545889252892,-0.04118241672697355,1.5302764165852105,-2.1638150566503187,-1.9589051051572859,-0.5520485676499295,0.3828462126888515,-1.1799316260683934,-2.5081200216686494,-0.13930489537777183,-0.9723018091327983,-0.9839043137639909
2018-12-20,-0.12054197498746659,-2.6668027246203345,-1.0242423936094192,-1.030475918859762,0.5009778061022664,-0.9463867799345494,1.0131487479002996,0.11672574436134288,-0.3266835787394153,3.5833674270993274,-1.5801450363375473,-0.8841406205379932,0.3320111049934839,0.8939201924140084,-0.748617867843035,-2.4424434492501845,-0.024021462049126766,-0.9839043137639909,-1.0621309660833378
2018-12-21,-0.8564356776099633,-1.8016380811011887,-1.2647101687793534,-0.8790143511068315,0.9251657840772451,-0.6648371998065374,-0.009104945999599766,-0.5150953726830672,-0.5658821504805184,3.2454414470029374,-1.0826705407383785,0.30603942415023944,-0.3396411909133887,0.13189687242531176,-1.6247350702794743,-2.6999614346205045,0.14215060023231452,-1.0621309660833378,-1.0601018748585593
2018-12-22,0.27028814296583453,-1.0877804642437552,-2.3337888219859098,-0.7006347537638409,1.287744592344467,0.5048692004703701,-0.8223547222192896,0.8137353665849938,0.4801239866798129,0.28708061070147445,0.6339609105684932,-0.5195548849495608,-0.10561752893770385,0.41654794847973664,-0.6465222848716049,-2.800262229939543,0.04629518875176483,-1.0601018748585593,-0.7154776050143836
2018-12-23,0.9180695664929907,-0.43387636101994903,-0.6963740955790254,-0.5036692975068059,1.5292012716962904,1.378380499764066,-1.5192092487951638,-0.9994591872596332,0.6362798906386288,-0.22719053691774022,-0.3224441777929318,-1.828424305110566,0.2438183885037599,-0.7298012485857269,-1.0456971329324507,-3.2157876492084156,1.3077578943785721,-0.7154776050143836,-1.0802890666924199
2018-12-24,-1.3504871203576732,0.2126702438529427,-0.1517885574703088,-0.2734925943741397,1.6804315943897101,0.3499566049891007,0.7899561213286804,1.2234391250432963,0.3108103978302226,-0.03622996524148709,-1.8861580618561578,-1.8194896029234893,-0.29600996196319446,-1.0520821999280392,-1.1104163907276998,-2.7637549939790866,-0.5868012599149547,-1.0802890666924199,-1.04391059638826
2018-12-25,0.699607789321686,0.8235437853904483,0.4676302206786911,0.06158834372622346,1.7413896072221582,-0.7940342554273832,1.4347211053079267,-0.7508188450592109,-0.19132681950420632,-0.17664869584160245,-1.5790543612320964,-3.181736768475603,0.29790794702962736,-0.7125371309317864,-0.859156359929357,-2.2982916994353797,-0.23153506112192576,-1.04391059638826,-0.9504531035052964
2018-12-26,-0.8193903690169257,1.1584296010894155,2.393880239423213,0.4199214885682089,1.785779155145931,-1.1469383209334036,-0.8271016436976717,0.29113802208338135,-0.33526952777437696,0.29092453795066064,-2.245820799790594,-2.31160386462338,0.5276161450188898,-0.43320529564556154,-1.3351450695924418,-2.188907440110292,0.12841315850308632,-0.9504531035052964,-1.131247876800966
2018-12-27,1.06023194266791,1.2629174460540853,1.5623367377464588,0.818503208757293,1.7592505387677422,-0.15375744605013797,0.23060599776900575,-0.009734785160284046,-0.7355836546453821,1.253924347200337,-2.3396515410629704,-2.3433891402084064,0.19231709753221427,-1.6304208124087127,-1.1430910897038502,-2.0549300989043786,-0.5035673802100428,-1.131247876800966,-1.1775650681614378
2018-12-28,-0.6755369218885501,1.1040006379237866,-0.22779187598565082,1.3267440953800171,1.7063792376203544,0.6974491118177273,0.1722294229144511,-0.28000028175111047,-1.3201401114583047,1.4350032248263975,-1.9473261193111981,-1.3272017341271272,-0.14877567635848557,-0.4036298801157645,-1.2782668491893552,-2.059015680355784,0.06824131237280213,-1.1775650681614378,-1.3875297159440585
2018-12-29,0.2750897078002642,0.8276035125953143,0.021067339153900973,1.7368324746360497,1.6365361568738925,0.36596100948253174,-0.3609167821886706,0.5514122371558241,-1.6996592603608616,1.150868380560758,-0.8928835025797561,-1.0002263456381646,-0.6140443959428646,0.03861657329483386,-1.656111859120207,-2.1302259852838805,0.32499129291996554,-1.3875297159440585,-1.2486680359755458
2018-12-30,0.48962046580184937,0.5374669602896506,0.1303953923081133,2.1086290472099773,1.567940316864344,0.36853978581566055,-0.8854445766790028,-0.5541844027554911,-1.6768973300011487,1.1997192122446645,-1.086383661608279,-1.1218089740707442,-0.4378177010378868,-0.527393234502893,-1.2358341463689788,-2.076456701245276,0.7300459686372232,-1.2486680359755458,-1.0784405503544612
2018-12-31,-0.7357699856359484,0.3249382081970526,0.2579836946237415,2.2995276560362496,1.4571811001918167,0.1815159603008575,-0.014044479548253462,0.09007951596773482,-1.5605342771878619,0.44008959039167156,-0.7417401152736365,-0.7621545294512926,-0.6485254615935035,-2.3920780685523466,-1.4621203074416793,-2.018875141359125,0.6909578574629321,-1.0784405503544612,-0.8610825488149081
2019-01-01,0.895344342499063,0.24165712293019298,0.2213359850628231,2.2758632268024663,1.255276476248698,-0.11005831472194832,1.943924158067468,0.5837234903627933,-1.843212093960231,0.1929737204195161,-0.5604784638457176,-0.9755148599375011,-0.38107215868973715,-1.7382855208257142,-0.4030586940593934,-1.9040538092537023,0.8429439974136691,-0.8231750359763824,-1.1237666724261592
2019-01-02,-0.2721755596326003,0.24453226089325783,-0.05067312581859439,2.1435859074332795,1.032463324564155,-0.8756103163257788,-0.32215955132608765,-1.5343618282003397,-1.8823380730843884,0.477068941000412,-0.8598424755271357,-1.4653508730021065,0.700941592164394,0.22562086854173136,-1.1607508226421195,-1.9239638620863355,-0.0954060416512624,-1.1237666724261592,-1.1198364830005039
2019-01-03,-0.0005686507692990847,0.2538756903548523,0.9508658977244635,2.036367827605753,0.8365726264052682,-0.9239450794706255,-0.559026139086256,2.308733650143805,-1.4196219732289916,1.2334214798054526,-1.4220451841337771,-1.0645354418347621,0.3012479727878782,0.3101404303101364,-1.1817811607235609,-1.904993218290187,0.6797528731532968,-1.1198364830005039,-1.0560760928446153
2019-01-04,-0.6023285888848631,0.5061863495025416,0.3326376264898024,1.904710779969142,0.6155537509920973,0.15020151522467495,0.10573012067651595,-1.3064172446275397,-1.3779023131855914,1.9039324681866094,-1.0319064084416658,-0.4557247897316219,0.09089865901784966,1.7838260364710645,-1.1172701213699292,-2.1052197802125745,0.4148714238370383,-1.0560760928446153,-1.0943436320641424
2019-01-05,0.5410355515082581,0.6605368858859868,-1.329560049862625,2.191548795236098,0.4223778491496044,1.1345215897320322,-0.7075028969392153,0.15844234389018041,-0.9856762385464386,1.1417493266220415,-0.3281954296814281,-0.2873406920177237,-0.9201014672485901,1.8621579772711705,-0.7564340041719587,-2.066833631378306,0.07123259596245793,-1.0943436320641424,-0.8919742585241405
2019-01-06,1.268667359035179,0.7003569773097829,-0.718754763934583,1.9819758576811675,0.1402766736968446,1.3407261922102873,0.22672695103341187,0.968489196936653,-0.47536137566667663,0.7630529016395363,-1.0653536293450099,-1.1508330308248873,-1.2719265290704234,0.3856546412640706,-0.43926056153342186,-1.79140844718858,-0.41537407292484185,-0.8919742585241405,-1.0174019547447395
2019-01-07,-2.7909494717659284,0.6158896674516766,-0.24327666619878405,1.7084037912810857,-0.15319601851977974,-0.015074582419821974,1.2313821180700981,-2.049827461333406,0.18601759242747945,1.1117102170191138,-0.5798796328105774,-1.5035073744620135,-1.603343587777229,-1.2271514972793656,0.27415741829116924,-1.5834228523372311,0.39903231522547544,-1.0174019547447395,-0.7485368231783752
2019-01-08,0.44698913299569754,0.41061235023849385,-0.6961305748008061,1.4887309233830401,-0.390072874598761,-1.2625698081933927,-0.1974000904055885,2.2320577555428107,0.06070813543996027,0.936762835053763,-0.9154635060144126,-0.30827056390315716,-1.246239060811723,-0.7748881404278745,-0.004235917144782363,-1.2486275452259123,0.19666152323964456,-0.7485368231783752,-0.6321339834400684
2019-01-09,1.8902045346708756,0.16055236765331413,-1.6863087129219219,1.2349052715179354,-0.631271291099327,-1.7034697197573072,-0.6768457038822255,-1.796070691409586,0.34114253008256096,0.6550254118235503,-0.4886745379754149,0.6780375173328222,-0.7312675073982601,0.7321998600576616,-0.6404414374247617,-1.0914387102062628,-0.2277130367988667,-0.6321339834400684,-0.7152329382366462
2019-01-10,-0.8064795220457947,-0.08598594271030455,-1.640516437823811,1.0315711638497511,-0.7949535084288482,-0.18592250361169135,-0.027376495389079034,1.1980768216935807,0.9840404086313803,0.46621876428789116,-0.07861873545313709,0.5757819759027732,-0.22873499990891702,-1.5688004325888194,-0.32787305070222583,-0.923573247397734,-0.5857301457491948,-0.7152329382366462,-0.800559260047764
2019-01-11,-1.782420973771952,-0.30174626771286456,1.139148664136058,0.7467030582228814,-0.9330133338976672,1.3172929338349175,0.06277420719042796,-0.48003614080384366,2.3263071416971064,0.38014414332944546,-0.2051898432010018,-0.02138440991422434,-0.3427761686023855,-1.380428444464461,-0.3229126105598804,-0.852547824192296,-0.1579823718956444,-0.800559260047764,-0.7763868678628076
2019-01-12,0.9090203761404908,-0.45409905664401495,1.166467794362944,0.4269264724667151,-1.0772086730323418,1.279571163674038,-0.06929682096117423,-0.0759546422916068,2.4208877712009067,0.5805738037803938,-0.3434295553766581,0.15169226750806042,2.0338426234162563,-0.03419599153470525,-0.7293327349432416,-0.8242102707466209,0.27216154153641037,-0.7763868678628076,-0.8216849747988668
2019-01-13,0.8292204104556401,-0.5825669966060982,-0.6391765241787722,0.0680318226520522,-1.1062874286711635,0.5192461432457824,1.07949255369693,0.46859563599776266,1.4870709888573106,0.04422077624589226,-0.778666718683077,0.3747956919264897,0.1536430010355376,0.32603039530100497,-0.04014164950242176,-0.727257274697618,0.2655555046334374,-0.8216849747988668,-0.33289721473922046
2019-01-14,-1.1745826639670072,-0.6240329004242895,0.3152736011697037,-0.32883264726380124,-1.1009963061403039,-0.7370208285772909,0.060587538925038584,-0.6974934493340899,0.6387135577432494,0.13308086714067335,-1.1790851555271569,-0.1947946741407568,-0.8936392529877144,1.6423960362931909,1.8767679975419929,-0.578485730438987,1.7348219359278567,-0.33289721473922046,0.22051425875060424
2019-01-15,-0.5920180143259955,-0.6540391504670873,2.3494879024591233,-0.7504841970617738,-1.0667710674939548,-1.5252530175354315,-0.6420285586771366,0.8085152711956007,0.36785872949775494,0.30884813850090775,-0.8104842599364728,-0.6480761167339949,-0.19944445535879032,0.608426867903327,0.7358251062812796,-0.42375976299667006,1.0086651340584505,0.22051425875060424,0.06195116671072313
2019-01-16,1.3444553462908189,-0.6629549680891383,0.9261289387741013,-1.279275951320286,-0.9963961598477699,-0.9336957670475031,-1.0337935300117989,-0.7696365620996127,0.6042760473461866,0.22214377085792852,-1.2254607508841238,-1.6172979243101682,0.1142580987451663,0.4438165884480652,-0.6807209017828588,-0.40853930923026777,-0.260146174938983,0.06195116671072313,0.09230037114064688
2019-01-17,-0.5241848176866978,-0.6694395682279426,-0.4132600101438273,-1.6362925826507804,-0.9103217058899495,0.5702335288203404,1.0095888739558347,0.6572846272854052,0.9266823890310906,-0.0915807347263464,-1.4384350642794708,-1.9589871962030545,-0.23368650968838256,1.1985756427015395,-0.09324464617472487,-0.3034187278318601,0.08571537586462594,0.09230037114064688,-0.20114510186646298
2019-01-18,-0.5113288094267222,-0.6495320393799668,0.8616725260143557,-1.7272899177233392,-0.8469964669264856,2.0968090886912627,0.9559446617259029,-0.6110925867183158,0.4131996010075217,0.10993427883820425,-1.2055607505907788,-2.090498846853051,-2.7070758814503875,1.2140674083438836,-0.8040064753798869,-0.31072620122498706,-0.4868288093423609,-0.20114510186646298,-0.43716224112833807
2019-01-19,0.702130500199963,-0.5786404871287636,0.271900203990797,-1.1781244312463584,0.6046169797812009,0.6389739971439882,-1.4226045984459157,1.0367136187532913,0.27355498151109575,0.6450686235254942,-1.5352695390625815,-2.0116709471531786,-0.7344749486952225,0.44342143896190095,-0.4910577508255089,-0.29745902500146726,-0.7130407103539704,-0.43716224112833807,-0.48901739350615253
2019-01-20,0.08040453512805996,-0.581142616313422,-0.6681636338830634,-1.42718890015264,0.7190954661544642,-1.3019825013837372,0.9097510531690253,-0.8022346170001273,-0.022393387435275646,1.1611829726856504,-0.5987453654988882,-0.6630474302984267,-0.4869526699736814,0.9429724776142475,-0.865526802099582,-0.5058077988174423,0.14579121302193945,-0.48901739350615253,-0.640680933012626
2019-01-21,-0.7917300800659837,-0.22105712201225416,0.15301866715256385,-1.4741509315615167,1.1118185211378175,-1.283032154208947,-0.3114233467044616,0.20012259929306214,-0.2877636191763316,-0.33072658268669397,-0.0107498549466217,-0.4741254398994134,-0.6951709412132103,0.7546683050295684,-0.9802065931273158,-0.6788233816141966,-0.40344072225885463,-0.640680933012626,-0.7415223738067108
2019-01-22,0.39258787302871656,-0.08412535715378831,-0.01061226324391429,-1.477631145443987,1.1782350259434453,-0.28866621612066795,-0.5551905305802621,0.5059438738673697,0.2812469471137869,-0.6816760984964043,0.5303765539817291,-2.263945481195918,-0.2552460608356568,1.1719735179578106,-0.5262053417165365,-0.6447671324540697,0.10228967758421148,-0.7415223738067108,-0.5883362147529435
2019-01-23,0.561160051782889,0.001380483171963254,-0.32513963958015873,-1.5308480544972878,1.2289160469768274,0.8740890861683177,0.7548894038578458,-1.0394568093587933,-0.42783590670806115,0.6491540613067455,-2.04571066682043,-3.060620147862657,0.132372199994645,0.35170791816748115,-1.3411770878254228,-0.8078820145941034,-0.2770221712343702,-0.5883362147529435,-0.6964436561077888
2019-01-24,-0.3727427637362132,0.052094332693033506,-0.4149365091991831,-1.453057682222957,1.2189622054621114,0.9508055897170776,0.2668763529849752,1.1387534085138467,-1.89135413212344,2.403289496459702,-2.324366146877319,-1.4663919075509568,0.056765375098833414,-1.2903017029723827,-1.5937864770329444,-0.9799866525013284,0.28552828772229616,-0.6964436561077888,-0.6778054354621803
2019-01-25,-0.2994452792041654,0.009392114885960541,-0.7956294969032256,-1.3499852426595735,1.1676264339184215,0.4085537391335223,-0.3293175048901217,-1.057716744211163,-1.9149127939594195,1.4083030580217084,-1.4403317325772824,0.04179979346185079,-1.0308159142597377,-0.509299513564278,-1.762028621600936,-1.0990877626132884,0.10395308953218593,-0.6778054354621803,-0.7167420149189088
2019-01-26,1.0501713181724093,0.01788238639505721,0.10200459555245492,-1.2166916002356727,1.0884815365611438,-0.4452239900359111,-1.8598648790372685,1.0728819743411204,-1.640259090754943,1.6713787321098459,-0.6646499093833916,0.36915333755962626,-0.3624842943125046,-0.6396451842866383,-0.19801922352885196,-1.2693044319896531,0.013275022863645704,-0.7167420149189088,-0.7727585266762508
2019-01-27,-1.0485850224031878,0.04276835006758026,0.27564970691421664,-1.1946785896126348,0.9809677563247204,-1.4892908421293503,0.6830949797730098,-1.2260226953849254,-0.7086105505710236,2.0760708431776087,-0.819557918782505,-0.4796979880048977,-0.19335774070436018,0.20268631571199922,-0.8945710875273354,-1.5437397892345464,0.3819897754472538,-0.7727585266762508,-0.6757762868260915
2019-01-28,1.559935070986707,0.08032503208561118,0.0730150855642079,-1.0245481112934443,0.8495992000421686,-0.8494582396697298,2.195163456630487,1.2873480314934171,-0.09959312852324127,2.1484135640175994,-1.0400932532810774,0.32980581883533605,0.09746261085746903,0.4520006243218674,-0.13994890789626782,-1.764827859443236,-0.07082954443621133,-0.6757762868260915,-0.6309833874173754
2019-01-29,-2.5831390057379005,0.11240417676490505,-0.25957696384933426,-0.8182463894908952,0.7478267341128737,0.788253297813787,-0.9881648305789869,-0.906545433379985,1.4610083025000236,1.8799895537593954,0.5575494543669505,1.143751379987799,1.392427106411362,0.3055271116038481,2.0122700644797322,-1.3397670438265328,0.5515630048268064,-0.6309833874173754,-0.3389199082568995
2019-01-30,0.5665431648347953,0.09320716296102702,-1.56058811555775,-0.5999155629352801,0.5748592381017226,2.095133864677607,-1.4428260542028954,0.07252126067869782,1.856802048123245,0.34210426826440976,1.2580408545526356,0.6684297183782051,0.3525898960442928,0.6042953951616546,-0.07802515985838607,-1.3234556423379031,0.36809889619526204,-0.3389199082568995,-0.3841004524971973
2019-01-31,0.5611283259053836,0.06413981114836755,-1.174866937448282,-0.315361179742033,0.44988989456935546,1.0434370239791477,0.6226081754582851,0.6357654611577587,1.8367989363046457,-0.24900897454566095,-0.9900731915209429,-0.3833240326050707,-1.17752037840383,-0.4655663729642229,-0.494080782020042,-1.3052217930441974,0.05195492971697988,-0.3841004524971973,-0.5347638575264336
2019-02-01,-0.37415330000888775,-0.03244100189021905,0.31126859225548004,-0.05676223292817792,0.27106004925509464,-2.4409098875081763,-0.31486985627863745,-1.0031784531619294,0.49574792064929024,0.6286401549608234,-2.171276279758154,-1.9259189688073317,-0.37037089419439856,0.7907158748261597,-0.5193470677523727,-1.2869464206947077,-0.40378570560997296,-0.5347638575264336,-0.6931638174491367
2019-02-02,-0.00569416555607131,-0.08687425111250237,-0.09590829404829948,0.31447268733419287,0.10668031560760702,-2.453597590482145,-0.013614785697594422,0.6533571574363669,0.09955396523127436,0.5114048307929668,-1.546794524828739,0.8441046054817222,-0.37608131472663103,0.9505295154929317,-0.07192157737361157,-0.9641242829816725,-0.4135301704048024,-0.6931638174491367,-0.683850439240323
2019-02-03,-0.8960796828899291,-0.14643314413161845,-0.1065937343261151,0.567922283468121,-0.002249084924885879,1.262658790579884,1.4377541269983827,-0.12563805632448818,0.45529876221966536,0.41240361606905956,-1.2254315605984911,0.36702694457128066,-0.7675293658839248,-0.5887780043493716,0.03793505469888929,-0.7249422899939884,0.2832805633270143,-0.683850439240323,-0.1773455244083511
2019-02-04,1.0622255761716453,-0.0593893152296863,2.0647078121192926,0.7790087885540721,-0.13508918930727137,2.542720824329312,-0.7379826565120137,-0.49572141045906265,0.6433126917439073,0.5488772346160758,-1.8395529163437634,-0.2909473202069393,-0.7380009867106047,-1.1717817962604564,-0.6193709521813828,-0.6993478542073394,1.4515001665524085,-0.1773455244083511,-0.45584622743837816
2019-02-05,1.1558303347169119,0.12621307065010354,1.1827886655748112,0.9568349319288946,-0.265721135852746,0.19414849177396767,-1.3156519699382723,0.6878740341498203,0.9566355876953199,0.013807743001508038,-1.303028364061065,-0.23091239611770384,0.32064021964368916,-0.373857861067628,-0.19735154670047134,-0.4934351644413373,-1.3560657361193864,-0.45584622743837816,-0.5517174477593416
2019-02-06,-2.4781689754257132,0.3288714726924779,0.7184386254091901,1.0212576554052057,-0.40267346661174436,-1.0684497530220416,1.076102885287689,-0.3759789815966453,0.938209251447339,-0.478410796341827,-0.7526952251151899,-0.2799817501520604,-0.8527441422700559,1.9660671153845386,-0.0807928573455251,-0.32409940419078426,-0.5060837024111929,-0.5517174477593416,-0.43584135619438036
2019-02-07,0.2781598813930854,0.4999983847156158,1.397316734180406,1.1343956065143788,-0.5323939115310689,-0.21287027233782907,1.1769264877676184,-0.3773823048216187,0.9516915515365949,-0.3727086999588702,-1.301975017347602,-0.7753333776312499,0.28442937652955386,1.2825351882641973,0.5869364879722406,-0.06332344110048417,0.11494839853557612,-0.43584135619438036,-0.46269685763504714
2019-02-08,1.7181571652024665,0.6528441445935519,-0.7557356280895536,1.2029870641364453,-0.7194180739072021,0.06702492551876103,-1.9493942529150343,1.0109231841308461,0.3004172924642611,-0.30651896061260225,-0.8553817531557454,-0.9804608029652513,0.4347029676965063,0.20793765385644253,0.831368098803179,0.05463870534966769,-0.22580934769986313,-0.46269685763504714,-0.13234573453994272
2019-02-09,-1.4194129443638315,0.841268759175358,-1.2893324243326727,1.275420848628414,-0.8909994141900165,-0.5386779810761156,-0.8347983230369932,-1.1169750120469566,0.02596791712292008,-0.9040249700519246,-0.8634392484321584,-0.8118579688743769,-0.6275854914517606,0.5227260295290124,0.36042319769599845,0.15621205719841846,1.6960493673296568,-0.13234573453994272,1.213505706596594
2019-02-10,0.6214375785204239,0.99527051677309,1.0774145470182512,1.2965490770530717,-1.0225356459979258,0.010206013036404388,1.0663690456305055,0.8850136111983671,0.014715722403732411,-0.72791353815395,-0.7582567717396417,-1.799767449051606,-0.903118373323001,-0.01612072053291914,0.13733890219392308,0.18367120294306116,1.8092663781320388,1.213505706596594,0.9203919267401179
2019-02-11,-0.7746687732739904,1.0292770974705385,0.31817002933283633,1.2350465254210035,-1.121235452699902,1.2223190573918592,0.9888434127704797,-0.4238361093605951,-0.47098429056505103,1.1896325694551215,-2.118613476438568,-1.0530652746471267,0.17301624949139618,-0.6028595040751841,-0.5887665228171292,-0.06676934795713005,0.4054465411893191,0.9203919267401179,0.27392367320045935
2019-02-12,0.6430745454438394,0.5433974765669448,-0.7279404992496451,1.1955908095817993,-1.1878505951546108,0.2840788320714654,-0.4416708163593643,0.11864904542143925,-0.8834048336725485,1.4602856946664038,-1.4680864842612993,0.18765423268332093,0.4465962361280127,-1.1262119169106886,-0.6873876131458628,-0.1530916445001139,-2.6035703813837103,0.27392367320045935,0.5459804034561306
2019-02-13,1.0617480633537284,-0.0027596110335287144,-0.52773948519136,1.131712745980168,-1.0413341428799803,-1.0819530900022392,-1.3609342738535712,-0.39519814000056364,-0.9197086624365665,1.6742210508011457,-1.0710211153716866,0.6976244515220449,0.04223831566821808,-1.374996808740974,-0.27647481692021625,-0.14715374988277535,-0.06214063296615543,0.5459804034561306,0.20492880246921513
2019-02-14,-1.2459915285175434,-0.34354664773036175,-1.3936862644247534,1.0532863776539263,-0.9927282525717095,-0.46131232554181145,0.7054884745541221,1.1046746426925786,-0.4556174283175124,2.3150771408757365,-0.21934179309679813,0.7084545480490796,-0.49396625238114095,-1.1937566981376013,-0.4582861717459854,-0.12936465853820905,-0.26835919841992,0.20492880246921513,0.3862782490141979
2019-02-15,0.15463564408370623,-0.505180977488485,0.16100694909815963,0.9501833976975721,-0.8968669273351159,0.28567144126269595,1.0961347593951265,-1.6381156827942076,0.7007308832329049,1.5430753241733053,0.20355658057714976,0.17664735844113688,-0.35314652792287304,-0.08984072987275571,0.6144840689556822,-0.051394423476911276,0.2183138678920207,0.3862782490141979,-0.15904143879569785
2019-02-16,0.9649019457726374,-0.6301483132974005,1.0260727197642616,0.8176180279095081,-0.7703379839920864,0.15782276206440274,-1.142249717411874,1.3076227729086394,2.009973891064834,1.6947178017464486,-0.2481411285855596,-0.0681113679635038,0.2701112725935504,0.7847955123660966,-0.8199531294627452,-0.13999656529457188,-1.4360406318234666,-0.15904143879569785,-0.4550730804649676
2019-02-17,-0.9937761275672442,-0.6823924486428599,-0.7910170759744712,0.47902409839799653,-0.695591543047132,-0.03185995504730696,-0.41635125517897226,-0.619310283048365,1.1923760935897212,2.6987439063696255,-0.5500636837640871,0.8883273407294957,1.6324881025346993,0.2635896995702086,0.29737140504268345,-0.0216636810733983,-0.87500746697236,-0.4550730804649676,0.07149787879512302
2019-02-18,0.1364396656959019,-0.6793657265496461,-0.533531295029621,0.28729491311486355,-0.5490361453253323,0.4514200301602644,-0.07271689812699775,-0.007595431089648278,-0.5662995843782784,1.9938551175361987,-0.35143544862687903,0.6167791067782452,-3.7755155931253586,0.5122900130152442,0.05244261959090239,0.0186034770325575,1.5112217294700219,0.07149787879512302,0.291046594452756
2019-02-19,0.31536268409298995,-0.6252733560783816,0.5798586937385313,0.020150323880363124,-0.4243551450702254,0.3027472440727003,0.14280796543579533,0.39636036135774516,-1.5952297005127665,1.2442059012614923,0.13279253213469341,0.5518386744772017,-2.704822189457597,1.743660187137971,0.8495227718386199,0.12117291467411175,0.7660857031579217,0.291046594452756,1.0872443185962841
2019-02-20,-0.39914043031863916,-0.5678849335364546,0.6242200128939296,0.23967953288809565,0.2519680501140598,-0.7591440885809045,0.9586687996301323,-0.4947218314176079,-1.481369155965641,2.3737251357734888,0.4306980089419623,0.8943487849064732,-0.9565524743224268,2.031688641597262,1.1908032457133773,0.16341771553572013,1.4228737851467428,1.0872443185962841,1.555175515996522
2019-02-21,-0.34651508697991573,-0.5774798837800906,-0.6845929179424728,0.21805687964075246,0.18556116701805922,-0.46074748101423046,-0.008476295425558769,0.42709050449652713,-1.8239784849184784,1.9899363979762685,0.5909267847099323,1.7306527299983154,-0.7161202132836026,0.7636812947857382,1.4621493775283636,0.21204882662064098,1.0416373150798592,1.555175515996522,0.25639560512287324
2019-02-22,0.9518674732751867,-0.17983041988165827,-1.182548923258715,0.08725272569908199,0.07122268654833884,0.6976315333502844,0.3306944015763545,-0.1743492533558924,-2.0660391583824347,0.46149237412511507,0.05884951743827706,1.2464408818118409,-1.5885120341561014,0.9906306937084657,1.25121403786081,0.3481262580738017,-4.142769808029329,0.25639560512287324,0.22586084897921005
2019-02-23,-1.1543027929004004,-0.21612090166321915,-0.24857243576029792,-0.052289360575927875,-0.017843577747605015,1.2107122101781478,-1.3320933871580078,-0.06280461263560803,-2.2717857528634378,0.329620034011111,-0.7363764268948757,0.9066647301586459,-0.8412946607412727,1.4014593450336994,0.8508864018944228,0.4704282869711418,-0.04205208457374236,0.22586084897921005,0.8192440382933396
2019-02-24,1.1019594454172854,-0.3042195526834704,-0.04370776526606304,-0.1714874867243171,-0.12727177267461967,0.47165613401858847,0.1959349237254041,0.16729353168927377,-2.097418101433106,0.18230182393790748,-0.5017413968152513,-0.13732247891536412,0.0354681324653258,0.9253882915969288,0.07357048610024831,0.6399200793928883,1.5505579398218161,0.8192440382933396,0.6439382947509336
2019-02-25,-0.9181198749479393,-0.38866083716603167,-0.2310691089515003,-0.30544651390503424,-0.26089019057083523,-0.24340028539079958,0.9131464627832568,0.0012271514486768278,-1.439332658191182,-0.7157665169633772,0.4701068633077771,0.018411880333384707,0.47860269753897033,0.6428217496174548,0.14772284313971212,0.8143896144975598,0.0965485008107095,0.6439382947509336,0.2852735439513065
2019-02-26,0.4497912263150521,-0.37516582772509594,0.5535933949838551,-0.4358433005937046,-0.41439774700920173,-1.6854808064510984,-0.8173317920326992,-0.23453787094207196,-1.0246788952341561,-0.7012487774430343,0.9554975062146442,0.6433932168984045,0.21021091844819942,-0.6692736565639871,-0.7080136891066199,0.6539991209070934,-1.5868462335458238,0.2852735439513065,-0.19142184639723708
2019-02-27,0.10077066234339228,-0.19643743636365218,0.07989086294943745,-0.5892550532944545,-0.5220145823978353,-1.039238847492034,0.34441019709515147,0.2065346536079763,-1.2771497569832788,0.10169744201026598,0.07091254499882042,-0.8433256168610767,-0.2601311561002041,-2.2073705037279394,-1.175616181478807,0.5388767706709504,-1.2328343141882203,-0.19142184639723708,-0.30406588173830207
2019-02-28,-0.25674680601098965,0.14469878057618255,-0.5480392291668991,-0.6943901407762564,-0.6437406855821511,0.5166654926972107,0.07162857977261862,0.26059799249236704,-1.3143522046444083,1.262652406038376,-1.3081084710594852,-0.2718664499992261,0.13214188695260426,-0.7527161341678879,-0.23708785436387,0.43233425908513917,-0.480616831166682,-0.30406588173830207,-0.25863932478738655
2019-03-01,0.08827872161962162,0.5290950994544632,0.8375882699147423,-0.7750950089110294,-0.6901520758660704,2.9887019400856536,0.8927110618297538,-0.3346549591358597,-1.0762498975290984,1.7188674639422596,-1.1309808828680237,-0.10245800407593325,-0.0585407045342122,-0.4474056899674924,0.1333634610195834,0.5186403682045665,0.03401800658293182,-0.2850675360692641,-0.12644960381490697
2019-03-02,0.5037202721906917,1.1040088077228973,0.5333680370765984,-0.6936060012777596,-0.6959083769971393,1.1117310468452626,-1.1263564429164825,0.6100739526759559,-0.828208295630484,0.9284698438976395,-0.5485958690136988,0.286874906581815,0.6453114388943264,0.12631554423241173,-0.26887537241847437,0.4025623708511593,0.43890004873675215,-0.12644960381490697,-0.34314434165608126
2019-03-03,-0.8983909521910992,1.6396427870178738,-1.3706338476402602,-0.7486286508377102,-0.7524869063459754,-1.4377109758819595,-1.1782899532845377,-0.3441166302870474,-0.176654911841,0.9982412350733059,-0.2038001364496934,1.0811428750599588,-0.3961508038811339,0.5988678402993702,1.5085708434633014,0.5740071303990596,-0.921077882839917,-0.34314434165608126,-0.3787861738832712
2019-03-04,1.9819494798131942,1.7453839414934569,-0.9437565128299458,-0.9043335466198743,-0.7764832772765305,-1.711016935695453,1.5216441216278906,-0.25024325614160303,-0.17601355523557757,0.8421274962190256,-0.5207634940010307,0.9501329153460221,0.33369838914907307,1.0347602511562244,-0.48388367529871656,0.40043129278817213,-0.30506371662508314,-0.3787861738832712,-0.19480572494778867
2019-03-05,-1.0375266661145999,1.5974787158608756,-0.1295264702882223,-0.86998553398751,-0.7871886160368732,-0.7447824724298318,1.3776148286440857,1.1241628022314922,-0.1308179451039338,0.6650863547950202,-0.21333367884306714,0.5186359461968028,0.24083490599491733,1.6551988307341237,-0.21873331281160274,0.23231585229264026,0.5148862279787327,-0.19480572494778867,-0.045429632661474505
2019-03-06,-0.5145696255237353,1.4646448865744917,0.8530171714003393,-0.8484662244161225,-0.7621594213502794,0.6951774379742605,-0.7711070623544796,-2.092547564543876,-0.14905416425059778,-0.07656234474885656,-0.03616016075204458,0.022942555000518994,0.026103113791033555,1.3476089390908197,0.2575869322001031,0.1573449355259468,0.45333433304417525,-0.045429632661474505,0.34227875027525745
2019-03-07,2.941222101927999,1.2514440806312905,1.652032632795936,-0.7124454211139135,-0.7544118123147314,1.1452304392128783,-1.7681027212848455,2.475407659630999,-0.07830362242910383,-0.459385713748094,0.28227302796169257,-0.8048198767358781,0.2926319210170571,0.3980072184983935,-0.33383911219360796,-0.0438373422066895,0.8360693954594608,0.34227875027525745,0.4384803657071244
2019-03-08,-1.5237389363133964,0.9507763966433297,-0.2357699165431789,-0.6692835890755968,-0.7428848042203248,0.6241355687553606,0.1859497055485009,-2.313094271445472,0.1363170534968569,-0.09560909467061546,-1.2393717569405327,-1.4000139087373578,-1.077046724125112,0.4793018718314937,-0.22923325495907612,-0.18655193857840777,0.03978952978370618,0.4384803657071244,0.9104963569458292
2019-03-09,-0.3770117206655561,0.494575155218089,-0.2672250071254813,-0.6240145992377548,-0.7469227950394611,-0.4798932888332594,0.5192788482631161,2.00462581913702,-0.11006295156176954,0.03053862904508152,-1.362831749450818,-0.9574762354146045,-2.145668548149718,1.2872219202288728,-0.5664663894293256,-0.27941674534563554,1.2136389062338286,0.9104963569458292,0.18008859852385242
2019-03-10,1.5156211007254998,-0.024885150346700434,1.1261854346608589,-0.5851327485208897,-0.7154456117956964,-0.5741397509238312,0.5943516099021906,-1.5138324743461309,-0.6139411337046111,0.2525175381609345,-1.4427114173985935,-1.0643152100886344,-0.9328642881211948,0.8423179154062388,-0.2780674419960536,-0.34941667852554337,-1.2378433559051611,0.18008859852385242,-0.32939407225328793
2019-03-11,-1.3466475089367922,-0.5173864786891524,-0.31313327363089694,-0.5495762726897082,-0.6650407911077673,-0.1698156393645136,0.4371183072541925,0.8196926162413373,-1.349592158816945,-0.060782758416513316,-1.215642741107649,-0.7030630963602537,-0.5456811587465512,1.5102420922256155,0.6820202530865844,-0.15860091117246625,-0.918701657184643,-0.32939407225328793,-0.4400596106888615
2019-03-12,0.5696567750603457,-0.9090459250104038,-2.8217032815239076,-0.4997402730188897,-0.631133843361927,0.06979499760050857,-0.09455686387956826,-0.17574214967639606,-0.9858618544858178,-0.3073564959997584,-0.5772062692505193,-0.5548707217722791,-2.4726165460344025,0.500123532762493,1.2534651631561293,0.06615423837632163,-0.02378832998234178,-0.4400596106888615,1.5740765717152971
2019-03-13,-0.11454976027216728,-1.323954262401597,0.11004165156434212,-0.4129760409496669,-0.5703194677935078,0.06581079289717194,-0.2538628192707291,-0.36197947756096743,-0.35950117175505064,-0.27994697397656415,-1.3821460132221102,-0.9419241949450006,-1.5032175811867696,0.9713874711185083,-0.5018825938790857,0.07912779494150432,5.084798034622186,1.5740765717152971,0.16643975206646128
2019-03-14,-0.1129326602401753,-1.637262297428586,1.7656216083824439,-0.39351569995365654,-0.40787203958554713,-0.1637241850016477,-0.7285330964122462,0.8442603271786077,-0.006798858196367447,0.30264566929674613,-1.2324538055720138,-0.9892564849632549,2.2286980757371424,-0.5515513608152706,-0.9058670037926674,-0.09482897881578388,-2.07101166261139,0.16643975206646128,1.079121659315438
2019-03-15,-0.14088725179929126,-1.7096303631983494,-0.5930178450315343,-0.3812163426989009,-0.1354280883699271,-0.451789491159236,-0.16884769784249276,-1.1029615923735099,-0.4155370006083154,0.03209356542330383,-1.0445873475795557,0.024337312354446892,-0.26829884279833066,-0.03590353554754959,0.2398439137046467,0.004772598337102236,1.7339096781551053,1.079121659315438,2.996268256972267
2019-03-16,0.8204630231947789,-1.4208222955764325,-1.9305983968632547,-0.34412434125153923,0.18124627227294768,0.3283525788479304,0.5425848523574659,1.1122020975274844,-0.48461187597340843,-0.2681886855572079,0.31869910545668784,-0.09546211339977473,-2.0791651440727708,0.8935143308568593,2.5755802947415405,0.054182790969644255,5.880297533264239,2.996268256972267,1.8367922510076444
2019-03-17,-1.960163109881361,-1.0808893024580266,-0.1309655619493315,-0.3563258923101471,0.22935433801718583,1.6602524985394158,0.498404168794028,-0.8616061658351727,-0.5509347225386743,-0.1765016647238919,-0.57275246549569,-0.9110990357167432,-1.5937253213051388,1.62128209419888,-0.7023992141257173,0.025603864313584624,-2.107058222807198,1.8367922510076444,1.1649906133584336
2019-03-18,1.777847773948303,-0.8886591110994476,2.166772772767043,-0.28279465317729646,0.4935941147778467,0.8457621497656986,0.8786972171439478,0.4835959717454609,-0.42205169560212413,0.0051505853858881505,-1.2018313066517932,-1.583509985564355,-0.4782436870705516,1.4582153999411829,-0.57324016639089,-0.06214434294873931,-0.3944492794202655,1.1649906133584336,0.5195184540554737
2019-03-19,-0.4183233985760017,-0.7389832989033751,1.1193657382936675,-0.1765768626084943,0.7111897654946118,-2.1828091025773046,-0.7858540352683222,-0.04342563553840334,-0.6536362982211944,0.5482541491217062,-1.1860920087664892,-0.6248613123341445,-0.1935625418744268,-0.355585372308045,-0.3938510330039129,-0.1370867126394356,-1.152941778418543,0.5195184540554737,0.6664384197113526
2019-03-20,-1.2246667309770987,-0.5994919517417773,-1.4597511055012706,-0.04755499188127535,0.9332672648187119,-2.14112909015523,-2.0146459567357238,-0.35664463257215423,-0.5595787044163236,0.47181093633312926,-0.7412728319100553,0.3749804573434975,-1.3485748404778795,-0.2800660324752248,1.4109174785929302,0.10813650064191138,0.35211061570926067,0.6664384197113526,0.5161236442078633
2019-03-21,1.539046811692749,-0.3633711674798329,-1.2361664055401853,0.08120160047600482,1.0180820172203902,0.9013721828375595,0.4736950003097887,0.5632181147815604,0.7937804866543995,0.2496918168970278,-0.17291447801056328,0.1943970470824013,-1.4067744264208442,0.573649459912147,1.0144860749701006,0.2918699253221212,0.07519826523699519,0.5161236442078633,0.5683776610492989
2019-03-22,-0.4371509187301961,0.05615928753236441,0.6769280868132577,0.18270402110561143,1.0619280515713598,2.174191312101572,2.344811810339123,-0.551543019202703,1.64268033666708,0.14437880708536577,-0.9800194515129761,-0.9644866413010725,-1.3560320710561409,0.5990068146924681,-0.12074519919200527,0.33249670207544696,-0.17596966499189107,0.5683776610492989,0.47531441824944687
2019-03-23,0.08967873285537513,0.48745763805378406,1.0128329387630866,0.20465118750338634,1.1265877585373119,0.7007253307371125,0.2324858434983776,0.36367260201575247,1.465204401881194,0.3334927504996443,-1.309608614634264,-0.6385049227138065,0.10904337191884858,-0.30529105504275456,0.5379126332395251,0.4427170281661418,0.25552371412990726,0.47531441824944687,2.453268899307624
2019-03-24,-0.796249535470765,0.6896031995088248,-0.5116092801669704,-1.2768839934564484,0.4284981236505238,-1.2875414089854054,-1.8854090761125863,-0.015928697085949198,0.7769524682431375,0.06366979994829709,-1.4247145776882042,-0.38593399866947925,0.5774253651437775,1.540996862324331,0.8585388241652654,0.46746422411842137,5.527524713031331,2.453268899307624,1.5977314617003469
2019-03-25,0.4658636693998012,0.7626058847180269,0.19287231931286306,-0.8769695097427656,0.5498699739529268,-0.6570316866645436,-0.381030277584806,-0.676318216854747,0.08995800307198544,0.14477609048040477,-1.4522137170815004,-0.4499429339257721,-0.019080266389043022,0.8526016753822286,1.2142458484370418,0.520915242675721,-3.545279822154522,1.5977314617003469,0.6347800778968717
2019-03-26,0.4782070249182584,1.1708726134907483,1.6955681263497633,-0.5813396282487807,0.6896838909252037,0.30409927115664537,1.6320935570367132,0.8213186277399737,0.26923372936628065,-0.06816179419148213,-0.942234989020095,-0.2840193410966163,-0.46261001521644335,-1.0071866370503333,0.16721912480976117,0.571676708634413,-2.377545367702573,0.6347800778968717,1.021237453445943
2019-03-27,-0.3809272362884241,1.4699609309908315,0.6977418097798309,-0.29166734359973306,0.8118485038596015,0.3502079779561272,0.6086606207740651,-0.5233328236191026,0.7089096786870673,-0.5523336663551105,-0.867913079716983,-1.0393236830564472,0.24016554888850186,-2.1066937018234264,0.48904422370740624,0.6925288047820418,0.7968444657822353,1.021237453445943,0.8621991791867216
2019-03-28,-0.2697865661276367,1.7636374559200738,0.03469703861560675,-0.017629893268454835,1.0331808326504577,-0.31353117829214777,-1.481539823121946,-0.3979007346884683,1.3557990508168365,-0.2762951001079229,-1.2472183647430641,-1.8994876423729836,0.453458143819861,-0.641338187290097,-0.49802954033696945,0.5927621334543284,-0.23192125811044792,0.8621991791867216,0.8250533234370865
2019-03-29,0.06538863435485663,1.8682958245006285,-0.4656350795097161,0.28631681580457535,1.1510175563491736,-0.10919088407023166,-0.6911219523211841,0.9597089040755048,1.6801716999674468,-0.37799217528690315,-1.5620373461757675,-1.385550161969699,-0.05151542118326404,1.0984696854696436,0.05368327279388887,0.4257080313475268,-0.07861632729482795,0.8250533234370865,0.31427493855027716
2019-03-30,0.26666093812391134,1.0869675880073069,-1.1547035722686245,0.7361820755894074,1.433169639895742,0.8964226157783104,0.19765962051992841,-0.9894965976938201,2.2504619286467396,0.870485290541104,-1.1355416139918133,-0.5908380260188542,-0.6198125818606232,1.2027070740046004,2.699078549589364,0.7177696845262844,-1.358805669372479,0.31427493855027716,2.3092407730549653
2019-03-31,0.5998865204603268,0.004013053617639494,-0.449425139952499,1.126848178153575,1.5626592629217146,0.7397393369691693,0.25900072164561977,0.7942074930374854,1.6671326847519348,0.6618427241706133,-0.9307437929923653,-0.8595992579324012,0.5691767442131698,0.6558227476985784,1.0043402481621855,0.952546412862955,3.98777383259476,2.3092407730549653,0.775393539076631
2019-04-01,-0.9346696401498594,-0.6197178218955599,0.6886328909587823,1.581057336017996,1.5679950355327288,-1.0442449917649368,1.068845263007515,-0.21727992371580684,0.23400141518581927,0.012043647596610347,-1.854531033007935,-0.34005679613702827,2.734086447833513,1.3930271614000624,0.3463278015837909,1.0936780684551823,-1.7867227186520944,0.775393539076631,2.2866616372825663
2019-04-02,-0.3840035305737238,-0.9327849515175274,-0.06749050910540576,2.08909611043818,1.537232370402509,-1.732707643231349,0.2740466741460401,-0.9232415116385273,-0.09978328775961545,0.06767562307531999,-1.3770188478581387,-0.03651194737799427,0.6529423866885894,2.2065418997205866,1.5861795513637498,1.1892992367630564,2.3355370572052365,2.2866616372825663,1.659697662268185
2019-04-03,1.0199568059381325,-1.0041569546863065,-1.1509361278569674,2.6017211549106154,1.4170634190779408,-0.015717204637402407,-1.9205291189891696,1.1366060921582066,0.10377162711443058,-0.9429925789727537,0.0425229035131142,-0.014927983560331246,0.03413708323470705,1.716690635235469,3.3834937377137795,1.4967533692357744,-1.7183540063708223,1.659697662268185,0.4268217078919187
2019-04-04,-0.04471938696313083,-0.8604700386877224,-0.7370280000594902,3.1183012814104734,1.2821509266270272,2.2088223568605603,-0.11927770867951638,-0.9572817536254946,-0.062478890542782196,-0.2933898218020752,-0.42050870085200936,-1.0817529401245891,0.024965650786630756,-0.5324012309241917,-1.4475247615262634,1.2964359197560396,-1.6711632706096513,0.4268217078919187,-0.04439308741769678
2019-04-05,-0.6104890328644901,-0.46441855532479726,-0.40546789606478384,3.5437814485390957,1.1351214619495555,0.8842766681153643,0.49016984096190774,0.6294110759283286,-0.4995637529837002,0.47375918450502724,-0.5115611810815017,-0.13443235706347845,-0.6609289142288942,-1.9685318836807384,-1.0504225420943012,1.1449371999140514,-0.6379988310703711,-0.04439308741769678,-0.31416626911167334
2019-04-06,-0.6197028390167441,0.1151232643716039,0.6296225259022183,3.7254111827924183,0.9188004323753306,-0.9598142707114978,-0.29570280773491175,-0.1720159255332311,-0.7381244652877126,0.9446955844872562,-0.653145299032527,0.33620825642033664,-0.06498838709728222,-2.2041550372978413,-1.5319335236956877,0.7645204731645867,-0.2967684843785863,-0.31416626911167334,-0.4945834911855427
2019-04-07,1.3557034337254068,0.704954795506635,0.31718337306598926,3.56489995904084,0.6515224598532514,-0.6507146760483165,0.6758746283115031,-0.11004616284060273,-0.7253664906013472,1.0859432537182183,-0.17286558594536972,0.6853401102862794,0.9080097612156248,-2.8931007205538877,-1.7708965179521492,0.35497308509993225,-0.4385789549810116,-0.4945834911855427,-0.38438599600499357
2019-04-08,-1.3061910861801713,1.0170108030417542,-1.6066002352902393,3.1200602731399303,0.34652446855609237,0.6149371196272104,0.22863673557239209,0.2698156592983112,-0.9853935409473802,1.2478492670051393,-0.12318166726546984,0.7358354930091354,-0.36919266379072874,-2.975303620478331,-1.0062797982427871,0.16262000793049153,0.12944748104527581,-0.38438599600499357,0.09197546003415416
2019-04-09,-0.03984671780263691,1.131423737780798,0.32340847265927763,2.680623756001433,0.06478818488652086,-0.44163517847324363,0.23143403629852946,-0.37901270122888936,-0.5212535337437848,1.624963351140916,-0.525697637069158,0.3574873992971231,-0.2138466893076283,-2.5430385528715633,-0.45462899460225226,-0.007383685712465384,1.1559136231561096,0.09197546003415416,0.09767005550438183
2019-04-10,0.1320756138668663,1.2047583624901301,1.8093501605277436,2.171556873916304,-0.3104374607486214,-1.2435483188431646,-1.0302722437504606,0.5807633430205577,0.07230991492269528,2.554913294876742,-0.8077460083519339,1.4565273500214024,0.35421754620467866,-0.21216235954719076,-0.13248986997838705,0.021484113516955543,0.01485869220098009,0.09767005550438183,0.3296221284751694
2019-04-11,-0.13391837604100326,1.1029063395964547,0.49143635851707257,1.7616291179453525,-0.5987800463639613,0.24441126421557646,-0.9840938642033288,-0.8485634683488292,1.0957160304779978,1.7289462667245854,-0.08907959359652509,1.8562012187865065,2.6384153248321773,2.3251953594595305,0.2050010068309028,0.06479975532633402,0.35621066511948035,0.3296221284751694,-0.02907540191234959
2019-04-12,0.602680353903469,0.7469760525202025,-0.9659755978753436,1.3748028732956972,-0.858729036720585,1.4043443455966869,2.532175133051528,1.142897618827723,1.179804988598987,0.9063816510706463,1.1758419414796224,1.4386985631745304,2.9159881192664163,1.0067460523774323,-0.32474140668249707,-0.26842714677260043,-0.7129724914197947,-0.02907540191234959,-0.12809641826164553
2019-04-13,-0.8826613710243152,-0.02927945103153301,-0.28427564449237325,0.9163656187029048,-1.0724866929187724,0.7544164318934038,0.7329016278297725,-1.3390152277633518,0.03505202928815538,1.6043682893285693,0.21187743929367647,0.4961447062965882,0.6304445173057465,-0.5891435748193167,-1.6602973005992265,-0.604988735357559,-0.12737642927281365,-0.12809641826164553,-0.3012307562942276
2019-04-14,0.9985949663913436,-0.5750455339390048,0.16286342373347756,0.5639853751565262,-1.2033922451118249,-0.7286362863404343,-2.520334174969759,1.334191141739225,-0.8136714307353529,2.0242057277428627,0.03112315949738609,0.8330321338476188,-0.6314731505410628,-0.47991784053808817,-0.3825516835133686,-0.7048916715433693,-0.446071221130567,-0.3012307562942276,-0.22285722680506093
2019-04-15,-0.8220741632340024,-0.7573320464073238,0.528187744174796,0.20265799540471713,-1.3431618295824916,-0.9124701364833856,-0.5864740216613529,-0.8675429287776191,-1.1277989227988647,0.9908992656021629,0.7836638005869543,1.4562861724925613,-1.4919309343641651,0.983075791483998,-0.8836824799957428,-1.048612555852925,0.06624102388677894,-0.22285722680506093,0.24998017537223102
2019-04-16,0.41503275164150893,-0.8772065604112886,-0.30184373170011347,-0.13852843315323476,-1.4272668512341506,-0.5863221752562362,3.731774901646786,-0.2177453736526248,-0.7912086541725596,-0.14538946185463852,1.3768865873342149,0.9219142989801269,-0.7486278777547941,-0.09539307283522198,0.2337964680713824,-1.3540748689099178,0.9421314568173865,0.24998017537223102,0.1038061541973942
2019-04-17,0.5918981087626869,-0.9954755164098281,-0.36912261024654625,-0.4947994865150389,-1.4742890113667058,0.1424125987551547,0.5906944052627017,1.5948641317925534,-0.09312775542441702,0.5289264163734521,0.7519367057854017,-0.6720573725533919,-0.5197495235180973,-1.150601483240397,-0.7349383359426362,-1.233202000576531,-0.1667991145064931,0.1038061541973942,-0.30546295306037935
2019-04-18,-0.9435416772515698,-1.1848309688368412,0.32948165411936264,-0.855557840995116,-1.5863460553185593,1.1503022390387316,-2.7533773553941567,-2.102930775578418,-0.23482635445457742,0.88498514924809,-1.0945657637487138,-0.5479211377202194,-0.671608312103517,-0.27230349435122164,0.7471029879025467,-0.972180222675217,-0.768622632898445,-0.30546295306037935,0.5229027973305711
2019-04-19,0.315407152098325,-1.4758284210306185,0.6439635428335009,-1.2188075089596602,-1.5536899212157724,0.9643119780933045,-1.6554909184365247,1.751954366673526,-0.41481112388561897,1.718123994830263,0.23331862795187708,0.7122336702393215,-0.5697986006840505,0.2643151369075875,0.48468678849027114,-0.6807070215872204,1.2039758081310221,0.5229027973305711,0.6307545416715612
2019-04-20,0.8031795186933234,-1.2333434204585454,-0.14224264295554231,-1.5733199565904485,-1.4806293753627977,0.30861556766448234,1.4383186386704523,-1.4223026926779037,-0.8828373640251064,1.9349863389655468,-0.15005700648181214,0.7082654183761348,-0.6247229694226121,-0.37919693564050605,0.6873893897449738,-0.4133041905862656,0.16088883095738823,0.6307545416715612,0.9527495135356663
2019-04-21,-0.43799969462292565,-0.40134759892363714,-1.4423653858893575,-1.9394705282741906,-1.372323816074137,-0.8141373926354964,2.9862452187695063,1.268211256374784,-0.6161912872670368,0.2909388252633791,0.1063768251076066,0.7396748399689611,-1.0238615536237092,-0.40383301460759624,0.38655144746222153,-0.22014064286147744,0.5321873986109726,0.9527495135356663,4.662637762314428
2019-04-22,-0.4801148948574001,-0.031146010854391837,-1.3258613801749135,-2.246528221117704,-1.251413893070888,-1.3466299574900036,-0.8489774296589889,-1.0973703508906434,-0.2676923126034281,-0.5687413297444477,0.5882681436144993,0.01625172175462998,-1.0078144655721488,-1.741229501991399,1.7932872155259671,0.06841198609797831,4.513927575838746,4.662637762314428,5.33377921953829
2019-04-23,0.6577824558605454,0.14586165743376892,0.22617502902332173,-2.5102621699462304,-1.1241349137040482,-0.2346596929061978,-0.9916084351958556,0.7485067980377332,0.24071102187937038,-0.2601614808283195,-0.07028822524905334,0.13505937265944964,-1.0706163342012183,-1.2110696999801693,1.6254291533857352,0.3764570176940555,1.0020874823221437,5.33377921953829,3.276282386859409
2019-04-24,-0.013306827162923971,0.25348210485019873,0.7094350456518064,-2.6856218460722263,-1.05716976511553,0.6544310714651628,0.5688359839938246,-0.5514105652354473,0.6891852622246316,0.5616576810568512,-0.8668075530223326,0.013937323097281233,-0.6805093746680556,-0.4660469049842673,-0.49723291774793266,0.2781286277645139,-2.8462720410628677,3.276282386859409,3.112929082063645
2019-04-25,-1.1817016270649932,0.3200108022826519,-0.07566446550221644,-1.7283476666735424,-0.15168016493517572,1.2639158526959988,-0.6937534778634393,0.39238876792320737,0.559445272897126,1.095852608120293,-1.0255206607555216,-0.46777342262800553,-0.20471182630629506,-0.5163277567872732,0.022838292615640982,0.3562023821416643,-0.4146043723507009,3.112929082063645,2.2896832095038966
2019-04-26,1.2276748423806747,0.38810260817793857,-1.5991204204539846,-1.7439431787750557,-0.11819675759443174,0.33597864309599956,-0.5329711682450108,-0.2652545856759379,0.10034338968923777,0.7160128834376187,-1.2996932920965738,-0.27989874240412443,-0.17700390478137584,-0.35402393217733397,0.24411072940465062,0.6073398481915683,-1.6186176259842402,2.2896832095038966,0.9712096204395252
2019-04-27,-0.5646719700584507,-0.6514832727104748,-0.3457918942621315,-1.6175864614021085,-0.02844063471217132,0.022727178713246154,1.0554847699443817,0.03509349735867583,-0.4419729260826237,0.2548510120954682,-1.1797632941346978,-0.359985808825643,-1.5763734163402248,1.4749308893101,0.7857960357727563,0.7864356083489871,-1.2825189919053064,0.9712096204395252,1.241905719594808
2019-04-28,-0.04706878477563605,-0.8204327089833843,0.8265156836877505,-1.472895888523374,0.05995397103366204,-1.0551242638986273,0.7189173206121069,0.4269141866372673,-0.9119654647004294,0.2276072821122702,-1.244198730647284,-1.2857095818645152,-0.27961627911356635,1.150188764434424,-0.5781681792217008,0.8294094070377563,0.2279357736895209,1.241905719594808,1.1064995346056492
2019-04-29,0.17485577979769937,-0.7149007007713941,0.44435072350318217,-1.2473710627700343,0.03154367164978057,-1.0022258239384192,-0.14139626523445792,-0.8099917882826234,-1.5842601551496087,0.10226083051270317,-1.088637564548995,-1.6398746877201245,1.3490875838163527,-0.47794249167536457,-0.7077966331341904,0.6750139854482956,-0.45406417231370133,1.1064995346056492,-0.09022662546670718
2019-04-30,-0.29845144488326425,-0.5633065194462584,-0.040081511172023354,-0.9756023343550315,0.09347800087537328,0.10343628482105476,-1.6647516037259793,1.1734041140335947,-1.6118482381295816,0.4567108690715352,-0.6212568606834254,-1.59003893201241,0.5427957400364228,-0.2901708741708063,-1.7353488802667851,0.6123197684903684,-1.4775401427574215,-0.09022662546670718,-0.5635235174471617
2019-05-01,0.3680712305452259,-0.38006778983993295,0.17169585456877356,-0.6368588473534709,0.19587280895934084,1.7206669440443343,0.43642314701550217,-1.4517463217143844,-1.781932537743139,0.6856238193101457,0.12488455328931321,0.2506678197997066,-1.008695702782971,-0.21048352384316604,-1.0839164016050091,0.25582554559356385,-0.5799925022103523,-0.5635235174471617,-1.0823149973816295
2019-05-02,-0.005315530659385116,-0.18187764868727127,0.5992167755096227,-0.32380022558442284,0.2231409569329045,0.5950895758615636,0.31980520700322873,1.292509217413093,-1.8148630447037444,0.7329983080421976,-1.3055598555075891,-0.5765622668495732,-1.4842968500950047,-0.45492169676900307,-2.3356766997582086,-0.19931405412923583,-0.8209023700582612,-1.0823149973816295,-1.075369332936693
2019-05-03,-0.2414674624529611,-0.017424835463544477,2.5682423319962644,-0.03679112473079219,0.25821407787186607,-1.6855041413845875,-0.49564587033049523,-0.8009408468852764,-2.022236321982426,0.7065384681976448,-1.2853052210992517,-0.6750990401509117,-1.0053899518607883,-1.0851103271364388,-2.3480916111806285,-0.7177720754807467,-0.20345561852224897,-1.075369332936693,-1.3050947450069819
2019-05-04,-0.12672399251506766,0.04927277326984328,1.2577246700052853,0.2259225401412362,0.2819288692865253,-0.7677852164868696,1.338124149821784,0.28367271428103663,-1.9079900143950392,1.094713892948451,-1.0441771839772003,-0.8708276949138823,-1.9026494554883688,-1.3697906734645293,-1.6008470178002705,-1.275877700545256,-0.4959247806213219,-1.3050947450069819,-1.720020139004606
2019-05-05,0.2534596604126867,-0.012725505754007027,-1.4186765453165915,0.4366621105255955,0.25486879051671046,1.3306291721325907,0.2595526373779715,0.2637589972290525,-1.4988426734947562,1.3104730645914562,-0.7048539201135277,-0.9105622775422427,-1.3085634614348536,-1.1838463526470655,-0.8110084574808581,-1.6264928513014656,-0.3936118187003962,-1.720020139004606,-1.4014287116103512
2019-05-06,0.07003818001368013,-0.12028655022987166,-1.6898089712946742,0.6489303771704936,0.27417128600741464,0.9654984497061652,-1.8826569367269737,-0.5614325007062141,-1.3916142743735422,1.2092717756169373,-0.3229040272639279,0.2043331854451802,-1.6902152705289353,-1.5932599346882286,-1.2989226565663115,-2.056190392631149,0.43795800502973375,-1.4014287116103512,-1.518897512444545
2019-05-07,0.04694675430021606,-0.24823066714887962,0.5812313896961867,0.7795205444980067,0.24797414340473098,-1.1283134215189325,-0.8393755607321552,0.4245317790584306,-1.317730529592486,1.309252048821138,-0.8299919205226218,0.6875315089893408,-1.8369200338500964,-1.1529090593595899,-1.6566718467503545,-2.1462962319804384,-0.3908770414603096,-1.518897512444545,-1.954925963472148
2019-05-08,-0.8405448272458579,-0.32078036936763654,0.055132783163144676,0.9234041348323043,0.24485530329887875,-1.7092493936149653,1.2466291895726689,-0.13666620318482325,-0.9782813209572438,0.8852901968408771,0.5707694773279891,0.7307692157327047,-1.758816315866404,-0.285801789476405,-0.4315272540935101,-2.142329920547822,-0.05884849589179247,-1.954925963472148,-0.9771946759319055
2019-05-09,1.3515372979951892,-0.19987034639101875,-0.9072884918971427,0.9024597414782639,0.21945332964295106,0.8064115377059216,0.320022310012183,-0.3217324047599099,-0.3236994583702964,1.3495154561555283,0.7923817709763065,1.4653268132183832,-1.6439548636634735,1.784487907498731,0.7007934069673446,-2.0877119685118357,1.8326702531205015,-0.9771946759319055,-1.1112925685439377
2019-05-10,-0.02373642048125782,0.1456580227762614,-0.6445919912004483,0.9929151433443117,0.22732156367829817,1.7322836696348598,-1.0502183011732595,1.023661554533193,0.16063441567487022,1.2354743996493904,2.104787576840579,0.9443729330415245,-0.23674199360727796,1.1821560295391165,0.3938134753112288,-2.0006009011729913,-0.24092233500785953,-1.1112925685439377,0.45505057825123524
2019-05-11,-0.669285841478704,0.5654597277446612,-0.0009265523416863768,1.0723622025158552,0.2174789967342566,0.29172494036785274,0.31006234706618685,-1.432449521913603,0.27275612951476214,1.90868470099852,0.5803388983231501,1.2447398032499601,-0.6319602283660843,0.763761269572961,3.1032559651664484,-1.6189287992134718,1.949811117573204,0.45505057825123524,0.7285413430258839
2019-05-12,-0.6743836855444787,0.9635677071333412,0.16355336976556284,1.178057414635689,0.17221809423744355,-1.286201580090004,2.0468996425504846,1.2085032117124543,0.541577038204237,2.7608135592576826,0.8790183573898738,0.8212899050114663,0.44010546752899504,-0.06758651206974574,1.8147671037632682,-1.3219022011326613,0.4218817581338537,0.7285413430258839,1.0432482142371233
2019-05-13,2.421288354118849,1.298003606916848,0.2359985857871904,1.2489906372289235,0.14568703357492618,-0.9039668933952523,-0.515731227245746,-0.8653876697463201,0.008462712911470797,3.236562139715945,0.19340895682694909,0.6163723625811507,1.045810136822204,-1.3666658768507132,0.32360006055735896,-1.0835460008207396,-0.21307599466100396,1.0432482142371233,0.04419731014177497
2019-05-14,-2.235404824196945,1.3442374553880803,-0.6161748775200523,1.3139509610625508,0.11233667047041618,0.9172070184473905,-2.5634429177148537,0.5902395174943357,-0.5714202356912748,4.202447636496046,-0.521742759273765,0.799694919464199,0.06902014773359508,-1.5067942742785025,1.9813790147772994,-0.7040530187280923,-2.788259819298087,0.04419731014177497,1.160052762641611
2019-05-15,-0.8809110948035296,1.4259156688092625,-1.4635063842725529,1.3652853359628436,0.10563086030772241,0.5156198266641898,0.11548733305531463,-0.3779316010713231,-0.6227935618010207,2.4953454678435825,0.7061796522963011,1.243591943882493,-0.9959630593458604,-0.32937607948188086,1.2915687018643853,-0.2663686511645869,1.9775127412776106,1.160052762641611,0.7023972555685295
2019-05-16,1.8850184825171639,1.3077716931313677,-0.009139444915624581,1.2565390145766202,0.019920981427426994,-0.4598109036132071,2.4194558891356936,0.2608429543973055,0.061378034704437916,1.5268173536549268,0.039270359125803234,-0.2924373157779023,-1.7493076088969466,-0.48812058853857615,0.3448277142718921,0.10833229431210004,-1.233909938213232,0.7023972555685295,-0.10090504375976866
2019-05-17,-2.3356296008472186,0.9228637594660472,2.3189997567579432,1.203609392878706,-0.028203533076362065,0.10691003789491635,1.4178208542189512,-0.31923896661900336,0.2772544955028037,0.6465118619621318,-0.3079224969319953,-0.22102108526276382,-0.942213353616401,0.41378783305419176,0.6450861272027733,0.7053643261890936,-1.488862821353276,-0.10090504375976866,-0.05574417631238417
2019-05-18,1.3954834945519858,0.4203864343072471,2.004321887470422,1.1412259810921503,-0.026535366164535033,0.6984444711838537,-1.1724836899232287,0.3827585207259477,-0.13755469994924258,0.37716723563850363,-0.8016489251962015,-0.14649643371104137,1.0207827689283362,1.399799439473293,0.1451713045872531,1.0321538194436506,0.030080991265634044,-0.05574417631238417,0.12020877018539136
2019-05-19,-0.8804178858793398,0.11931581254407847,0.7324250077990925,0.9870570266806719,-0.07788563753791297,-0.32501527343550646,-1.4013808746263998,-0.4961223666558122,-0.33790002667511077,0.21078404450700539,-0.1606732008640986,0.3933779689942656,1.7233524860959322,-0.7664870393750057,-0.8492084005458584,1.5951694712238422,0.2870480569707523,0.12020877018539136,1.2339125614780129
2019-05-20,-0.14872495013137055,-0.04803600125009394,-0.9479424896423291,0.7812932552806089,-0.17024145934031423,-1.030250900119968,-0.4098320421610356,0.6466463883416284,-0.13951039517106134,0.36570895429718264,0.6086265511412527,0.4318204429509582,1.9921775227109604,-0.17599481643912035,0.33586046978518325,1.9461108024636635,1.326739646166788,1.2339125614780129,0.8657476160938632
2019-05-21,0.3857631692409531,-0.15784842367754853,-1.4641328533468314,0.526134318968354,-0.17438039748871734,0.028170606748303174,0.501296125444842,-0.838958858704921,-0.09633687902260314,0.5053165408886789,-0.3840584446732223,1.099080502010557,0.7638383161592868,-0.6910417796651978,0.8459890724083736,2.178840324227288,-0.20167119999254818,0.8657476160938632,1.7468468342017387
2019-05-22,0.5863826540029509,-0.279520610623555,0.36382789673746213,0.2533242355943052,-0.17144864856281716,1.1286560899178293,0.5797518172730382,1.065779632772275,-0.17529777209182937,0.09586249526075513,-0.4698339044228355,1.4077802528205905,-0.537219552893088,-0.15047035636756234,1.0583253049142385,2.201876443239078,0.8431660137314327,1.7468468342017387,0.3864614929247502
2019-05-23,-1.1960524304166507,-0.49346483630091004,0.08825318301071797,0.020565738613442342,-0.1561688840767014,0.3478929872344799,0.5894457394514125,-1.321889771057979,-0.3410772382633055,-0.7470390148498354,-0.012680731029790211,-0.3687222417394478,0.24141087304977363,0.7843875331557977,-0.3701035072356136,1.7859281812303551,-2.2074428978437224,0.3864614929247502,1.288946724630576
2019-05-24,0.832769514611346,-0.816914365886257,-0.4298138176981874,-0.18499320350538614,-0.14139309948974388,-0.9074353958970338,0.018995855669446945,1.4680430134081395,0.0357134470369888,-0.9834860191928386,0.36102930261429284,-1.4013300186596622,0.17594290346846378,1.2426202251275689,1.8151717074783198,1.5005317161634604,1.2011584126581603,1.288946724630576,4.554698124466051
2019-05-25,-0.19905371547045878,-1.2713330325554406,-0.05233705666803235,-0.34746295102479224,-0.12270818947266447,-0.667897650399645,-0.9717399682015809,-1.3442787120619422,0.3677798967795767,-0.8025902596191521,-0.5575867809848459,0.760115489019505,0.3476007395203211,-0.11545068857402134,2.099666779482626,1.397446021283353,4.344236146116768,4.554698124466051,1.2201407162484266
2019-05-26,0.12597954498793576,-1.7250737173862223,-0.08671156966620487,-0.49851185879681936,-0.054990500255500015,0.054346466400488916,-0.175839995673973,0.7008536632459099,0.4437342118622471,-0.5823488195348462,0.18290704296350557,-0.5541585484992815,0.3191003179149512,0.6868573070087218,0.3785750206258675,1.476162037702742,-3.76855169512045,1.2201407162484266,0.5961438712504586
2019-05-27,-0.44571467836899237,-2.2517644016152443,-0.17617659995587648,-0.4267814613144178,0.4222529186097196,0.6479107368548414,0.12366212080259818,0.5580299603916791,0.05436418293290727,-0.23991681635361445,0.41399239619310424,1.2867608912311852,0.7953285912775531,0.46103834967291596,-0.4604099539933099,1.1528309027378345,-0.7346291743057044,0.5961438712504586,0.4547906581880799
2019-05-28,0.004636329952488837,-2.614906472269879,0.6003146562509895,-0.5542396592611132,0.4506308736641793,0.029978455849095424,-0.5702478039843715,-1.9531808316296901,0.09128679624059598,0.4810327210588844,-0.7606979813243931,1.1609007958466733,0.008486149559937876,-0.5356716276588115,0.8538524449254237,1.091867082980149,0.10525956148270064,0.4547906581880799,0.22542827608236216
2019-05-29,0.951625728910126,-1.2030202278360531,1.6373004604014363,-0.6529478131222118,0.529215938814225,0.17599976501144818,0.9195028617956695,2.8750166812873927,0.28590258789083395,0.9492317437818323,-0.08485145895178063,1.370754224179113,0.9137109488076935,-0.42768276209491307,0.15019924388125536,1.0240145208723248,-0.9242595488764821,0.22542827608236216,0.2065733894932265
2019-05-30,-1.8249845810079073,-0.5954804553926976,-0.19968164963025123,-0.7560767702494234,0.5897049869379978,0.25379785912333924,1.1648789892514508,-2.8387111319596308,0.3984662793358756,0.5091578523516074,0.621133170105839,0.8968764820668755,1.977957519933927,0.5214723754179955,-0.6696995905449282,0.8574281395711486,-0.06340787788260821,0.2065733894932265,0.637602246720202
2019-05-31,1.9369513602997461,-0.1635097611216143,-3.2929762944881675,-0.7743245101274522,0.6286131591086718,-0.16197438986128823,-1.9617881679611509,1.9851946473629707,0.5162765601144819,-0.3844880998753165,1.2459898883226654,-1.4803978352994307,-0.16276250529574995,0.9126799680435593,0.9356849321268527,0.8752988976247421,0.9106724854720044,0.637602246720202,0.6035203233985726
2019-06-01,-1.2508851383976165,0.08125297684294164,-0.7014708078542334,-0.8480702336144382,0.6492701100607976,-0.8753729437335005,-0.6895167592297704,-0.8067112846493013,1.077037574015688,-0.7856052656841193,1.2431716645008748,-1.2746121630507528,-0.07670671816895615,0.8254832260455603,-0.3676004707109454,0.86657696914722,-0.2718154707697978,0.6035203233985726,4.25868600089523
2019-06-02,0.10154347059640964,0.18921782112270474,0.0536111010361426,-0.837280443045459,0.7330077705282849,-0.7558147594101444,0.8872851947466668,-0.4299350765226808,1.3633202950620427,-1.2656118075258478,0.7902430124931603,-1.282077339196618,1.3226787168260543,1.0833225384085348,1.8046339536300284,1.0291717318799294,10.313886946236602,4.25868600089523,3.0334392010002387
2019-06-03,0.26825021453811254,0.13253401917249336,0.2511965699383804,-0.9253307751821411,0.6569375979264218,0.5474975226321861,1.023779532084747,1.3851832974645903,0.8824352994318003,-0.8675116548371787,-0.17471836686075573,-0.42812649177099715,2.844432726975917,-0.9431822787952251,-0.5746165182629127,0.7621968371441058,-3.326193935838099,3.0334392010002387,1.3075492802790594
2019-06-04,-0.2788104192166867,0.01456295626093771,0.12335081087890103,-0.9580788599743115,0.5800132873721272,1.9863121448719807,0.21254638276002769,-1.3831174818676026,0.3452738963685666,-0.40411671308474706,-1.4397310417343956,-0.0824393397729662,0.677139286413712,0.1888335602812259,-1.3715927006272728,0.4859672273901636,-1.451424371765328,1.3075492802790594,1.0640220069723445
2019-06-05,-0.03134756427491891,-0.21432364163623122,0.18116967490702132,-0.9698966747005541,0.4758212323036137,1.2238187727780538,-0.34483646690567704,0.722788011889615,-0.31792842584415715,-0.4861463790686764,-1.042273837362413,-1.1523402581899813,-0.821597878887463,2.0309445629334024,-0.21720765149574778,0.5308889065735312,-0.9188616748466186,1.0640220069723445,0.5362697601547196
2019-06-06,1.0534153350264344,-0.2022132746273356,1.8921778327272114,-0.955959955852951,0.46342254575617453,-2.0693023917403788,-0.1359316060686522,0.1520600551700809,-0.5005877190054322,-0.13764390541595514,-1.46636394766396,-1.282560254755766,-0.8450123625051621,0.3300088278305362,0.09014864605768752,0.24340443572586667,-0.09113137129817182,0.5362697601547196,0.287837956936455
2019-06-07,-2.3251576937646017,0.04957809775470765,0.8908023976497914,-0.9161121392329545,0.30800657036509405,-2.847296778209753,-1.1942302922399277,-1.1033034120264933,-0.18315617276657112,0.49855979865769307,-0.4388614314583349,-0.7219142201137442,-0.9284366403093018,1.017629646521909,0.38670719548702176,0.1077935450234846,-0.47548328084883673,0.287837956936455,0.4342728701958136
2019-06-08,0.5730391489835366,0.3794755919593465,-2.0023084903474486,-0.8270579338082402,0.15419721369208098,-0.5208494023215121,0.04868482620508054,1.3415801183833007,0.10744249330805701,1.0107571900514836,0.8583878520373331,0.6166254987757614,0.4417831690505759,0.6102154912463718,1.7285329385845847,0.34166018504395507,0.31213592886254965,0.4342728701958136,0.20547593362143302
2019-06-09,1.333948648024693,0.8426131396220986,-0.47304954193719584,-0.7148623466284743,-0.025901245320463617,3.0855756476517473,2.7484011190239044,-0.7223923332295461,0.17136357768242597,0.44679374167732616,-0.3528674626395157,0.43772313442923716,0.32067118461204985,0.01643247324385272,-0.3241185709491227,0.4673628286934595,-0.16155305005827827,0.20547593362143302,0.3144989332163611
2019-06-10,-2.09752677836754,1.3087188770604998,1.1418096729830431,-0.5325316043583822,-0.2444766891307611,2.1475137668990856,-0.016929965594862505,0.018260294378047104,-0.6112049814512941,-0.0655641074363833,-3.037687589395752,-0.5048272365530723,1.8785691805421756,-1.2520299919230644,0.5584093691940173,0.3998898427059317,0.1649120605956064,0.3144989332163611,-0.18801907907677412
2019-06-11,0.8159772979468723,1.7314894725696153,0.958231998554567,-0.35885180811615663,-0.3431637903747521,0.014698664037592346,-2.3600926607089283,0.5604068556257457,-1.02619853014368,0.2166238372196393,-1.6650134230911848,-1.3102236953626223,1.689346398142675,-0.8106555388768067,1.0457953176668204,0.5860705832564708,-1.4852600707348422,-0.18801907907677412,-0.4022707906973716
2019-06-12,0.5824458946652453,1.873494181304916,-0.25715004166191896,-0.19864197122792882,-0.520556113231733,-2.320552645286262,0.5605533609710254,-0.9692550060487178,-0.907367785049732,0.10850021475135753,0.4716025236711761,0.3528631350977634,-0.6682507519608267,0.9710018373944149,1.9865829300316333,1.085267347924601,-0.43875343096512986,-0.4022707906973716,-0.029467000770704906
2019-06-13,-0.4493796038850743,1.5634481824018276,-0.9913026116084366,-0.006016416593858651,-0.73159320102196,-1.8964341184680649,0.05297411990672945,1.2270307229357766,-0.4224335145634525,-0.7800845134809281,-0.9994143470786133,1.3291961078730845,-1.0563580207444638,1.1394846336019617,4.246672647409133,1.7230471869885602,0.7383856395821593,-0.029467000770704906,-0.45667953093961533
2019-06-14,-0.4051206834242824,1.130797339228531,-1.0042968445216793,0.14785056146640385,-0.8896927439641965,0.21930552278464688,-0.45119613772294326,-1.437906917509975,0.09058422389107006,-0.7124536620508877,-0.9233241001714728,-0.37120114411130123,-0.05291546810325583,0.008945991936351318,0.730421611076099,1.8842961170580304,-0.9034991836155635,-0.45667953093961533,0.043022050851220184
2019-06-15,0.5467226756271267,0.5204673757753123,-0.5082109223418025,0.2879831444181878,-1.0218945655960268,1.2462587241694056,0.930277446242332,1.414685860992729,-0.021266023198069205,-0.7849725836661968,-0.2292936692647404,-0.8685159278933592,0.2441720937525217,1.0454558217871013,0.050353592899695675,1.489542274888904,1.3350832946222997,0.043022050851220184,0.3678651511701293
2019-06-16,-0.3652329564840766,-0.20616606152160438,-1.2990918052023042,0.30884602961080004,-1.180780517678005,1.1043245885905657,0.14167391832366277,-0.9670451778022722,0.0438051506513814,0.19935691103301845,0.25791548580268375,-0.13231041555337156,-0.02929789115888037,0.08606065823598781,-0.8932546151196549,1.4189518053993142,0.9461116991678271,0.3678651511701293,-0.386065590782128
2019-06-17,0.18785731370262226,-0.8286459776193182,-1.7004570318112135,0.42395772634987455,-1.1803066892849041,-0.11160417109183317,0.32203552131029245,0.21331740469640753,-0.6921085460185602,0.7908433558890197,-0.8076612445277509,0.5744188835569799,-0.20043323614804526,-0.3312406518029899,-0.8267707327593724,1.5003772714499102,-1.4443110579722491,-0.386065590782128,-0.5384921313302411
2019-06-18,0.5067033642895985,-1.0338873827296435,0.7519931337237574,0.5111643615597775,-1.2141222602004917,-0.049920197100776165,-0.02885727166499245,0.6138353483931538,-1.5075872804907635,0.5547585564995183,-2.27574162842465,-2.0702720764686515,-1.316916794634849,-0.10912747374013992,-1.417126966849522,1.3808131001542472,-0.17186652533845515,-0.5384921313302411,-0.31458372458087747
2019-06-19,-1.1196220197201918,-1.1285901853551676,2.2714303998811407,0.5358034692522654,-1.4617241667309713,-0.13990641923305847,-1.0831396443537877,-1.4344409911013458,-2.6192617031792036,0.35329334399697593,-2.5084866949527487,-0.9698017650688296,-1.113461498697182,0.7847770283095925,-1.1277600330810797,1.3179268504531434,0.023442104043644732,-0.31458372458087747,-0.5203031217485737
2019-06-20,1.0563450202102813,-1.049107895055371,0.6749183008697242,0.5806408445373266,-1.4098419788029783,-0.8311749764269103,-0.8856280664288314,1.6334717178394664,-2.6566783160450904,1.3128052200816047,-1.1915364121789,-0.5478934164780884,-1.853870203664514,2.0173281427565226,0.9342058325275647,1.4783036395190285,-0.04492302359298172,-0.5203031217485737,-0.27108332597170176
2019-06-21,-0.19054891966048257,-1.0013016364597291,0.5867202916397738,0.627487196749044,-1.2695888894286063,-0.8950278703756677,1.2446779642582153,-0.7805979730375544,-2.7380241533315988,2.657157652609255,-0.07539399302172041,1.803052199319658,-1.1187597648100496,0.07081850387630807,-0.3520967987886883,0.7158293722317437,0.34058416893776494,-0.27108332597170176,0.10813777949106934
2019-06-22,-0.6881455662753525,-0.9904027837692635,0.5784824872269034,0.6257338358194845,-1.1434752207379568,0.7869261590571476,1.2888622811762955,0.14786347184877127,-2.197148463291172,1.0412199107463078,0.4392060040466221,0.6931929576499568,0.10157055837572201,0.2675185221194488,-1.4769177149774568,0.5843653376439103,0.6054581250856276,0.10813777949106934,0.041895955526443526
2019-06-23,1.4992518996779327,-0.9531259393909237,0.5469647222522189,0.5963569248338721,-0.9921518223594011,1.282100361404556,-0.8472057156400558,0.12553771418871823,-0.787069606968515,-0.38445809312861107,-0.09246473624901323,-0.47028904737765614,-2.3119254233688378,1.6256379276966508,-0.6305636105953891,0.3113460554775061,-0.022668952128616002,0.041895955526443526,-0.5467357265842678
2019-06-24,-0.36695546753483765,-0.9226181365543247,0.8961385176023137,0.40783487053555517,-0.8301169287248843,0.1946664147290102,0.19057285263387752,-0.06311712731364623,-0.33489281034288504,-0.5402320715560407,-0.45463795542146684,0.024125700462061188,-1.480428668571965,0.008904079655420357,-0.7562677019821045,0.015081264732754866,-1.1188786038929774,-0.5467357265842678,-0.7173652636782782
2019-06-25,-0.7090810759926642,-0.6989090729053807,-1.7031350410563573,0.34496098250434054,-0.6410421869027096,-0.4021095999386533,-0.23610453074826632,-0.30420420540541465,-0.04015750031171947,0.06250551770324997,-0.057451872120708895,-0.24938047192751867,0.08128164594434636,-0.11879733928364873,1.467645544035676,-0.05318903651364024,-0.23476841960207032,-0.7173652636782782,-0.3591823945138583
2019-06-26,0.8482156771496172,-0.344326484302657,-1.9318893191578812,0.27820672149201203,-0.4356967292778491,-0.4132159366288594,-0.7145954558541423,0.6497693672234773,0.6448249556674518,-0.6410456466757861,0.13200707360748185,-0.22625011429193637,-0.8893596325755784,0.91828663279809,0.09345550178010188,-0.6024016035969948,0.2391700642891252,-0.3591823945138583,-0.9232670697067858
2019-06-27,0.5127242839324548,-0.04412947170499834,0.5204698211034655,0.18512466012106818,-0.17926137157647457,-0.31896980627513905,0.2030973792585385,-0.6412458435073192,0.34545459860876876,-0.5414804516422456,-0.40111702043923075,-0.5543092132090391,-1.6328566013779313,-0.13090225901281757,-1.0319429350313032,-0.8586948571599761,-0.49432640634665465,-0.9232670697067858,-0.8236342549861752
2019-06-28,-1.2258506887340046,0.18141983098325676,0.7309434629271573,0.14245583634414885,0.4513061112073986,-0.34237567854869705,0.22923306354689182,-0.028510167314499332,-0.4236960375922645,-0.17410578906963084,-1.1577484856502287,0.3809789893736215,1.2422984555230867,-0.5838163737993033,-1.148575725105616,-0.9563270560529161,0.610312017924422,-0.8236342549861752,-0.999720016836759
2019-06-29,1.2858476489903738,0.31895370209760066,0.36616482871015354,0.3630793516442819,0.8330634329629014,0.5950528575871331,0.5433803648849967,0.8713841762371275,-0.9741384113757038,1.2824675391628146,-0.30872977183319833,0.24933656366844767,-1.5840650956534315,-1.4885344283415038,-1.1695734890269947,-0.9481263774720227,-0.5435056612242442,-0.999720016836759,-1.0859964415014434
2019-06-30,-0.3566435445434431,0.6054743831771922,0.2482920348354576,0.6161056916352612,1.2204236343668586,1.3088128068900524,0.6361453714580932,-1.9207143922211867,-1.7057630542316484,0.7612789671705624,-0.3958803883658613,-0.16660557892448913,-2.365067818475627,-1.2273804934546682,-0.09030997690777408,-0.7915053399523836,-0.3757147121149147,-1.0859964415014434,-1.0943584445238361
2019-07-01,-0.5167074926274221,0.44735452348740173,-0.5986672220153264,0.8168394331793983,1.5795994832271616,0.38278290666671044,-0.6090527532473905,2.353692350273177,-1.4052628571261399,-1.0102158593737938,-0.4015893925829967,0.3210479287734814,-1.6871749749389213,-0.5911323438308079,-1.1484740469079058,-0.7466105290272866,0.3675104054688045,-1.0943584445238361,-1.0028235010627187
2019-07-02,0.5021670980503682,0.16207995710763443,-1.4192682744876854,0.9890709821149668,2.021036911702393,-1.3791764341924913,-1.0162855336050418,-1.3761820895407213,-0.20977091870519435,-0.6350025366516181,0.17222898060109013,0.060814834850031446,-2.2091075321871423,-0.6184841567435744,0.3291538582809094,-0.6052315364433712,0.14276091180619577,-1.0028235010627187,-0.4680878991687979
2019-07-03,-0.3194197330760808,-0.15074838204351346,-0.3580286335612536,1.1749953446290773,2.401376989925286,-1.2223501241737857,-1.1210716393812066,0.1089916194964845,0.5479201614629935,-0.2845277832060565,-0.13023963626840113,0.41654596384087084,-0.6344543680063999,-0.0724344013305824,2.933072047485938,-0.4076073582321028,1.527233844843265,-0.4680878991687979,-0.5609964567593257
2019-07-04,1.032626929013399,-0.28921487991296696,0.2510985062519987,1.267198675165818,2.228496602049899,-0.6255419386953353,0.5676550985834828,0.6957653141610765,1.3305353483427478,0.0637316615402782,-0.6167428755820945,0.06108814436382937,-0.4126491201904381,2.393256474648713,0.5591246538427119,-0.2486169918587498,0.05567744069785733,-0.5609964567593257,-0.631609168081706
2019-07-05,-1.1685164592455823,-0.3380148034103104,0.21384951620697684,1.258662996715136,2.2877214026965533,1.4224488455389523,2.6847213615406074,-1.0052622323903566,1.1940712501461592,-0.24480151283286755,-1.48252655504832,-1.1142436185492597,1.0162816689422234,1.020222095597839,-0.6651193241389866,-0.23546109556499145,-0.29590966689838305,-0.631609168081706,-0.4995255153132091
2019-07-06,0.15156553032047163,-0.21508487529481835,-0.46062432264540926,1.337071747066695,2.3159475032867163,1.7759120006709157,0.6496126085988304,0.7814345935199528,-0.7200311804163223,1.155919262728578,-1.5206723644727858,-1.7022249240386018,0.4167571222808937,-1.4941509805924058,-0.5084954691545714,-0.20749999827911234,-0.1851741510308876,-0.4995255153132091,-0.4619855226906554
2019-07-07,2.0658101341784914,0.20404551749272656,0.06591806861803134,1.3761412079614381,2.2639870935468576,0.7133808852713184,-1.540401112616503,-0.32381195598493817,-1.2575384094892115,0.17065313185334532,-0.9640817720788332,-1.9578507175321282,-2.097334945396463,-1.7138474726457367,-1.4148885734748367,-0.28061696663151825,-0.28951188291768815,-0.4619855226906554,-0.809622697320551
2019-07-08,-2.233067970955157,0.5600637479271663,0.9331054830724673,1.3626841911328988,2.04953155738205,-1.7575857914783337,-1.1839752113179365,-0.058369030073891916,-0.5942528122549819,0.4358198240460635,-1.7353319973433858,0.06179940011137524,-3.043236744045438,1.1110225532721476,-2.4677811323777976,-0.7497433251501157,-0.4052845701382923,-0.809622697320551,-0.7190232768849724
2019-07-09,1.3841106075513878,0.7606085855144826,-0.5914306847789962,1.31884437456954,1.890839486155,-2.014990631927618,0.9837042777630948,0.08633952572492819,0.42301450929528767,1.9802951175451131,2.511479756037159,1.3735032025930944,-1.3663919466761398,-0.262712316979016,-0.5477722575347143,-1.0507245929490385,0.3908343188811965,-0.7190232768849724,-0.6712761861911806
2019-07-10,0.2548209854316763,0.7907309819479134,-1.2258149085797627,1.0781213728891457,1.6814877662975827,-0.5584912527208347,-0.08134604625452778,0.10272807600931891,1.5772668809893753,2.2227662688269993,1.2928157636356858,0.24257967235853126,-0.029265567898987696,-0.1832780256123668,1.9015237694755016,-0.6255669641877873,0.119875544497727,-0.6712761861911806,-0.5997049544627339
2019-07-11,-1.260804245059091,0.5774998457210514,-0.7372081626352877,1.00475079807732,1.448132324324231,1.5421763485358033,-0.10032564944759167,-0.2622322945579494,0.030472679387359664,0.5237394660006399,-0.021009952654467152,-1.4194438594443608,0.8960436004052813,1.2402483227519163,0.08892533619737833,-0.4390650934390172,0.6629009486904222,-0.5997049544627339,-0.11449581522516852
2019-07-12,2.1875281948117933,0.27795338911163797,0.8314982400561807,0.7912476144181111,1.197606798596546,2.6975304817950874,1.212226814242882,0.18816878960490385,-0.2698521834292617,-0.013164819030355877,-1.8694908711270979,-0.7410260335853723,0.576178819777036,1.257739815773566,-0.19292346906625626,-0.25735440999466586,1.100859497990446,-0.11449581522516852,-0.4510266090843757
2019-07-13,-1.8265583057068997,-0.004898472369415599,1.6422523016869495,0.6149718883087723,0.8549431150576038,-0.08406892163511567,0.18676347230049825,0.17789930178692773,-0.005097851128525621,0.2566439707719379,-1.7641397478128276,0.4956713164066557,1.508716388749238,0.17638498508101663,-0.18319468985838086,-0.28210621929385776,-1.4723186792369487,-0.4510266090843757,-0.067902219766633
2019-07-14,1.133618787421248,-0.08797334219636886,1.4826914963877067,0.4478336294422202,0.5396955145376571,-2.3560821348333145,-0.5834177333110215,-0.4819160123536084,-0.7204279380318984,0.3097648277188934,-0.8220855442914569,-0.4103637216483737,2.3579141448376055,-1.1422633273447536,-0.2327233884775421,-0.1680329694814422,2.500762142319981,-0.067902219766633,-0.27016216655177894
2019-07-15,0.540363929698037,-0.07512865646383991,-0.07907618135055587,0.1498187849327245,0.16573222396066428,-1.4917298917150041,-1.8549339340739122,0.4039419030881889,-1.326431207423432,0.25659584230221577,-0.5281579528851598,0.3252180551304511,1.5672034716458558,-0.1548038816914093,-0.17645876177383357,-0.24924873157928934,-0.5482694655349939,-0.27016216655177894,0.1388766345531953
2019-07-16,-1.2464105912667998,0.16057604775943457,-0.9002471383717892,-0.06580075211647192,-0.16210295086518337,1.4291946617713702,1.0450325992161806,0.2709194551525085,-1.1658738377772029,-0.34597322680256887,1.1221570474744096,0.4741931343777532,-1.0989804934359584,0.6050086735818658,-0.778601972067529,-0.7254519919045959,0.8139844330140403,0.1388766345531953,-0.3705558557037617
2019-07-17,0.9040993283570525,0.548904620219992,-1.313087835285524,-0.29247164884914745,-0.46587901991158764,2.07660852083415,1.2001818903914374,-1.3593563787364724,-1.0479113542531553,-0.10364740633750652,0.5894709165901358,-0.4763692049965955,-2.038939126597778,-1.9422088099131503,-0.44249994940548776,-0.8746911775085059,-0.9174405189658443,-0.3705558557037617,-0.4253289981868621
2019-07-18,0.2771058288146015,0.8323876978047694,0.8307163736532364,-0.48870755453456605,-0.7221142162704624,-0.9749353448796176,-1.818174596234019,2.4359165547854023,-0.4426172789790996,0.15020831235084137,-3.022978956011072,-0.6313600166195916,0.22366179680102635,-0.030418333364670178,-1.579901807204364,-0.9979069433620636,0.1003278927505296,-0.4253289981868621,-0.6902744761563913
2019-07-19,-0.7458960818653105,0.8483278595135574,2.0311295913304472,-1.0426606658417086,-1.0983247923814303,-1.3777183289709511,0.061295576110381327,-2.96906453837849,-0.8917033634695194,0.4061407457232922,-2.2822467049524597,-0.5776017533653864,-0.380644789537712,-0.028391272757663517,-1.6086793837031026,-1.1304075756423426,0.07256019167720038,-0.6902744761563913,-0.5969502921711524
2019-07-20,0.035944084386904156,0.5411702112127624,-0.36283659346265673,-1.2273225813022153,-1.2925178470051761,0.575398470000185,1.872919273350036,2.727164888120399,-1.8666000773968192,0.7438058709770764,-0.5135695760606499,-1.1365741631281376,-0.24155880240333719,-0.8902761543911069,-0.9232237157231429,-1.1181892918503442,-0.25678501776282997,-0.5969502921711524,-0.5474126197266237
2019-07-21,1.1544781611988817,0.1259951328068974,-0.025692289342749253,-1.219956510822784,-1.4566392060070321,0.931307574487259,-0.7552506803171877,-1.9561250721510988,-1.438415198325963,0.15632559455358033,-1.282078709984736,-1.659540674128009,-0.6548152876263813,0.1908500548425571,-2.672117456165014,-1.1731649806166273,0.5328187303047675,-0.5474126197266237,-0.3998947638271485
2019-07-22,-1.080976296477581,-0.6829390728493987,2.6988982192225994,-1.25669126003773,-1.5581574374652323,-0.4040510514095652,-1.6424766120895866,0.9966870037883643,-0.4173823626213525,0.08247551376928403,-1.4841996184586534,-0.5955144968266461,-0.8910245520906388,0.13947845174006715,-3.0670293076616493,-1.4312476258550126,0.7961061245342578,-0.3998947638271485,-0.6465881478135427
2019-07-23,0.2528987134631032,-1.8916734628304603,0.14675457356446803,-1.2663387576079062,-1.6293626295316328,-0.8021695119825852,1.005019852648968,0.11473043963709384,-0.06290265134023243,1.0808477089068758,-0.5550555481816329,2.5897023334275615,-0.5087562992425624,0.2195655457230608,-0.7921941634364237,-1.8269183123073867,-0.2607697226598277,-0.6465881478135427,0.20898052730242872
2019-07-24,0.19741266155571213,-3.0993320111065885,-1.5787231734901606,-1.2622384412859589,-1.664953213288871,0.42569479688730916,0.5514370186758075,-1.3022149524022844,-0.026495920686233482,2.180433082364217,1.2564532583003631,0.8201317169791873,0.3503884861687698,0.3544015754516303,1.1426216496860626,-1.735179308592313,1.5243618849524192,0.20898052730242872,-0.44480557505501633
2019-07-25,0.18237453125592326,-3.2708691646256196,-1.7317540434944294,-1.2283127044838473,-1.664404502094919,1.1466969366670747,-1.1556784992353468,1.7841842613578105,-0.14053523456108272,-0.5156471837853829,0.8513590730127434,0.49615064616631893,-0.6607579214195449,0.27031751555770683,0.47659156414775744,-1.6623154105805895,-1.9797086810075006,-0.44480557505501633,-0.13709468612467915
2019-07-26,-0.13076208668129388,-2.6184058432531105,-1.056019695502995,-1.1685512165730767,-1.6252752494954323,-0.07949702524699537,-0.024645803779444694,-1.4017900453754977,0.5097158172013508,-0.6423031937620332,0.735368399287628,-0.38015625546134096,-0.5534171264100465,-0.42776453043395574,-0.5155015757024515,-1.6277383438150526,1.0067609369123884,-0.13709468612467915,-0.2832202213550304
2019-07-27,-0.7996925244767741,-1.6590223974991098,-1.1012375112455601,-1.1029879517508334,-1.5457744566367524,-1.5820659488233075,0.8799451518374084,0.7357110878718031,0.14735481371383183,1.1827342473805664,-0.6043963068668543,0.06043783134396467,-0.03739288793357308,0.02325412906062257,0.16500788708307984,-1.4806517130369319,-0.40067047651130944,-0.2832202213550304,-0.18042757387649772
2019-07-28,1.3561823164888898,-0.37250445157752216,0.2553488102296295,-1.01258417692252,-1.4230239254881951,-0.8275396868672654,0.36948327833711764,-0.10076207526656457,-1.0349610417950867,-1.715099376434807,-1.3579462542594,-1.219592811081271,-0.2656305500052876,0.6401606023799554,-0.7544863910721846,-1.5253618161662472,0.008938687514425002,-0.18042757387649772,-0.5523025959820453
2019-07-29,-0.7343892392966872,0.6243744163183768,1.2264119169339114,-0.9090253437077755,-1.274419085736837,1.2041202762657042,-0.7436944318846079,-0.27025081383335936,0.24185957258843127,-2.6132693159633313,-2.012343778200422,-1.467181697489857,0.18161086343382615,1.0530281930210994,-0.7913144723302157,-1.6493957837455175,-1.1768617795855936,-0.5523025959820453,-0.7859711359513682
2019-07-30,0.395854509646987,1.2557048763382574,0.5515707025072011,-0.7162854425247942,-0.5777576822367034,1.6216836838623423,-0.9477412900979225,0.5357410225795716,1.619528826759135,-0.5945586942047878,-1.0577453226241977,-1.1807556907183092,0.5051776651331171,0.5676057370967722,-0.9167178762401567,-1.8092573143258173,0.18416307663965262,-0.7859711359513682,-0.33237765546652653
2019-07-31,-0.4788239893771387,1.899824425742546,0.9769227987316091,-0.6039567569690614,-0.9435992281645701,-0.5764960560472601,1.4060963833373288,-0.10406184727615754,1.794906201546963,0.6981020694233058,-2.0940838462146734,-3.4147532606509823,1.9327161391196321,1.536620658540668,-1.1650596133892657,-1.8648979274808,1.4455617590381664,-0.33237765546652653,-0.7903155212369704
2019-08-01,0.01647992136929309,1.8484247889351533,0.9062985591520863,-0.5606528181360395,-1.114838832515038,-1.493845892857124,-0.5609471992905946,-0.5392485949383915,0.22476352663543772,1.3296414852212661,-1.4367911488471146,-1.9312277735911167,0.3433002713656341,1.1840596365878509,-0.9278838107416061,-1.793779970952813,-1.1564365995314962,-0.7903155212369704,-0.9447330266067847
2019-08-02,1.0514020293352697,1.6993240397559188,-0.5091675717622746,-0.5163596681869217,-1.2959333669484838,-0.1016808116698428,-0.867580040645405,0.9903968118364203,-0.5267836504195825,0.9451412866667491,-0.8134801998796359,-0.9202667434891163,-0.29170207308075957,0.58175542695067,-0.03454046360808137,-1.647979169918637,-0.19832966772193575,-0.9447330266067847,-0.8230748125771712
2019-08-03,-1.0872491927168488,0.8113757593253774,0.054171431587641296,-0.4681155779610427,-1.3772940442168162,0.5051253997878064,1.3817427904743491,-0.7814407832013438,-0.23706941092219583,0.2780683363211622,-0.1324047431904193,0.18427295843823438,0.8487897847304707,1.3856683758231676,-0.32165024916367657,-1.3019967267737391,-0.05777954439660447,-0.8230748125771712,-0.06901571126923578
2019-08-04,-0.23496394303486878,0.1730796854213663,-0.9067601758116216,-0.41297847072741367,-1.4801787751227715,0.3785609318722055,0.4635658768232362,0.001069114927902295,-0.1809387344416613,0.6574236468899864,0.7500821893269682,0.3059596121115609,1.4329510476786043,-0.012648003731268252,1.2663172956083844,-0.5846792251097556,2.59000330888751,-0.06901571126923578,-0.34076051209263974
2019-08-05,1.2192130812521467,-0.03395392359018608,-1.716579770951411,-0.33766675077855846,-1.2573592605897403,0.06750540226982492,0.1685603007157603,1.3581191464326878,-0.24893550772055473,0.4401268286173397,1.2695893010482768,0.38908934114987376,1.5051746233376297,-0.5210487327499548,0.6746654340225079,-0.39287621004586215,-0.6889111249661306,-0.34076051209263974,-0.46934034692946763
2019-08-06,-0.31987037019039904,0.0016081033826540194,0.22313213050891337,-0.23091352958350092,-1.137760914512247,-0.2784706676497123,-1.9879778510749362,-2.2396925256219173,-0.6260367214182101,-0.20682305821090086,-0.41959205820944195,0.4799926199175435,-0.19957217508196262,2.4468405529941126,0.0341139669023933,-0.5099687822170466,0.06821378768814845,-0.46934034692946763,-0.4341630643578349
2019-08-07,-1.1439841774784953,0.1778251042940045,1.010295219104559,-0.1801731100148611,-1.1683371668061686,-0.43662815648070485,-0.6119317320804704,1.9710332584369168,-0.6957502676568885,1.4337591422515055,-0.48772365519517974,1.8021055525900815,-0.8459144029737806,1.7632281025421885,-0.2846369300322005,-0.5682813670270307,0.06095569692619431,-0.4341630643578349,-0.7069785127302858
2019-08-08,1.716589427492998,0.3584652290763319,-0.20771320176162517,-0.12612333884984386,-1.1815416564050762,0.5036302266830331,2.5047770613933156,-1.4156152511394589,0.5463259202465877,2.06341003722645,0.8260936298260114,2.4896403807991576,1.699232931116174,1.7553886419524343,-0.30843419216254014,-0.5602709405608673,-0.6695273243653226,-0.7069785127302858,-0.6435741734329375
2019-08-09,0.6357734590335102,0.613741899891822,-0.05311709431824054,-0.03024823992316841,-1.1825321824116124,1.0157773375475057,-0.14581744927895793,0.8451663719867174,0.9884453857826445,0.1629455466527932,0.4206847252966925,-0.8913494903351953,1.4951017608855885,1.8884453224818953,-0.5719869520178142,-0.704367827827167,-0.202198185132041,-0.6435741734329375,-1.0011424796906505
2019-08-10,-0.4995659180990037,0.6333693356403999,0.24620794978450494,0.02712874716552603,-1.126487720079767,-0.541153507836206,-1.0223740085452324,-0.45099368530723033,0.5652478104346754,0.7160781706457027,-0.874545900431351,-1.5720935252148394,0.35805020791600073,0.9001995610075514,-1.4048209098930278,-0.9007975032719793,-0.35384218937515954,-1.0011424796906505,-0.8312404862052482
2019-08-11,-0.8987306039742887,0.2395585260861437,0.7626268013734908,0.2375451055971731,-0.9317966239590754,-1.8425138006006079,0.4757753269327597,0.36577965990757444,-0.5704572152929236,0.08067424655024012,-1.5412899813875378,-0.33563452007467415,0.4927020682866928,0.3362965056005339,-1.937202503066294,-0.974698245058666,0.32452421952677457,-0.8312404862052482,-0.5301419292709588
2019-08-12,2.497007425134517,-0.20525464597411253,0.9632463786011874,0.2894499952349777,-0.7602647237610279,-0.25660454635573215,0.8533076506863256,-0.5193763525373957,-1.3274501898850526,0.06678256758796981,-1.5633016854050767,0.059816055359750646,0.5797701577100238,-0.1072697497479574,-0.783265908927973,-0.9852237596437335,0.42790944930198055,-0.5301419292709588,-0.9186568646266243
2019-08-13,-1.1342610587486024,-0.653496886390035,0.4881066108368537,0.3489194320054482,-0.4611963581080553,1.9160599063037143,-0.3938890673467346,0.5717528023393394,-1.0838609829246126,0.7154880934320996,-0.5213604675722914,0.04848395660124109,0.26483806410675237,-0.26396029478437044,-0.49063829041401047,-0.8013954151024101,-0.8276780922099329,-0.9186568646266243,-0.5777243141243512
2019-08-14,0.07716818990552977,-0.9734980442071673,0.678349489251853,0.34986884103220034,-0.1960267554117117,1.549896751400561,-0.997464613092382,-0.04641125722610323,-1.125264199566533,0.9557413687739249,0.25192623428983757,-0.41302695873064793,-0.8176051630448549,0.7005888114843096,-0.06888080799927587,-0.6661511973762893,0.9702296883027202,-0.5777243141243512,0.13274849587389403
2019-08-15,-0.602829436698481,-1.1937548308215233,-0.2184629007745315,0.34361053217641135,-0.0025062835373372647,-1.0227835927845954,-0.6115905996529766,-0.5503628802869235,-1.896098702858638,1.297196387828366,-0.19660189084405882,0.19945545742436566,-1.424018013012846,1.3442258328053072,1.3194561721806606,-0.3581811791148723,2.1269468084837486,0.13274849587389403,-0.21029519762035884
2019-08-16,1.7801787151469532,-1.3017869090078518,-1.5675328570428233,0.29271596967460084,0.18093552203302063,-2.536997919776636,0.806940026758612,1.0940185765604926,-1.369842535517755,4.21878735067912,0.8960244170764591,5.330333753487625,-1.6513045322557647,1.770387079186857,-0.38916424215262413,-0.3821105701817497,-0.7765968700467092,-0.21029519762035884,-0.7074272515594187
2019-08-17,-0.34828998568905484,-1.011933238548603,-1.7142945655817836,0.2583029575280173,0.3302286424907184,-0.17667441470982137,2.1276284894171416,-1.4883825062498053,-0.6057591409571728,0.869494133174791,2.135933181637945,0.6120101104195987,-0.6599198720186835,3.5938420113337455,1.1959003615111414,-0.43942935840750696,-1.2445914901802273,-0.7074272515594187,-0.5781583982562456
2019-08-18,-1.510907479598978,-0.5122214465752661,-1.5256208207690736,0.21983480780707462,0.4632964498166349,2.6128022195394105,-0.3693035770732298,1.50353019789604,0.11833532230690738,0.1846115061199509,0.2960904069361845,-1.3145065952221258,0.9595854938271624,0.7738644377592785,3.293436735383012,-0.1445340928220697,0.30907562964238045,-0.5781583982562456,-0.6468559763181956
2019-08-19,0.9008713798279623,-0.16391719175151534,1.0468275850827888,0.17082779138952503,0.5407323612054477,1.0483412345057102,-1.851359139623812,-1.057916450592972,-0.034403237280183005,0.767633475655428,-3.838873553418049,-1.9033059254313234,3.022522245008851,-0.1300352486014437,-0.5674102442140746,-0.21083348963532555,-0.4334926792070909,-0.6468559763181956,-0.6281532593117741
2019-08-20,0.1047733470331287,-0.0337017233989697,2.873307691020744,0.1437875734196286,0.603311158426917,-1.4199927069625522,-0.07013890647398652,0.38795991184860573,-0.947200984987138,1.3696274964736017,-2.277079318903701,0.005839195123692642,3.6098350838956117,-0.5231499515181032,-1.7426702771998726,-0.3760771954023412,0.4728004172783101,-0.6281532593117741,-0.6286322003067325
2019-08-21,-0.3493301587276595,-0.0592500076425277,-0.39878536282563376,0.10988830600857506,0.6916883257557126,-2.0885929616969157,0.07267582530860463,0.1795353360617752,-1.2441613934871023,1.4432192810370559,0.2499380397584258,1.1036980827645517,0.7097870007014455,-1.5003995711597733,-0.7735898307839216,-0.4269971843512492,-0.34761009428467593,-0.6286322003067325,-0.8155608009896882
2019-08-22,-0.6815003844586386,-0.16384029944126732,-1.225464472824165,0.05557814385029445,0.8184700081132673,0.811431480912086,0.49681113298242574,-0.5721300149331472,-0.35994553690285314,-0.01017084159435535,-0.8937952487250197,-1.3524938716188275,-1.1666177750474112,-0.429763094691472,-1.5555466251307435,-0.5553087524272117,0.047447375005527585,-0.8155608009896882,-1.1921465482181537
2019-08-23,1.6662015376659665,-0.3158735165833221,-0.3727242459556616,0.022949723224231583,0.8724485379162836,1.6422484595295703,1.5071372815296242,0.527042322382228,0.27119442307825503,0.4887363247031898,-1.1825064266444238,-2.0797750281153995,-1.5535164658714133,-0.1563507577991703,-1.5852019186574293,-0.44891202861988133,-0.9390496790406504,-1.1921465482181537,-0.703386557202076
2019-08-24,-0.5094809952483309,-0.44299555062807383,-0.288415296979794,-0.058596421039791624,0.9073157463472793,-0.004321984845037646,-0.6784854364684303,-0.32013026766913366,-0.26207960167812444,0.7323368479447365,-2.206897441223642,-1.5689323129646173,-0.3008806961173079,-0.12598727819932679,-0.987697645379279,-0.37155038203268415,0.41655529632178623,-0.703386557202076,-0.7986357432394843
2019-08-25,-0.8012119511192318,-0.47374850636224103,0.1851864204799454,-0.07583929315890979,0.9359765776169916,-0.860214876565102,-1.7002803519625407,0.1906036482728159,-0.694929134365141,0.5990451090331926,-3.0811883835473104,-2.69458993816147,0.8461598690578102,0.24782125916405862,-1.3167706084885538,-0.4556957068847754,-0.4229400784181481,-0.7986357432394843,-0.8425688409803407
2019-08-26,0.9441474440576898,-0.2721757501407136,-0.5667137037014639,-0.08510392533055856,0.9476673696008486,-0.7190839037974619,0.5328244701389476,-0.1361081856782962,-1.113827533509895,0.5901911778774017,-1.3303754739602085,-2.2160079486184623,-0.1936552603830784,0.8492339672256953,-1.7584776410555922,-0.5870463325581912,0.16162064670611062,-0.8425688409803407,-1.1755807102073694
2019-08-27,-0.2098349778010236,0.016027842204249885,0.7436384664495549,-0.12551218651916898,0.9199850910281425,-0.17200875572498017,1.9277785211415353,0.09012592848440182,-1.6160312068871139,-0.7633735045110827,-2.548120586415267,-1.2034295041609968,-0.42193321637003656,0.264376135373463,-2.3304414503095274,-0.968888926071421,-0.5405180744932614,-1.1755807102073694,-1.0462173582932348
2019-08-28,-0.06257547101934663,0.3165058986225462,2.290661430907307,-0.11016597250305113,0.8821491194342777,0.5974802035453826,-1.9347128992359102,-0.0783710281032825,-1.1838162226710989,-1.276045641120985,-2.4699159544272598,-2.1020439762984475,0.8790247021446803,-1.5660597540639194,-1.6487852029465284,-1.4711379923872874,0.7844985333852044,-1.0462173582932348,-0.8426273318553313
2019-08-29,-0.054930227957001185,0.6178764645621273,0.2019911197885467,-0.08662077801253668,0.8148766024261036,1.1864570783947437,-1.7574757443398883,0.017567318746214648,-0.4171486124968134,-1.1460247251072537,-2.5982784685329214,-0.7170874468290543,0.8651940018158878,-0.9558669781338991,-1.4649773500301444,-1.7345226991049358,0.22009882235964476,-0.8426273318553313,-1.3540386827476234
2019-08-30,-0.021353718218110718,0.8670774162256184,1.0796747442856303,-0.10849520682269753,0.7233868952221096,0.14781578077925472,2.1831733474113215,0.024183086055592995,0.7148354301611669,0.08600652668576343,-0.3913771016902673,-0.10180180074815565,-0.1326101841617646,0.8280373388891263,-1.661751495696053,-2.1338572215399148,-0.08560716589789401,-1.3540386827476234,-1.5705490208537798
2019-08-31,0.22508328665754893,1.0383520932147372,0.8716596067577109,-0.0700634500170666,-0.4611825333489485,-1.0865308577476098,0.9088507547873131,-0.12283020092822756,0.8474653672205941,0.574308172771588,-1.4721560145259587,-0.8168447181983597,-1.3745742056265904,1.2408137867607842,-1.7023611164173666,-2.811964142980711,-0.46521617856585024,-1.5705490208537798,-1.2232933156100765
2019-09-01,-0.38904869605500064,1.0536882929643059,-0.4402243191134966,0.08412482580341926,-0.5011828980361693,-0.10823828020278117,-0.9888507022804134,0.32125374521688427,0.07491832660515517,0.9398787940874583,-1.1476502720200432,-0.4333808990386996,0.29140838020733806,0.15475996785719295,-1.3021700754355379,-2.9640479938678035,0.046600057006730346,-1.2232933156100765,-0.5619808457569355
2019-09-02,-0.6404002619227384,0.9323982445371833,-0.5081256731088742,0.23899474957076255,-0.5417675927201402,0.6151088617133381,-0.767998772669838,-0.627101295879333,-0.08252114695028365,0.4537900386216275,-0.7725988479364753,0.056380268182816884,-0.0038214594734017424,-0.4145776016958722,-1.2739478354736569,-2.9241298530637634,1.2851066569565426,-0.5619808457569355,-0.907261091062246
2019-09-03,1.2306403247192195,0.7941428925343855,-0.5963457363524015,0.4220796924276924,-0.5947335019427847,1.106912430365088,1.376574875131921,1.0929720768935365,-0.11525832862565134,0.876886265061287,-0.5327518591295538,-1.0227354125970178,-0.46727210561566646,0.31211723702349015,-0.4596484956045506,-2.895022544684234,-0.9344813725441093,-0.907261091062246,-0.8176041880732239
2019-09-04,-0.7749252474427599,0.665820448484505,-0.41518296713385094,0.5617104261369392,-0.7517470012360559,-0.04767080308801298,0.4493470836610976,-1.5072547412663782,-0.23735096801350195,0.3056620868324382,-1.230612794899042,0.026044790186878854,-0.7841374601835779,1.0386442187605547,-1.4830754276430465,-2.6356020347452045,0.2681819804344575,-0.8176041880732239,-0.6681342039992424
2019-09-05,-0.17020637120459664,0.502286974515413,0.08340432265462763,0.7681599127412271,-0.7942623665731333,-1.3756683942114558,0.08838787090284647,1.745603371571403,-1.0006360446537355,-0.16579556673418158,-1.9049136159590325,0.00608868981683673,-0.4929543392955986,-0.343974239624243,-0.6387804965958397,-2.5362468683025505,-0.3492373708849618,-0.6681342039992424,-0.9571653517788746
2019-09-06,-0.13129003594129096,0.2660862439438442,-2.904194938969836,1.037554802491424,-0.8896815276082621,-1.061583664615227,0.05781265670793395,-1.8028659890222565,-1.329505875229334,-1.0128796816163592,-0.34978794540759983,0.07718695807696627,-0.38773328377861355,-0.6270957071718014,-0.578202535268904,-2.655031332166209,-0.4737785014542745,-0.9571653517788746,-1.176676952741635
2019-09-07,1.4991562620470733,-0.05519090334731616,-1.6587207810194395,0.9814631746678822,-1.053230033239296,0.5685670260795884,-2.090511234560184,1.607709106805511,0.12505997060037694,-0.9487862906309208,-0.34053614757179523,0.04206528829056045,-1.6843565783148733,0.6659424168713548,-1.3699611949192683,-2.600201199299411,0.5363392440370933,-1.176676952741635,-1.4103810251813627
2019-09-08,-0.6447479336868546,-0.3455290245353497,1.9332494528920638,1.0154904209755216,-1.1121542684731631,1.0735971433608493,0.11018279946306687,-1.0523589269420084,0.47761062726893555,0.0805448036658854,-0.47881693902017813,0.3486169306035757,0.5521499227918061,1.4229567575841489,-1.762317232285371,-2.7224024265408655,-0.2973486536236785,-1.4103810251813627,-1.7213498064828336
2019-09-09,-0.9369987793482389,-0.6501975952154192,0.18112304769344476,1.0010046930258818,-1.119100389554733,0.2081672879386423,1.7965430642884082,0.2749620419369913,0.03469611148064741,0.059059537382178784,-1.3487462264598344,0.7871440774671528,1.268080395435811,0.70165596130391,-1.793149381743609,-2.682002042654806,-0.4450455863459543,-1.7213498064828336,-1.373833387652818
2019-09-10,1.2597302009841267,-0.9514962696655567,-0.3715835757889104,0.9776434830808596,-1.0656183521369686,-0.15339173855750052,0.4294442138105749,0.3673489493997825,-0.31401497841467474,-0.7776011978674393,-1.7607574950576008,-1.3435804832895515,-0.4580308979384211,0.14880581274139434,-2.468692586899658,-2.910473552284003,-0.11159495469033602,-1.373833387652818,-1.5642867958271869
2019-09-11,0.8046790183321253,-1.1927200425156574,1.329409543284005,0.9090474323870528,-0.9439225603071452,-0.11337548809755003,0.05667640516672778,-0.79186988695386,-0.17936246762257263,-0.2729357565119447,-1.0637879428619397,-1.5069316847771381,-0.23416929555811541,0.3151770876506826,-1.6285578998849628,-2.7181452395534524,0.12956193993805326,-1.5642867958271869,-1.4097395757890283
2019-09-12,-1.9225227730323666,-1.2078224307643977,1.540118170058107,0.8344234396515113,-0.8612877806702206,-0.4702968695652229,-0.7619386946424436,1.0203188808365493,0.10195914589824116,-0.05681150950820148,-0.6763601274037289,-0.25489135280962494,0.31191565763107276,0.5319412655270268,-1.4428352460173106,-2.871350423970616,0.18504448085796668,-1.4097395757890283,-1.0236054988905505
2019-09-13,0.4999827429473218,-0.8557203984919174,0.041767640992484735,0.7568977148940523,-0.6595811282517198,-0.6083606059863796,-1.5145198830368705,-0.9715305541602526,0.07028267503705571,0.4158409447111616,0.04346182688780037,1.7889640013440293,-0.5533183561157595,-1.4318884552989763,-1.319207940564837,-2.7975305654226887,0.06477124896616478,-1.0236054988905505,-0.5291579618446479
2019-09-14,0.7315954083976559,-0.30922553254384727,-1.4563082381388728,0.5946786556306464,-0.4926389383934101,0.2264090422269324,0.15832406429880178,0.4431249714169041,-0.3274411768621326,0.5254251983602263,0.42884997213106346,1.0599501818489945,-0.7772134254210413,0.1663984764281321,-1.2805611913505504,-2.823017264235335,0.10588247604919589,-0.5291579618446479,-1.128098658735072
2019-09-15,0.30687680168887493,0.18945539659565697,0.6252115869628422,0.5136498262856745,-0.20780185391414582,0.6561373363476652,-0.24351219692400158,0.777905159056629,-0.8034415934604705,0.2129031892067186,-0.24848031457367012,0.13820126843653352,-1.9096677876534984,0.4871868579968605,-0.9652318655697504,-2.635897913660052,-0.16306703945229686,-1.128098658735072,-1.5414650877972447
2019-09-16,-2.5971904336623264,0.5709842767285538,1.2886393389213069,0.4337384792660991,-0.009923450459967996,0.25384048190480474,0.4754461518797596,-2.478015295332921,-1.2676613641309116,-0.7281422134590687,0.2784287323125394,0.8897693712939154,-2.0645607645709694,0.5407171103113148,-1.9031729775955186,-2.8143850698091524,-0.2828420652046884,-1.5414650877972447,-1.2431444328610963
2019-09-17,2.519851911381796,0.8236357539505339,-0.2889311633720411,0.363560388503954,0.1710556712270796,0.229329709551275,1.7747650163470838,3.5558512953032486,-0.09244298563982449,-1.7339562506558324,1.7142005807860254,0.28080946172868104,-1.1283470499056532,-0.07220801405307858,-0.5834528656526513,-2.7615135850739256,-0.006550555685774758,-1.2431444328610963,-1.1265322624119165
2019-09-18,0.5807017114420574,0.8653175327813909,-0.46553559229753555,0.2642363085058028,0.34122396974437985,-0.12453653706070099,-0.664267335178154,-3.315753289502286,0.5488263685763805,-2.480910834095534,0.49662853270568325,-0.9264749070915821,0.6936581815908777,-1.0335753144648283,0.6933627478820137,-2.789112314763341,0.5817443164784443,-1.1265322624119165,-0.2698954401804569
2019-09-19,-2.5529177790081388,0.5490187960870002,-0.32383379827857145,0.1450463030541445,0.5000706927304539,-0.8101258734345728,-2.020636975881384,2.200787465822011,1.0898503952336491,-0.7599258049465805,0.32135858251837934,-2.145366175175047,1.982476771175937,-0.7093099804753432,6.875742824411642,-1.7819038824166111,1.6047230587284733,-0.2698954401804569,-0.7397382696409435
2019-09-20,1.093848735445208,-0.10611616886928267,0.5250371378810829,-0.13065153115286138,0.621005926940923,-0.6208074377033885,0.6985521625868091,-0.6065228238322354,1.7110967451421562,0.5209512217240908,1.6811547443727313,1.0298415787152848,1.8295037859997103,0.42047703000260006,1.9180577441066704,-1.2483409908030467,-0.2986299435295172,-0.7397382696409435,-0.9997722413117538
2019-09-21,0.12382530761612062,-0.761279618357239,0.3336546658586341,-0.16321007028679152,0.7411388456706282,0.827004440001871,-1.0307136151065561,-1.2525896463619244,2.274620770324161,0.9809427059433364,0.24841828013759185,2.2200252555767035,1.38041461266637,0.45008569218159117,-0.4820469787032435,-0.996060148125014,-0.7746928567766825,-0.9997722413117538,0.24369843928372037
2019-09-22,0.661251084393262,-1.1478372433252502,-3.1644192027751736,-0.27383953742700745,0.8861835988468469,0.601622457092645,0.13727681797687064,2.7062141994001427,2.306693550597382,0.38976419872338314,0.8799513831963937,1.0510157640031759,0.24647550207962304,-0.677192856834519,1.7746087991646575,-0.4229103231312355,2.0805086217286317,0.24369843928372037,-0.31667448374531737
2019-09-23,-1.344468595377049,-1.2957156536627992,-2.964676665481872,-0.318310391185852,1.0589109615076484,-0.21392387118041548,2.843487037249986,-2.9797657647619777,2.0586659532133775,-0.38286291194001343,0.5719180285793608,-1.0278364679110925,-0.7856834404966282,-1.06888169807678,0.9853345159215702,0.15063493069969233,-1.0607707006895746,-0.31667448374531737,0.00908272409883308
2019-09-24,0.8534674327007178,-0.9705078975089353,2.183205926120354,-0.36788448168461013,1.2026430397951364,0.0384333969184761,-0.7855008638257984,2.1815030068416523,1.8426891709940774,-0.14420341037130777,0.3864293128919408,-1.6733506282140178,-0.7237707829567896,-0.802443126920388,1.6316530163816159,0.7248527865393686,0.44372148130111033,0.00908272409883308,-0.3818276847221002
2019-09-25,0.2959133581765521,-0.45714022530345844,1.2808224066339615,-0.4105279034557028,1.3490336558759222,0.2640684795921094,-2.8208688315597548,-0.9462435581725428,2.2605771008279856,1.8932185917010598,0.10746901992575299,-0.6405725006478673,2.707311538201767,2.326343375209665,1.7141903676840438,1.3882440606581878,-0.9927458127926035,-0.3818276847221002,-0.4584164317880011
2019-09-26,-0.8384579259805922,-0.004167227184294797,0.6313490997860902,-0.41279657290110267,1.4891851254873172,-0.5950175161835153,0.517506119916015,-0.22686179258688638,2.909060885830617,2.847821375928008,-0.2250571077549518,0.9677034163301335,1.8431269427680268,2.967721528101765,1.0995653514045827,2.086478043677084,0.08495740583060273,-0.4584164317880011,-0.8915611180469688
2019-09-27,-0.06386604980401632,0.40206989440207985,0.5570245124804559,-0.40314950636137503,1.610073294287959,-0.6900799980425115,2.1336931069995275,0.8951971286572145,3.57539472460233,3.2771423516731857,0.8076176748283339,0.396111653491699,2.5081581090253997,0.8731912665227151,0.2326128646771086,2.740953215540385,-0.27129693332768656,-0.8915611180469688,-1.1547583989706836
2019-09-28,1.6174776256341716,0.7481193181242634,0.4489025244320305,-0.35371569615207743,1.5964973212522908,0.11809146828553896,-0.3443840969685911,-0.9080173510693269,1.185127162028673,-0.17245162544666073,0.9050860109856039,0.6438069197967955,3.7168957757464542,-0.4599713511691927,-1.4934273912919167,2.631375074572009,-1.1970141169684623,-1.1547583989706836,-1.0376792862877007
2019-09-29,-3.318211723791545,0.8789177396326052,0.6119070730973054,-0.33640460287509744,1.5659294483805666,0.8460851239176014,-0.5694285722907878,0.39004221732486416,0.22008756843701913,-1.3089912186048336,0.6120248690375422,-0.462140456069793,1.0088964590586456,-0.46136162180865814,-1.0203930235805871,2.3764198910621683,-0.06935974714069462,-1.0376792862877007,-1.04319365504671
2019-09-30,0.5531854117340953,0.6347649590572704,0.06236540222541389,-0.31514624009900355,1.4431147228881136,0.32121601894225454,-0.14761595649842754,0.33682543127645764,0.4072390602677826,-0.267415776003645,1.044019029854737,-1.9774922651265092,1.2990169909107379,-1.139754618116898,-0.02904659459338592,2.2173167529607145,0.48148319619846136,-1.04319365504671,-0.5740422520505488
2019-10-01,1.4904906558527076,0.24141088554923512,-0.5873778558238583,-0.2897515793817634,1.2471956058681446,-0.032791182803946765,-0.23750312388244482,-1.2045475854347056,0.8390988158972189,1.2258724523844962,-0.13926625590013725,0.3125348914853786,1.2519329102896823,-0.9753215126717901,1.2640196945397895,2.202669432967596,0.45328123022444033,-0.5740422520505488,-1.0400554046525297
2019-10-02,-0.6943253842577215,-0.061331058953226276,0.20068553769923167,0.8109988085262576,1.770262556343169,-0.4771720998785277,0.5844312784442364,2.1142832551999384,1.0308956370661913,1.8746857443588607,-0.9239865036587724,3.935080793820797,0.36025174258388226,1.812369546745218,-0.28344409167398843,0.9193179083922685,-0.7055405417528944,-1.0400554046525297,-1.000293807365337
2019-10-03,-2.202669757806777,-0.21941484926982172,0.5597888953504067,0.8864057401271139,1.6766799492182736,0.005181089106476925,-0.1255563982277778,-3.103709944916956,1.0328593428999466,1.1017071187802594,-0.8257963540672237,0.9600313509058043,-0.43334280398076047,1.3675391239586963,0.21518727634393353,0.6671939885149359,0.04011350044207083,-1.000293807365337,-0.8842955631723938
2019-10-04,3.1006184716291574,0.18663963115398563,-1.616266004467196,0.9333893620104449,1.4722085171566706,-0.49798038457473415,1.1695466417432652,2.7045210441051353,0.42050917507595426,0.6922669236621709,0.5277354975246055,0.10458227825217026,-1.426543422324888,-2.0821275378691797,-0.6048589790880484,0.7089209453257774,0.44886444684680993,-0.8842955631723938,-0.6755609311583425
2019-10-05,-0.49528891009359854,0.4240971011990762,-1.836925800858629,0.9863741196372646,1.2657792027186003,-1.1261081000831024,-0.006823860318199547,-1.7939265648291967,0.07489348308198646,0.4081354475487535,-0.4963018953310533,-0.12643398187154734,-0.9433951469183787,-1.630772050162119,-1.4398424896394169,0.24012420034443,-0.160242347887093,-0.6755609311583425,-0.6536431193158629
2019-10-06,-2.553692814901113,0.6206215078093132,1.391283770324552,1.091272285897604,1.0502720727128976,-0.6581951505120394,-0.796747363891051,1.1725613851495231,0.0808153993970158,0.5846512592571731,-1.2451664251682684,0.3807091659486776,-0.8025478317361975,1.9422436677665078,-0.9283243371910582,-0.0943216647333253,-0.4755521672039175,-0.6536431193158629,-0.6436067366748038
2019-10-07,2.3159752502783726,0.6201745515873116,1.999840038815987,1.0857972067953858,0.8449205230612962,0.6800683745706896,-0.7230268778526261,-0.6554601976695816,0.06591059248318368,1.4736169742026022,-0.03302108542322421,0.07066143093296749,0.7679238456676732,-0.4776347808150045,-0.7762737452407099,-0.4419277113384201,0.12022390385506955,-0.6436067366748038,-0.7756993976903542
2019-10-08,0.28659291468331055,0.3434822368488664,-1.244135824651449,1.0452874545112576,0.6384165003982185,1.767300188034918,-0.5250408163044374,0.1164091219419724,-0.4734376945877954,-0.016421879622751816,-0.017673591289989122,-0.42958844512268624,0.7041868388744356,-2.1333820600949096,-1.229375860156703,-0.8609106355979371,-0.39738713516427976,-0.7756993976903542,-0.741963763304571
2019-10-09,-1.40285889299452,-0.011879831365387571,-1.1323681996272572,0.7532002491643023,0.3834749965215376,0.8316869662603453,1.6155199578929071,0.33059856216885897,-0.8421839450904689,-0.21106468485433313,-0.6139087474231797,-0.4071718195902263,0.17191500910057983,-0.7394882343066537,-0.2086272220162286,-1.0662554818277898,0.3636817714326129,-0.741963763304571,-0.3940877841147199
2019-10-10,0.36043110924506133,-0.30169202752774704,0.15383361543103213,0.5236007829441619,0.12411126764807208,-1.2174850178665784,0.8415093574669316,-0.41881313961313105,-0.9974966690119349,-0.3015469731068017,-0.5498553779828438,-0.9191912279203918,0.0325089242980508,-0.23911716772343067,-0.08686031987214686,-1.117156273758232,1.150198667743673,-0.3940877841147199,-0.75311388586608
2019-10-11,0.7550361103651574,-0.5069602347757374,0.03703693646458319,0.30144828330326423,-0.15236525239698678,-2.3785587340493386,-1.418594693816241,0.39136052599518845,-0.785769753726335,-0.31783428612631076,-0.48756391205949084,-1.0003522017129616,0.9188598053968208,1.6674614944914814,0.3827037338843668,-0.8526319015144378,-0.43932052154887014,-0.75311388586608,-0.4595388862081175
2019-10-12,-0.4315425181059022,-0.6555520555246883,0.6935205330609016,0.03343736129224167,-0.4751655980120914,-0.29815990333818176,-0.11131669896996478,-0.4011200393227858,-0.6581837984898251,0.25767446331237137,-0.682679641977842,-0.14158277350061008,1.5426501246129476,3.1159761071483882,3.3524738006722874,-0.21379823704100964,0.8059082544499488,-0.4595388862081175,0.556470693520939
2019-10-13,-0.5653248442833927,-0.6825387378669762,0.4241139732080786,-0.1520763980024569,-0.7505749794598894,0.6184756584243937,-0.5840023109893476,0.5141516044841024,-0.4123464987777394,0.8439513240746328,-0.1462119845126364,0.4255489054788745,0.31671648667705155,1.7652253696621567,1.6344251749988072,0.054467424841491335,1.5403210497631368,0.556470693520939,-0.5240584316518039
2019-10-14,-0.11674085853879011,-0.49291200778900457,-0.8214138861326974,-0.32671178947179175,-1.008762177066132,0.8252140173039024,-0.8282369958803858,-0.49422002898562045,-0.6199052496906632,1.1813157790845394,-0.37255390839759556,0.9662124440338759,-0.012620169262842727,0.5923318994119878,-0.1504983184518358,-0.13512057817320494,-1.2771617502688182,-0.5240584316518039,-0.834471580900916
2019-10-15,1.3206713068883214,-0.12128656955126223,-0.014264349604913103,-0.49277839089974224,-1.2891483231916308,0.5452112889187374,2.2839812476162877,0.2970014188044221,-0.39648579486895663,-0.2961544969499077,0.4887491912019228,0.3715719050061157,-1.9330019475411309,-0.3418313738634567,-0.711085972975062,-0.20980399246459988,-0.4681141736471238,-0.834471580900916,-1.2115326239313269
2019-10-16,-1.4700407321526725,0.22014557150643993,0.6338792984848225,-0.5228414533367147,-1.5803849334542581,-0.2917381455111258,0.9986918186984448,-0.019351832176033056,-0.3778681109443794,-0.5661745206967527,-0.8746274541301637,-1.5652688867904512,0.30048100290643137,-0.7793697695255166,-1.1042051427227826,-0.4998924019284987,-0.8964100324736114,-1.2115326239313269,-0.9116179117512847
2019-10-17,0.09735307256192166,0.43018572999020455,0.9195195977649804,-0.6689099656722739,-1.8313066957686,-0.7956598082437112,-2.8320609348169627,-0.33385436532851354,-0.38509805069066444,-0.3613969249820433,-0.8000916826056623,-2.049034097122306,1.5807336371743572,-1.140499578969563,-0.15710389099511712,-0.4561178229051398,0.5545064811055759,-0.9116179117512847,-0.0016255306332042636
2019-10-18,1.0220426618024683,0.4483173064437594,1.466114022267297,-0.7903455580044083,-2.116183353372357,0.09153504514161694,0.49250338501652036,0.875505918748439,-0.5555297952993602,-0.6476171810070247,-1.0031768133798442,-1.3508394567864626,0.7705660055070782,0.05330088834149001,0.5754629030422442,-0.12755227031894414,2.4608514789444444,-0.0016255306332042636,0.12679767917667498
2019-10-19,-1.6796927327022562,0.3787038612151771,0.24768012562598735,-0.970780984282743,-2.31316624209292,0.5082769712755001,0.37509561931911856,-1.1839293278723442,-0.5089030720815815,-0.2879980989163312,-1.0268553967612222,-0.6499011754193117,0.4549508316504688,1.5418800534110604,0.7898166822549246,0.1806730458242379,0.14167120161233834,0.12679767917667498,0.63962224630257
2019-10-20,0.9083768619912834,0.2515493149660158,-1.790142206464867,-1.0879030660965736,-2.4582992805171386,-0.4303124586575634,-0.5735772424944914,1.108374722565839,-0.3823975227158774,0.36308701843842145,0.5791418593579605,1.4971980563347869,0.27523779626631406,0.10175929439272596,1.290087941708056,0.5000626467756795,0.8964923472273973,0.63962224630257,-0.27228985792467
2019-10-21,0.2751848900361829,0.05714163022454627,-1.22777649130446,-1.1995861836096469,-2.5049076473145213,-0.8568625993018406,1.0702857085667967,-0.8941349096836209,-0.18944578630868322,-0.49041440092282146,1.2159333813111348,2.4754330556818105,-0.6920695747200222,0.8209666255959938,-0.7224504813443999,0.5470970435079262,-1.7233239885325484,-0.27228985792467,-0.6312487474578652
2019-10-22,-1.2140615722476913,-0.1770952160816932,-0.18195958505782084,-1.2793470587939608,-2.4177246825656584,0.49002558270901864,-0.5978417784261266,0.617605057436948,-0.2367481122688699,-1.2693692137823707,-0.3798833961788877,0.07982496242574219,-0.4766842803530358,1.186816100876494,0.7602085755677881,0.7290377788043583,-0.6791613835977903,-0.6312487474578652,-0.5049570932405952
2019-10-23,1.0120083634406218,-0.38894819651790563,0.17573787309154398,-1.4153359737482136,-2.107021094670086,1.4688952637728994,0.34214577825920994,-0.3792935448660119,-0.2410659260166756,-1.057785341230323,-0.48229905848699894,-0.9542343821146666,1.0315219782591143,-0.5922715218139037,-0.0010953648494194418,0.9109258093803126,0.3547763235995759,-0.5049570932405952,-0.057620128550570894
2019-10-24,0.12304720214580919,-0.570150053801656,-0.7916736360766902,-1.5265176591680791,-1.9173178951197711,0.374463893861112,0.06842774314179065,0.3157343648068592,-0.5304181234852541,-0.30334482177711786,-0.48054299397615763,-0.2214923104830899,1.3267010783781163,-1.4214397273157335,0.34192501742034304,0.969927760053446,0.8233074306673807,-0.057620128550570894,-0.10996251868221875
2019-10-25,-0.4294333104246844,-0.5980842653304788,-0.6883100028859024,-1.397764742662685,-1.605477953360983,-1.2254076633068616,-0.32443558354857366,-0.2230809852653306,-0.6520412809539872,0.6780682637836402,-0.4148832389052325,0.5826007509516463,0.7967102968617937,-0.9857970506039141,0.07339386587486103,0.32982230664770157,-0.08778376224447866,-0.10996251868221875,-0.5153803212715631
2019-10-26,0.12903883432367502,-0.521544291674574,0.4810403716250243,-1.2812639546754374,-1.4222581886300003,-1.4030926053169572,-0.03485643780702296,-0.16747277925854526,-0.6437619351406475,1.4933863509195864,-0.8079525930575546,0.8663305533638137,-0.8576176696539821,0.367852078897065,-0.7890943641636299,-0.17051719414596925,-0.26354631719132615,-0.5153803212715631,-0.5583124504714105
2019-10-27,-0.5282075259409037,-0.3692210845234946,0.5350816698487145,-1.0573429326934831,-1.1630782668251325,0.3871408027462043,-1.0488872804976905,0.8836179443089106,-0.6478557172890136,0.7714213718151735,-0.847834191884798,-0.8826684961452078,-0.585654655352914,0.9556074548772787,1.2049000630926008,0.004942327801014569,0.0038184413907619576,-0.5583124504714105,-0.369786296998333
2019-10-28,1.2306127823125883,-0.26839124679889026,0.06062003385182314,-0.8087275653616917,-0.9810888585423857,0.9459920898703986,1.686063446818113,-1.3744363007760503,-0.7851334854109338,0.06983402652736295,-0.47924934502229977,-2.103893287015918,0.10546083596170973,0.025350424675945546,-0.2843200649858731,0.09717484379389975,0.23953231148987353,-0.369786296998333,-1.6724167638510075
2019-10-29,-0.6213270571347754,-0.2144940646688534,0.12037588022037173,-0.5645809164013964,-0.7857836487311721,0.2708871280761042,1.6572877363686798,1.3966224947839785,-0.9553104416407509,-0.20365017978398225,-1.3716379703298434,-0.9835261335455386,-0.07127010578025607,-0.6303242885636602,-1.5594997370570396,0.0920616253079928,-1.7294823280027423,-1.6724167638510075,-1.3650511579808853
2019-10-30,-0.6453319026683113,-0.15063196792803188,0.6685867239876508,-0.33894223019457453,-0.5955741408731247,-0.08877307766657651,-2.499573903258454,-0.9475025654384002,-1.0408094800941892,-0.5686764847979502,-0.6420480341836079,-0.5957584578735703,-0.06615550266887567,-1.3506535718345134,-1.3435150278521633,-0.3154016598975838,-0.26360249233380906,-1.3650511579808853,-1.5626212675360536
2019-10-31,0.5329538452485671,-0.04964134249501547,0.306233004874212,-0.14265123662160958,-0.37207659577229607,-0.03442576497556976,-1.2243320515420997,0.1938822134689658,-0.6852919684942286,-0.4222382214993589,0.12939128649026255,-0.5491201808917581,-0.27272952868820655,-0.5291055434639995,-1.469780381028803,-0.6870551748423002,-0.2741016343734746,-1.5626212675360536,-1.50494094459261
2019-11-01,0.03867853983037418,0.1557606986160959,-0.4151933898190484,0.029315761577830633,-0.11871745091146539,-0.21924956866737383,1.3491179990456754,0.6943066380485449,-0.6478632784841878,-0.7430502478922548,-1.0905243353972862,-1.1067025319750339,-0.057082232700919805,-0.6278354076569683,-1.5173874905495164,-1.1628416093638227,0.29924877745250433,-1.50494094459261,-1.5073982999540705
2019-11-02,0.08150069034191405,0.3747919381346763,-0.6305741255554805,0.250838193958164,0.17637160104893224,-0.38911150383806087,0.015496663194160737,-1.47343590495065,-0.06010532261969187,-0.7758402755304085,-1.5944720002438317,-1.2638850455405068,0.0736578629392828,0.029053179827590172,-0.2334847572086034,-1.4128044039363858,0.2942379551690515,-1.5073982999540705,-1.1992755144336738
2019-11-03,-0.5892130898782447,0.5736373846882216,0.059411793910996234,-0.8356600511165375,0.43340734769679307,-0.06462829644976496,-0.4174554205174781,1.7543079189875503,0.14024575023925426,-0.6503775914979955,-0.3651954025646582,-1.019585015192139,-0.0033992166775927194,1.1088820446957384,0.28793712033521884,-1.282852415284598,-0.05307703606965859,-1.1992755144336738,-0.7728421697859928
2019-11-04,0.7522219781719093,0.7942378115472308,0.32959739156984263,-0.776278502556896,0.6307070164815469,0.14725962478784244,1.346443060064941,-0.6371719439974898,0.10576962659281834,-0.6728705840017044,-2.42511708639067,-1.564007000566917,0.6181179030457814,0.441786139458364,-0.5765735056185989,-1.5089111971181752,0.18914634273804196,-0.7728421697859928,-0.380215820720747
2019-11-05,-0.3742675054696536,0.9012967534660399,0.38195407280096094,-0.6168401499353554,0.7078716884603048,-0.5733288864109889,-0.5833495565790171,-1.0089548020184977,-0.5199648808868315,-0.49719749095041393,-1.5455715790072364,-1.6616064921757006,0.5163437407443761,0.7931036346183726,-0.33729821633270185,-1.6053256772449644,0.5512315917820192,-0.380215820720747,-0.8208523637522884
2019-11-06,0.01812257153261739,0.8344162374487369,0.07718855620730278,-0.4546976719945019,0.854612657229886,-0.5207501823068681,-0.05998641320392066,1.940033202406666,-0.9750152297760222,-0.1788307220063088,-1.322278301181714,-2.505357392696834,-0.2667874722040912,0.19285717832498742,-0.4657658094223401,-2.0080430023059064,-0.31747744708046377,-0.8208523637522884,-1.5310365402455925
2019-11-07,-0.7478638360447858,0.5676184483581909,-0.8306876019876331,-0.3124370021656953,0.9422022930106587,0.5184049733105467,0.9818441845189655,-1.7785359503638887,-1.5673822974761962,0.41887444053128836,-0.780771278139225,-0.8886594889107469,-0.34497040580438654,-1.1282495678493203,-1.2970014519126667,-2.78653652651443,-1.2773868783585338,-1.5310365402455925,-1.025054671212632
2019-11-08,1.575416034681216,0.09808590540797933,0.36208373903232915,-0.10932070228757391,0.9666926838384357,1.1669787279412756,-0.28484378825512136,1.059922913989326,-2.1616124594914856,0.3522662733376667,-1.0573302916452045,-1.6378556786941063,-0.6635954323740478,-0.7550931349953915,-0.8650886952817628,-2.6261584477955524,0.17024950912251485,-1.025054671212632,-1.2182229111519738
2019-11-09,-1.058245260635438,-0.3999488742551277,1.707770017924152,0.004794527882575527,0.8279854761111682,-0.2593396990211045,-1.3488695392703762,-0.3034373015489505,-1.6585821134150263,0.31361640305155936,-1.594409998648923,-1.8542373481689718,-0.9205802899851296,-0.36013956492716637,-1.262389684038825,-2.7461467318664226,-0.03162353982048988,-1.2182229111519738,-0.36253612268596375
2019-11-10,-0.18208700137437014,-0.6780290023510935,0.18776268996223555,0.1741466229699988,0.731363673955864,-0.9440091367814818,0.6824726771199089,-0.05504201847844618,-0.8463317883588021,0.43402680642041985,-0.056571960571755286,0.7364926785425855,-0.5743885044241984,-1.1650734433279035,0.06669152986667598,-2.6596928147425154,1.1844012775598445,-0.36253612268596375,-0.8395174045970265
2019-11-11,0.23503220680788933,-0.741613838473676,-1.5097192708570795,0.4188530273488181,0.7225323240308095,-0.2739119581442988,1.6674358886470564,-0.2759219421490675,0.1115990316470732,0.4237407700058322,1.3613887057729368,0.9844909936969471,0.23555785698463202,0.3822716544950993,0.07951172963802575,-2.3856495461450553,-0.2642680891885938,-0.8395174045970265,-0.35864004821887474
2019-11-12,1.0548778744778264,-0.5290168285531494,-1.0087540873690948,0.6671603616886105,0.7048278998760878,0.5206545800066137,-1.5559029043598955,0.7584943544899045,0.20852793539345943,0.7193185996435003,0.6717804542117488,0.42441352403951704,-0.3226559533545713,1.2506347172196397,0.5585378835858712,-1.8329509063010705,0.4549150563712566,-0.35864004821887474,-0.8312419208434666
2019-11-13,-0.6059111195601203,-0.1781324921740724,0.2857620073444687,0.8765870666817593,0.6974898895889982,0.6310153463049701,-1.110403000818543,-0.9998537497795025,0.34207551563188987,0.7666967326470309,-0.11031201205090722,0.31248948477231664,-0.5339573696599148,-0.48360622385171737,0.7232095560101179,-1.0799203415020509,-0.8579838052535589,-0.8312419208434666,1.0473408913368794
2019-11-14,-0.3877222387313466,0.22450068669912923,0.981360226889308,1.097343258228152,0.6833770098337536,-0.0763690782367103,1.4026471659651045,0.6233256078745025,0.537271575896274,0.6263853798833768,0.20399078071087054,0.4521406985267233,-0.6618804016381166,-0.42061601778253355,0.36000922528837465,-0.5823772364785045,4.026552672424799,1.0473408913368794,0.7700979052940388
2019-11-15,-0.2958420212578379,0.6110764522510505,0.691666682019918,1.2963790806512652,0.6823957886366724,-0.3829935155725655,1.4299344762819115,0.6990352259707912,0.44499147760223373,0.18825810728954406,-0.38712374584617926,-0.21804902411388763,0.4563640183659022,0.9129729825118643,0.21032282571795705,-0.48042524388513236,-0.7509222653874181,0.7700979052940388,-0.10029338025426929
2019-11-16,1.8376390260911635,0.861540231462254,-1.9028652347011277,1.4591732560099493,0.6512408518544076,0.08784973913047892,-1.37797518976985,-1.8214264028138902,0.6931516602939451,-0.10999309288396202,-0.4233325011082597,-0.6613151380811686,0.22834908975860796,-0.47376301098405316,-0.3632684264484814,-0.6387849717641678,-0.7070566664897444,-0.10029338025426929,-0.6022466512205744
2019-11-17,-1.6288882030475174,0.8349395008260005,-2.0654717996873555,1.593860959648018,0.6930314588931396,0.014711932229891426,-2.720944561171787,2.1331523514929334,1.3764445131819028,0.08616190197694897,0.2690681206559369,-0.25058102078098016,-0.35037489512611564,-2.2445924729657625,-0.7951484018621977,-0.617358876245024,-0.7260502334689078,-0.6022466512205744,-1.0116296142966246
2019-11-18,0.410721053070667,0.5347583488076396,1.5993165836682204,1.6763588560713205,0.5743937884551832,-0.9613495865755075,1.964277774577412,-2.225453822733063,2.131726098798309,0.3341863335856868,0.25510856710529123,0.24939640632430315,-1.1038396174733847,-2.1914467576953665,-1.5102332695305898,-0.7932493584043541,-0.3421011094898164,-1.0116296142966246,-1.3012443794426813
2019-11-19,0.3154552503219335,0.3105014098106121,2.3482521470544033,1.6749822596244752,0.48715259325648314,0.014130991424205215,2.9065048467755163,2.3161611754105005,2.5938533792080745,0.3371942751696007,-0.4963475205445313,0.7316004454535626,1.106852303533714,-0.11048370640007357,-1.683513795732783,-0.977190898894779,-0.2978535128263607,-1.3012443794426813,-1.5049358564748152
2019-11-20,-0.6572335163440549,0.11589182310170447,-1.5810848441346257,1.6630393550769822,0.3446033872353321,1.8022806973719248,-2.617519110758525,-2.465730488767462,2.2557420316409105,0.007312641444302942,-0.8613435195909184,-0.05529686473524019,2.417173688980459,0.1414701870168498,-0.2736937796482697,-0.7604091123201201,0.19956949862592088,-1.5049358564748152,-0.8523756037245982
2019-11-21,1.5648665107454183,0.052960581663507346,-3.980333632688719,1.5885946874861852,0.186849738055945,0.7660110710726586,-1.8667002072827115,1.8969737410193839,2.3303478732921104,-0.4912941744659692,-0.2273915377937661,-0.751103266896759,0.8430121667873685,-0.08027556263822372,-0.7152777008838656,-0.6616235148518527,0.008900145766394408,-0.8523756037245982,-1.1820240787012293
2019-11-22,-1.4511305261069325,0.04333303554914788,-0.7157340579836237,1.4826860090551828,0.011638141825442604,-2.1632369907580284,1.6345195594309458,-0.7806158869982905,1.3728730408379104,-0.16876708085093933,-1.48640773335219,-1.7535506871604587,0.27535291402635576,-0.1761307064624666,-0.019188917939424822,-0.39328348338298924,0.058493268335025723,-1.1820240787012293,-0.9141628798522858
2019-11-23,0.4174492796913195,0.1769096197744369,1.1167240888197187,1.3031512135424512,-0.1671010858440302,-1.9380479130316652,2.1853469369871736,-0.42235622951674473,0.6918010773136752,0.24063569081195912,-2.3337516035631083,-0.90252136883138,1.1815397530674985,-0.06900075053700709,0.4569750622211662,-0.32929854637025224,0.4676444760697425,-0.9141628798522858,-0.5878642406989184
2019-11-24,0.6826086846212929,0.35022464836034645,1.185332891873506,1.1799836196400868,-0.23536481442680304,1.2118352609624388,-1.1269854116133324,1.352296146988771,0.5852877252346477,0.42216529885230547,-1.998928059350663,-0.7730543914251323,1.7457492636004093,0.5996995763653189,-0.02594753783683578,-0.33948788553363224,0.6066336352855097,-0.5878642406989184,-0.11944936073790427
2019-11-25,-0.406279342698658,0.5416254066566749,-0.010746520691161146,0.9823490468960563,-0.34081557259478523,2.4562024203243396,-0.8838202380813923,-1.9369234093444434,1.0251583308172632,0.8649755733026007,-1.0725196399315828,-1.0545565758038813,0.051016659210400696,-1.4037262494369533,-1.2267300293566141,-0.5982405518422256,0.6195945222666795,-0.11944936073790427,-0.823515155870737
2019-11-26,-0.546437539316685,0.46169212757190065,1.7829949813396413,0.7908876110009129,-0.3849360454105966,-0.12440512667541,0.6660847696266892,2.1343586028982595,0.9136311998595569,0.43063076437572434,-1.4409431129565624,-0.9970679826247215,-1.156565734006847,0.19265457873458064,-1.161307066645758,-0.867215087765724,-1.1166665832983689,-0.823515155870737,-0.8583788006517651
2019-11-27,0.758822223148165,0.1403504744316852,1.4325441609141487,0.5725149849070036,-0.4474661408279416,-1.4298873367144767,-0.38245047837129437,-1.8194079692741967,-1.226377301146678,0.5101333496539676,-1.1310061585847555,-1.1547743677418956,-0.827907085755547,1.2238765442563893,-0.4492421877871192,-0.9533018015935314,-0.18978610890828945,-0.8583788006517651,-1.1454362033824734
2019-11-28,-1.2210662110217823,-0.2416708812382952,-0.36774312509824625,0.3400882436187579,-0.5688136634857711,-0.4380677526575562,0.7712817727199032,0.8951721501909639,-3.0886143628399445,0.022090567247812,-0.8036106354391164,-0.6953800967472111,-0.9977389874702525,1.3851021941218844,-1.8379518991680235,-1.1337409153621185,-0.32101766869423576,-1.1454362033824734,-1.0971778747414118
2019-11-29,1.0964657269237337,-0.6360104783856945,-1.4873870953281572,0.13100169075888032,-0.5958831354530735,0.5145848323347791,0.9487246728773532,0.1562009808487467,-1.812788994768796,-0.5847186529561992,0.2691287365974909,0.5986156404293338,-1.0796668937594502,-0.003434698982558218,-1.3894785781928,-1.2322101724079566,0.04309733074363392,-1.0971778747414118,-1.1102493847786505
2019-11-30,-1.1237592314110554,-1.1106626506605546,-1.0393838149497612,-0.07340275155830135,-0.6069648651848942,0.13500054334018455,-1.9911011698185042,-0.6482830482098139,1.1603662913594757,-0.5854668987094463,0.7157378461881538,0.6100973603047724,-2.514084095245539,-0.41901005562899896,-1.1154619322828039,-1.2200338712127377,-0.34738459508311553,-1.1102493847786505,-0.8388306292428003
2019-12-01,1.0124233697142704,-1.7349234990331985,-0.13209480963910622,-0.26461253471093843,-0.6610554374100036,-0.4567446592977016,-1.0381301364134397,0.3759700736068579,1.2259533603544348,0.657337439406537,0.5749353230099051,-0.6128918377640897,-0.7001404375605389,-0.26250792896479636,-0.8573262729552829,-1.1805195292357251,1.801955314344411,-0.8388306292428003,-0.9088709127165961
2019-12-02,-0.25655993600363963,-2.458130243329076,-0.32343857791829056,-0.46454251040267136,-0.6543476071544883,0.147854751215973,2.172606330913539,0.2449414366162954,0.0649038309975786,1.2055796957236216,-0.40624969672570016,0.0651577091475368,0.02782408304381967,-0.20920685135341807,-0.8161176849550168,-1.0716405804130302,-0.13404822700022914,-0.9088709127165961,-0.785436014936467
2019-12-03,-0.2824615993278551,-2.291177195764874,-1.180764175534483,-0.6590602747123687,-0.6340616924407138,1.4520155648905952,0.8302792943434937,-0.8352479615267105,-0.14208231689678805,0.7442806228026743,-1.433889248263303,-0.15094299217147542,-0.6013625621418529,0.3670683248513394,-0.3718902611919312,-1.0757501439134163,0.015076520812068506,-0.785436014936467,-0.7675713411455901
2019-12-04,0.6045450347587613,-1.4104706236946778,0.1811250852776222,-0.8410877272368715,-0.5759342707788335,0.10863690430679462,-0.6543705784589191,1.0094946029849001,0.4891603554579104,0.8975120655886661,-0.49424062281586445,-0.7798841073415382,-2.2792417595095813,0.9854175392013538,-0.662430233527919,-1.1035569280941495,-0.3993990604676082,-0.7675713411455901,-0.7843597162360653
2019-12-05,-0.6680752308092307,-0.7193318934364293,0.7914971181716601,0.6969664435397732,-0.801614161340893,-1.484472328124484,0.02495192318672437,-0.3073136423734778,0.41018466294728956,0.8331125227462975,0.038732056757620835,-0.3415894128155253,-1.5886821839669676,0.5708260780760439,-0.8333828243204218,-1.1987929856597204,0.2896492710661482,-0.7843597162360653,-0.6825862292328021
2019-12-06,0.6921835719777715,-0.19383436504157853,0.22042607059816563,0.5127357944412995,-0.87147330140127,-1.135246247375983,-1.3791897307877201,-0.16939118939598477,-0.15361376616763614,-0.03711821687212384,0.5169582019651585,-0.42156609636843584,0.48826746288983786,-0.15583833094067873,-0.8702655000395458,-1.347295981448169,0.8856267143517728,-0.6825862292328021,-1.1159689935321133
2019-12-07,0.7581717178565301,-0.10663707843018251,-0.7965159351725953,0.34316589471373493,-0.8146538756301255,0.9953376295472631,0.7643142663581429,0.4134218254244742,-0.4753583853407996,0.07514639752884292,-0.2737256951344491,0.6385936533204707,-0.40406615468253876,-0.602018277905903,-1.053220640399738,-1.4504763961822837,-0.5256635136717944,-1.1159689935321133,-1.0144226633356503
2019-12-08,-2.1059382516620038,0.4858987327161941,-0.12146385543720514,0.15649764652061712,-0.7418160974814257,1.3906090016326458,-0.028909459044669926,-0.45857062704088175,0.024106348699183322,-0.9268328436947887,0.7592499663548078,1.1540655577975727,-1.142667792340888,0.11600315114284618,-0.8462788465855932,-1.3447954146397705,0.41892602390009614,-1.0144226633356503,-0.8915707799671619
2019-12-09,0.5191606101021851,1.3033856945609665,0.20515910766708104,-0.06249186981874569,-0.6500284089427828,-0.38301866177293836,-0.29488547627679446,0.4179983996843458,0.9562627104542653,-0.2616122509644787,0.4358927680936745,-0.21557956030429765,0.04471586376499877,-0.5864565495969808,-1.1527982697458807,-1.3700434805862667,0.28016555456661996,-0.8915707799671619,-0.6384080534494684
2019-12-10,0.6720025997836374,1.7950724089064118,1.4651452010573691,-0.2832982663109763,-0.5460266245065742,-0.03855985061842623,0.9576584211240963,-0.27280681513908694,0.01718975990795903,-0.009244377920819394,-1.0628748703241342,-1.0212052985580073,1.7448757323709436,-1.2136706843757752,-1.2929034156207286,-1.4731130064227511,0.9775689630162983,-0.6384080534494684,-0.9937561285716625
2019-12-11,-0.14076886722105014,1.9792480685241103,0.6484514087982906,-0.4875357319993423,-0.44864275711924895,0.2774512425197244,-0.4031241212125848,0.2664249498848889,-1.0112233218202036,-0.3357496721431352,-3.3467949916724966,-0.39842545868094037,0.39517522209210226,-1.528779657997988,-0.8222996185506084,-1.4180979259599191,-0.8187894021964507,-0.9937561285716625,-1.0186332509975315
2019-12-12,-0.4796348758788861,2.1159064525662825,-1.3290173101083154,-0.702678760406917,-0.31467564654455515,-0.5048964962874978,-0.7750427109612147,-0.6610084491019989,-0.8849102268161716,-2.615152955664223,-0.25767098325355714,0.17042087131733205,-0.9726452406826008,-1.1756702029366284,-0.721115839919876,-1.3965732986736636,-0.04164204962498047,-1.0186332509975315,-0.8435547996079075
2019-12-13,0.09925838412017712,2.0819243272205687,-1.3695784540803884,-0.867404128330691,-0.17223812200142913,-0.6461185945463004,0.5457387174934295,1.236964667576965,0.025787282086510703,-0.14225409852693177,0.3348627280128495,-0.40807821688482654,-1.5580081590557506,-0.4218930096172852,-0.21983401500489458,-1.3662680462947767,0.696538171119284,-0.8435547996079075,-0.8261749376238892
2019-12-14,1.1695410847146857,1.6055097960992166,-0.840615261114563,-1.0042172745677411,-0.01777410790471071,0.07791807198417113,0.0546578645756715,-1.7728116634707878,0.16123966450727698,0.9928572326180488,-0.24460022767571962,-0.1315421457109071,0.1253286959680211,-0.8764912073298275,-1.8960421651208577,-1.5058773553557188,-0.3654420362178819,-0.8261749376238892,-1.0080911645228368
2019-12-15,-1.6402383499450688,0.8237601486117354,-0.624758812699081,-1.1208762145857691,0.1836620834332787,1.0224638967557815,-0.6316078746835502,2.15938973661243,0.43643380635396284,0.42338493648166736,-0.29739662375484516,-0.1467813277639437,0.9127326441754848,-1.5080924495769523,-0.7638717655229068,-1.5598058787321536,-0.10330489748275773,-1.0080911645228368,-0.81668381272037
2019-12-16,1.4840090851561805,0.0844960383697323,-0.7499797991057473,-1.2113687407167253,0.3661013549950868,0.40225445359185563,0.9646712442825836,-2.4059553298929752,0.2369728232782574,0.6310604331955204,-0.2736794959204608,-0.37787878047255985,0.5413524983638541,2.7329063989248934,0.8522462324670357,-1.4048678117525004,0.25329903872309534,-0.81668381272037,-0.7396447416640097
2019-12-17,-0.600356261314599,-0.562094570209474,0.7272539717591434,-1.3001836499677568,0.5860710448323563,-0.41252478445755475,-0.43079206875436143,2.5199265205733266,-1.5716888347731772,1.4603258017390524,-1.9321677415517997,-1.022056195799737,0.9630633376409804,2.506313097284219,-0.08954411136355653,-1.3435613594944427,0.3298175002871447,-0.7396447416640097,-0.6688507329391279
2019-12-18,0.4585418556702519,-1.2645477749765628,1.8487066959186294,-1.3610721777721024,0.7606627604779918,-1.278793188896514,-0.7883410496474661,-2.331692056323639,-1.9834904098010935,2.569756538959757,-1.4410252525319132,-0.3349918182498314,0.4673417665415031,0.26876650895843723,-0.3467137400960164,-1.261145481122835,0.24477765099500398,-0.6688507329391279,-0.4351296815215481
2019-12-19,0.44602057682786533,-1.4584026310770637,0.5958323405781147,-1.2401977280942538,0.8434097800864214,0.09553317595206007,0.6134859703262164,1.7054347735800286,-1.0848681156871185,2.373469106098852,1.3167037705673155,0.7467968537883005,-0.15221558036143623,0.039314329705151856,-0.07490718369223115,-1.2284088899587895,0.2047843691741255,-0.4351296815215481,-0.5933374309801644
2019-12-20,-1.603142226433642,-0.9437387172820187,-0.8452663970197889,-1.3518901030078239,1.057275004246729,0.9444693591183225,0.099610701745629,-1.071763655180766,-1.25266249340394,1.7563259461445415,1.2128733339342648,0.6483602294113795,-0.6061619230566849,0.4774728008765251,-0.22848284992438206,-1.1384681611004153,-0.31470730762102844,-0.5933374309801644,-0.8258397662954042
2019-12-21,2.208432604658693,-0.388505854107936,0.15316079326681312,-1.3474088019436536,1.1537339900222883,-0.13992836494430674,-0.4518373455887316,0.3450570486695537,-1.292497456466009,0.4365298456521368,0.16204335115203788,0.9047517182310255,-1.2837771226341843,0.2585825012789557,0.08497237961535184,-1.0578480738238627,-0.20282902049888274,-0.8258397662954042,-0.9201903560333464
2019-12-22,0.07339048988136454,0.10829989467153647,0.9492373712430954,-1.331285082960604,1.2071090923382377,-0.7469105767461438,-1.0128541316237007,0.38406551571296726,-1.1660036562167209,0.7381044886310493,0.11228865519999613,0.9493658144766661,-1.402204165424997,0.33601972576247363,0.609506488622893,-0.872852368184029,-0.2807935769683569,-0.9201903560333464,-1.12037660040877
2019-12-23,-2.805520045637306,0.5202442131060001,-0.4868439067197635,-1.3133127888623373,1.1849063728358125,0.09507079365560728,0.5395145671320737,-1.0846887434074854,-0.6048903606836382,1.5910810662384034,0.6553107627062175,1.6561705788516277,-1.7211991854457995,1.7602794338480574,-0.9891560679296065,-0.9200633206150032,0.11987808734827837,-1.12037660040877,-1.2837609587692034
2019-12-24,3.250228350975673,0.8108732418669954,-2.852894742936623,-1.2820080840177028,1.1249833089600452,0.846791516566661,1.7631437792803255,1.9509224324390184,-0.3797562286927654,1.9563973989812693,2.0721531214103797,1.598063524095192,-2.4868834049833892,0.4294758003754675,-0.9728813578268303,-0.792876099959544,-0.11015488723549621,-1.2837609587692034,-1.2090641635036652
2019-12-25,-0.3985527330655518,0.8670033007144017,-0.9579446724541822,-1.195509891233601,1.0277909619029433,0.16512661921931884,-0.615128449898634,-1.512992667165148,0.48426101425879703,0.0819293491555129,0.6513835273547868,0.25159958521300146,-1.0638658511669357,0.2658781256721263,-1.2910945739792017,-0.8233831487535637,-0.21203682668983165,-1.2090641635036652,-1.0345501790199592
2019-12-26,-2.2700015244923244,0.5714460155639198,2.582905229850209,-1.0787074066434894,0.949573254654854,-0.6289129584492511,-0.8169052616539061,0.6443551258714872,1.9404947488579973,-1.2297724634584968,-0.39174058172992127,-0.5247093310602305,-0.5786622838204126,0.15364512986380413,-0.4255714957843836,-0.7988640338793764,0.2827470519586901,-1.0345501790199592,-0.1640731112659731
2019-12-27,2.4272244654406157,0.07140746974422567,2.3394319259024936,-0.9319528258742943,0.8314226295517622,-0.38393764531139535,0.025517472114975966,-0.010696792786014726,1.7708551711789293,-0.12801582845121345,-0.6780866712202361,-0.5063852761825967,-0.2363183620816255,1.3494997858485995,0.22937375126170642,-0.46718440238023834,1.5265808634968205,-0.1640731112659731,-0.37325581156611437
2019-12-28,-1.4702514823000359,-0.5706896020215746,0.3223798922387555,-0.7174348116121624,0.7105260425660868,-0.14572724131289355,-0.034494789668904756,-0.5990063194220212,0.4476556318659708,0.5235499701898135,-1.3955924464775515,-0.26516411497636294,-0.6015267536097442,1.2772331067695823,0.8906184017494704,-0.24879467189681395,-0.2932739811474343,-0.37325581156611437,-1.2000040853647111
2019-12-29,1.7337701376598633,-1.200327494299511,-1.2908339868446517,-0.43945116627175185,0.5922123191164053,0.4149246890094275,1.7083595794053825,1.1173465848040258,0.06972963022467077,0.0933178485260801,-0.43082040700769675,0.41915125553870647,-0.5276929989257256,2.4729909850645146,0.6726214552260525,-0.40908520985153435,-1.3673059211685503,-1.2000040853647111,-0.9910845505572239
2019-12-30,-0.2996218666966937,-1.7746830966728415,-0.8743203171227385,-0.10318386806104331,0.4874136780171416,0.9981226316330053,-1.0871620479723683,-1.1107382026624766,0.3108743677021774,0.9744066638634862,0.02354278135858388,0.613215750644669,-0.3014020898830305,1.8313013582206592,1.3812718342389187,-0.30979574925813724,0.8797057779424963,-0.9910845505572239,-0.25927920661280773
2019-12-31,-0.7564266283641264,-2.0994001454767366,0.3006136344358402,0.212895106824632,0.35851606792879176,-0.2938883334455599,-2.940455696340191,0.3484132751318751,0.5861012825189119,0.8681630581493903,0.42586343488235834,1.4234493586933372,-0.17880535395757133,-0.42452687616432755,3.1735636713213435,-0.059415313783230846,1.7836926937847621,-0.25927920661280773,-0.12234886697545022
2020-01-01,0.8589234057324269,-2.161331510585674,-1.8848903821463214,0.4759220210814369,0.16326156208000747,-1.098322835781971,3.604347530719395,0.6574407981904441,1.8677752177814588,0.494820892579051,1.757933296953278,1.4601721337048812,-0.3511302863157133,0.021913138634680716,2.3001985921443593,0.4792829759310774,0.8296525917999608,0.016654841722332524,0.46357535955248524
2020-01-02,-0.16869849887481067,-1.7823440891140876,-3.1894646631452774,0.6982479699269313,-0.005605312840043373,0.04305220543170788,1.483801675621159,-1.9153362462755148,1.7839137623007475,0.6314442026000964,1.1641846711239106,0.2623194733019834,0.9904750308868338,1.258999499256238,0.0511702747061843,0.5609728362726039,0.29527183158136067,0.46357535955248524,0.536587125335889
2020-01-03,0.28748192921116583,-1.3685245792895007,-1.5903413724558046,0.8432108732357337,-0.1551091347029592,1.0033588397735609,-2.81283800380877,2.990614717333759,0.6916376213378775,1.1078388079652723,-0.20611949161987486,0.8605001520968232,1.1394032937367766,0.054161748094352466,-0.3724770610743736,0.5262142040298975,-0.06861399102721519,0.536587125335889,-0.12097715581788934
2020-01-04,-1.2464855583433794,-0.3474425335153978,0.3822274584521072,0.9577474203289231,-0.3104681349425845,0.43492034065082624,-0.2816629825836992,-1.975072110821323,-0.018816394102950634,1.2828707838237738,-0.12403689907896072,1.0921214636586787,0.07650110750801042,-1.6331602172004296,-1.0108168191370195,0.2976835533105872,-2.1593236267646594,-0.12097715581788934,-0.477925708397713
2020-01-05,1.5907718925875616,0.6629577104921731,2.0931060926194776,1.3713367553325388,-0.44304799598533673,-0.013975278230514572,0.8875835278186286,0.9169696303098316,0.012784030041814049,-1.5856218936365034,0.2411473511415954,0.8503642962310021,0.2663012237167105,-0.810930171261204,-0.89557145278195,0.24600716274060958,-1.1539836973588653,-0.477925708397713,-0.6284401000006368
2020-01-06,-0.5795478688929445,1.4910211123348136,1.013581132277002,0.2589483352349376,-0.7633570638235634,-0.21986304038052162,0.21182804469591407,0.5758516567497564,1.1271888012885747,-2.0525654939215836,0.7736723177530487,-0.20897216866747123,1.6309007588883195,0.6534740799085251,-0.8523375963975754,0.1377300744473984,-0.6074349055550902,-0.6284401000006368,-0.7679579222205258
2020-01-07,-0.017835043756679943,1.9757491295749627,0.9056054811889543,0.4165310337827539,-0.9900315606998459,-1.1285371398180153,0.4164130404041203,-1.0958913376972366,1.4723848341441728,-0.5373545846204772,-0.36363783090485324,-0.32101384862705185,2.528534777997656,0.11580787078877328,-1.2960572579175775,0.21308629624215872,0.17874196515618554,-0.7679579222205258,-0.8021478170899817
2020-01-08,0.43811620005116264,1.0465332639565739,0.1027209070334327,0.6145730564591286,-1.1414668324715551,-0.9861294418245612,-0.9025499338286245,0.8478057348918813,0.6506789792986282,-0.773191189754023,-1.6337227007452162,-1.09359578592691,3.9543400806724724,-1.4322736949654566,-1.1219971568531761,0.025062696224220048,-0.4285072840390362,-0.8021478170899817,-0.7654059456231702
2020-01-09,-0.8150195553391982,1.0160736734165083,-0.49124020077296104,0.7842310637918444,-1.289911428875127,1.3391397165541208,0.3579976565992254,-0.21985543496042587,-0.09118493341548757,-0.21169316421372839,-1.3806243275921124,-1.433412533900401,3.0222383214945343,-1.272143150055832,-0.9824341731649882,-0.18131311561550437,-0.4327942477601122,-0.7654059456231702,-0.7996198395455687
2020-01-10,-0.07262787691668654,0.843510835975472,0.6225791973386217,1.0204488611390434,-1.351731545341083,2.0776016347789894,-0.05269311415758809,-0.3893039561116485,-1.2401328777597587,0.45787793267077403,-1.8343614614817625,-0.7518944845255099,1.2065040120983122,-0.32875689372876477,-1.2193657459130736,-0.478032336387558,-0.42072727210390976,-0.7996198395455687,-0.905721196179827
2020-01-11,1.5158950531112318,0.6249430970640809,0.2580806652016845,1.207150598262621,-1.3878862812940558,0.32156611923597167,-1.3918404439531582,0.6834789674962068,-2.6431406439242577,1.3608684338383856,-2.0198115178002425,-0.8693067725004695,0.8675041239180253,-0.2246003688913889,-1.4819696177552888,-0.6582615340249338,-0.20627664290563513,-0.905721196179827,-0.9543326977210704
2020-01-12,-0.7282335288769342,0.4628449896977271,-0.3050617038388263,1.3912448904736532,-1.436827587833664,-2.103385130478578,0.7750554755609281,-0.4085424473565792,-3.039570134124928,0.8855463953749644,-1.4416594741762632,0.4944459972709765,0.08922735080088268,-1.2012482505556967,-1.735263427647237,-0.8684192455719455,0.10445657651314158,-0.9543326977210704,-1.0268783794719438
2020-01-13,-0.43399218403741063,0.36447372891299723,0.2958072592906162,1.5661207264994568,-1.3678908055286025,-1.9851432838407252,1.361215896228157,-0.3407993723576363,-3.0355091234476994,0.3510121706818087,0.17242712856600428,0.21692736884515965,-1.4149124748872808,-1.6420747393673414,-0.9418881807460531,-1.0784674912725072,0.2909295186902504,-1.0268783794719438,-0.9456792634056245
2020-01-14,1.0187332414478778,0.40219880654811646,0.24667925249038666,1.7193220925843131,-1.270834645146799,0.6640721794077132,0.2689232342799173,1.457885457983442,-3.069201341979509,-0.988531837864281,-0.18649446047266635,-0.5571469843366675,0.0451769240697059,-0.702450237241094,-1.7253207001258941,-1.5080343197281838,-0.04172536925971808,-0.9456792634056245,-1.067309156244126
2020-01-15,-0.34774076346441646,0.42924594745878397,0.9729362878689063,1.829888166703683,-1.1493953016330034,2.31797439778664,-1.1894306366865626,-2.550898704124399,-2.635865119842275,-0.548330499144423,-0.11843131637946985,-0.745692676802736,-0.08980875397431592,-1.4558783164440956,-0.8271868876288001,-1.5831742806183402,0.3927494457465335,-1.067309156244126,-1.0484665187758837
2020-01-16,-0.005757244111637516,0.41764948117779965,0.20769965768337265,1.9175043850632953,-0.9939955356094347,1.0425733491559137,-0.3993496235359439,2.82316976445482,-1.7534982800389178,0.19636765744760606,-0.6324464310125053,-0.9569980501001354,-0.18488380622280426,-1.2171073683734541,-1.0192204783570535,-1.6370022908344157,-0.21650812239575853,-1.0484665187758837,-0.906381953161694
2020-01-17,-0.42755450866026556,0.29730378289916837,-1.2586540708830727,1.854281328670936,-0.8226962968701871,-1.0852358053366107,1.183575323527968,-2.2563902930722057,-2.814285292269469,-0.737603482287289,-0.5246113588964414,-0.9560837421646193,0.19974699031090684,0.8996130741840397,-0.966650050542366,-1.612488627114755,-0.03506297908308939,-0.906381953161694,-0.847161505888471
2020-01-18,0.1509821871634514,0.026671437843897937,0.6163302876436061,1.7903265216670932,-0.6666630354154911,-1.9788013660760007,0.2286491163389507,1.6960548178297765,-2.190223409941101,-0.7216224243038699,-1.2799316655844295,-1.3588563122028436,-0.32504056948307913,2.298292374661018,-0.76415981008533,-1.6819970958357637,-0.3289286692702752,-0.847161505888471,-0.9810336327810018
2020-01-19,1.060789929932041,-0.33214753683381465,0.8370689760318613,1.5635903304569507,-0.42212719466008447,-0.11133172404481122,-0.5484782480249244,-1.438003371450838,-2.510409123467778,0.6577690152921675,-0.9513639152351162,-0.8082923272911998,0.14789574189499044,1.6500372521399518,-1.0439648138974664,-1.8334432748413556,-0.3933781148960857,-0.9810336327810018,-1.07511403025966
2020-01-20,-1.6369267213737928,-0.7520176313760774,-0.2787464612314643,1.2886321501398998,-0.08302754007858863,1.071639792697191,-0.9175727280158796,1.2956040189793223,-2.1088832940430855,0.7929236955614462,-0.009690626544916437,1.0662041170678112,-2.5023190631478553,3.0153715568268415,-0.863907766628497,-1.9497539210942059,0.3490396476482564,-1.07511403025966,-0.9115251479163575
2020-01-21,0.37791802446486494,-0.9058222442582534,0.38094905139240137,0.9733852355224755,0.350095055272973,0.6578723186746537,0.6276613750267068,-1.0314582786707462,-1.1535226870428215,0.7949342806875445,0.908240590209617,1.6164592623941323,-0.6788097324101118,1.066248046364451,-0.4633553138428827,-1.9026401182525896,-0.04313959268184109,-0.9115251479163575,-0.8088455154916256
2020-01-22,1.2012495108794115,-0.9120086637631954,-0.5251489890825465,0.7524154674881006,0.6868872658314373,-0.10370535194587933,0.5253699658399904,0.49243695157205736,0.5162198890522017,0.11221188092753888,1.9513172737189621,1.5756356605672517,-1.6372291002416353,1.0759887753071504,0.7234434848207594,-1.6662097346684903,0.8065341678440441,-0.8088455154916256,-0.3375808994441915
2020-01-23,-1.0387172363543453,-0.7681327129718099,-0.46810370513995575,0.514940203549249,1.0327646437411144,-0.989483774088618,-0.27000379894879484,0.385627949642039,2.06931771789072,-0.5784900716548999,0.7813381062218626,1.3432201198299725,-0.0020567627736387383,0.8576807347139505,0.3736160549272211,-1.4289405691561763,0.22561043904686828,-0.3375808994441915,-0.4100916897531395
2020-01-24,0.06038475436174906,-0.4203539953014472,-0.655035898379344,0.30812718471780043,1.319807419511539,-0.5235096356461618,0.5228868238356251,-1.1700279470862958,2.7381944928004973,0.3574922952270798,0.16693767844381205,0.8535101795297767,0.22007342672918842,0.18972557929315823,-0.5168791366514182,-1.3095812708583303,0.14397265399752837,-0.4100916897531395,-0.49180360027233827
2020-01-25,-0.22779854639909797,0.1886041313273501,-4.196050462686143,0.11479170656711783,1.5566631067314725,1.3894756111395972,0.30872163484652165,1.5211201075700869,2.5255541671093766,0.057181999521942695,-0.4693465818665931,0.9556929000477999,0.8657112279451954,-0.35538526282937216,-0.030028309088647256,-1.1259776701402473,-0.5806083163483563,-0.49180360027233827,-0.4172347376853668
2020-01-26,0.25284043918427357,1.0356041382814565,-0.7355094166467084,-0.050064537757692734,1.744895001899989,1.093631507791999,-1.3897233625094276,-1.554959799601253,3.234704671593239,-0.718784469841626,-0.5627500789018158,-0.2514694341961639,0.9248783983100889,-1.368057875837792,-0.25428211735313677,-1.1687596164456933,0.42670784443622545,-0.4172347376853668,-0.557160307392261
2020-01-27,0.7691758227784126,1.6781924916511248,1.149091143440622,-0.340283167409451,1.9586701598643992,-0.7417192558227834,-1.1348522474710065,1.2517403168264591,3.597399880045146,0.878282715602591,-0.2913882771317154,0.5848983301388812,1.011423610910798,-0.9570005882838474,2.170982360270449,-0.7865367121846407,-0.06034477115929952,-0.557160307392261,-0.5608874984994676
2020-01-28,-1.9049861490759679,1.8204248853923881,1.2530875892428528,-0.4926563740035978,2.0241205707534458,-1.660173646707835,2.6081849887088397,-0.44718691279106176,3.3210525032941645,1.1365674788994893,0.36398038322211657,3.2097499169650128,1.5681696126302074,-0.2024322188189406,1.6350588487490938,-0.5096373108105653,-0.1572173183673704,-0.5608874984994676,-0.5991043790356673
2020-01-29,1.8176432220459569,1.5354977765490172,0.4309039675157989,-0.6306504915757553,2.095284435246563,-0.40512179899602957,0.8724851340135094,-0.630318578865125,3.0098494678141616,1.1331693526912496,0.9623205536873993,2.802125196397032,1.4255655496880293,1.5895259133603645,0.3409265336855015,-0.2716678718490247,0.26490368220902694,-0.5991043790356673,-0.5659285672853684
2020-01-30,0.8999590231817753,0.9332940227318877,-0.33881993085172946,-0.7512189229290414,1.9981249303411752,1.0707256240908656,-2.84470795762426,1.1587446312728307,2.72661376917145,1.9087223311767703,1.2202257892100992,2.86555705931034,1.3044125618829208,1.0824546833266468,-0.6670087672611518,-0.13757873177657387,-0.07152509650794084,-0.5659285672853684,-0.6600766086141369
2020-01-31,-1.4871375691359647,0.20400173627850612,1.0241520293186994,-0.8158237640183307,1.9576322939133768,0.9022948032172962,-0.3741972980930696,-1.1520501559744867,2.5981980015572974,0.4096933418478481,0.09781921559756507,1.764664968806268,0.3090715464047204,-0.543792402539114,-0.2715757234418953,-0.033328106498825553,0.04544736795057581,-0.6600766086141369,-0.49914063564013017
2020-02-01,1.4228181614980047,-0.6332292885472905,2.675206768201722,-0.9091244091256727,1.7677397210247965,0.06902892716465103,2.354060898115706,0.8268806724874882,0.5993314261490833,1.6703029230227815,-1.2059099109876965,0.25857083704381517,-0.4063644060660777,-1.6767628051364487,-0.8709121586872509,-0.07894584270155836,0.010759502265443732,-0.49914063564013017,-0.6989633086696502
2020-02-02,-1.5094860623313082,-1.4792878457611016,1.7867959751970255,-0.7579971315224426,1.6236290005013743,0.09687424137895151,-0.12915639946884988,-0.4731031863784427,-0.8984465099147537,-0.381917727672607,-0.5580552671610916,0.6100549195516195,-0.838137883031814,0.3845631055299835,-0.7318505181630586,-0.05470705979124223,-0.5380801739583642,-0.6989633086696502,-0.7873522344162545
2020-02-03,0.5764845940170868,-2.5270180299372047,-1.1820600349588015,-0.7557151720751567,1.4047556320707562,-0.6438993873960847,-1.2110708853196521,-0.009260571756929173,0.8481736668756494,-0.35144707268213327,0.6028252515061361,-1.1104941535724446,-2.075075475150874,1.2588619644397543,-0.31545712355557104,-0.05787300107653901,-0.030958804689460027,-0.7873522344162545,-0.8284004361354853
2020-02-04,2.3903972930768096,-3.3159705308491447,-1.4338979645507601,-0.7518419050259937,1.1939331251525451,-1.2446894335869558,0.391588749632623,0.5168087404211744,0.39148745073035124,0.8020425822486181,0.229160954796166,-0.7867065412622815,-2.072960515763662,0.41604717241458283,-1.0073534729430642,-0.30651224971197955,0.22817264081101535,-0.8284004361354853,-0.8954162867189396
2020-02-05,-3.4956728509621353,-2.5345383008964357,0.013318278696623009,-0.7310482019848413,0.9732792226657212,-0.4336888764745366,0.4722275423597796,-0.9104489504023799,-0.38104981292511664,1.0234329827980153,-1.7542087022817516,-0.7047002398809139,-0.35511443770373724,0.8779315525763551,-0.7836651849371356,-0.45864095476052014,-0.28780734757937293,-0.8954162867189396,-0.8732302481359477
2020-02-06,1.1987959210531764,-1.2118269494779792,0.17736364520372802,-0.7545709089710468,0.724811120457857,0.9189178191476872,0.3316483278740143,1.2417536873979187,-0.7831949559947543,2.27216405873123,-0.7116354058217347,0.414370952435279,-0.18980271897840334,1.1276844038380847,-0.9675648284850448,-0.5347157110123376,-0.3664093106319109,-0.8732302481359477,-0.8355997838982759
2020-02-07,0.8290228777801826,-0.2847163867851374,-0.6329255857373465,-0.1872423160404668,0.08915359925752861,0.8724084761981692,-0.3211800114595473,-0.9620935398510547,-1.2695329503687347,3.487160720581902,-0.01179250519355796,0.7341814164472076,0.90647506019149,0.22898272476645073,-0.9270167002250488,-0.6836791055733528,-0.0690480740946902,-0.8355997838982759,-0.8740032798817033
2020-02-08,0.49312647855611524,0.39283905791059553,-0.5331205659688351,-0.2686253939843751,-0.29801185997490826,0.05859897712201886,-0.637510721049805,1.0505111705344103,-0.8907509244498846,1.356826944061161,0.3242091195521645,0.9396830861976104,0.5175800074995566,-0.8546058622331161,-1.3136871040633546,-0.7673124341133858,-0.4034099694574369,-0.8740032798817033,-0.9328421369711484
2020-02-09,-1.5874913382477303,0.9821718097733367,-0.24170036801421707,-0.3109694963878894,-0.7346981998968237,-0.6935636724270077,-0.32826969462018896,-1.0294938234934436,-0.6214915813442311,-0.8299007889504257,0.2111034127125995,0.5548492935828598,-0.8974543985096471,-0.36351039770868343,-1.0851951447208958,-1.0180194885191183,0.10947947623850234,-0.9328421369711484,-1.1181785508949207
2020-02-10,0.8163925673055282,1.6296213617938522,0.08370479075638514,-0.36590816149485555,-1.1845830013690606,-0.10600770796324974,0.2698009575846662,1.0777209153460185,-0.9635294402616583,0.6802105779282451,0.30315246881762514,-0.30077643323450864,0.4650356796242174,-0.6019709301446408,-1.3785917116028397,-1.3060120844010508,0.18120484472808704,-1.1181785508949207,-0.7578205286611132
2020-02-11,0.09695798899339228,2.2441651635876343,-0.7901638558681323,-0.4182276596501729,-1.6279195934884505,0.3319254605944891,1.1593883926135626,-1.1869867420522409,-1.1576832685413245,1.5995493875457103,-0.751641233225363,-0.6751603564710795,1.7090523347400022,-1.5113651074765266,-1.2953654662153151,-1.5205366954073996,-0.2683999533654038,-0.7578205286611132,-0.6776840061465619
2020-02-12,1.1501205033363666,1.8776823688351338,-0.9842482614932997,-0.4652041487632397,-2.0638362223626006,0.10911598199095643,0.249902137217609,1.2267218639351916,-1.4016315227172638,0.6682546182323609,-1.2977944127084011,0.17064001306919688,0.9377170993593652,-0.4627618690731202,-1.3560463170264023,-1.6302168771432501,-0.1640322547859973,-0.6776840061465619,-1.1785009517916838
2020-02-13,-2.050982839124801,1.0092857613756256,0.7931304836722959,-0.5201063589716199,-2.1977400841460315,0.10973003152465434,-0.6261561387593418,-1.388357133523708,-1.1980354562349875,0.6365364499262567,0.25228500952808264,0.12656487398196145,-0.10590769955892815,0.6632391361921,-1.1608152345597773,-1.7529553687592394,0.26515949164284824,-1.1785009517916838,-0.9346213462077665
2020-02-14,0.21805887849293507,0.2895791797026963,0.3213772588273941,-0.5567013833972427,-2.4213027804217595,-0.25871329796071496,-1.2115004122885182,1.7951269108409063,-1.6453957657254727,0.45696101381460125,0.31485366098376233,0.11495269030950464,1.0961440447172306,0.8077824334304978,-1.3796554994420624,-1.8064628661274116,-0.39618086212616765,-0.9346213462077665,-1.0866923366014527
2020-02-15,0.6277002942515231,-0.23939861259927434,0.35875820619827087,-0.5860397049826637,-2.514824520722494,-0.711978695151849,-0.09560053288574105,-1.9801962565419646,-2.1529881720578348,-0.26494410955429926,-0.10151144141187587,-0.04351762966831247,1.5500415607689295,0.5304280380363187,0.36834492836029364,-1.7237653784675735,0.11799260238282022,-1.0866923366014527,-0.9308276702824483
2020-02-16,-0.21298718927960492,-0.7261821809509957,2.1942628077208237,-0.6048046356561089,-2.4900506095422936,-0.07341482505134969,0.9441457261209601,1.4827318496707902,-1.2428548557015957,-0.6288614166193283,0.2216691237574473,-1.0419107743524507,0.5534476975759159,-0.8276306442396021,-0.5091937800356939,-1.8080239099884998,0.5423923889392485,-0.9308276702824483,-0.892914281278094
2020-02-17,-0.4269075845038122,-1.1304639382611585,1.6653504920676119,-0.6043778230493565,-2.483059980748601,1.0676419059406963,0.6506808754855458,-0.7922761949097543,-1.022226640324018,-0.12859423216061944,-0.9401510257431537,-2.2705199210089875,-0.5810232686334192,0.47254641697284705,-0.6138226849251825,-1.6789708824553844,0.47341368408112133,-0.892914281278094,-1.0040690809612316
2020-02-18,-0.7697445065993056,-1.408938416791662,0.526392198704255,-0.5848385203387717,-2.307649874003397,1.1373651702950027,1.1440467034072626,0.11744439132235274,-1.7304718215780195,0.4338486889669513,-0.58070011949346,-1.5548249536481358,-1.2273574237923985,1.2964100110718504,-1.0903030254057222,-1.5814531488006616,0.06036189332420256,-1.0040690809612316,-0.9880803280292861
2020-02-19,1.7930780306765797,-1.42461016631478,-1.0384561418554787,-0.58624698747076,-2.0947113811156535,-0.6101612360086972,-0.45814364279457115,0.5120090662021871,-4.517910991190546,0.5902529997746954,-0.7249830626905011,-1.075502036685328,-0.03646531936201439,0.17420643085507417,-1.462021866944027,-1.5941810171720228,-0.4372881567651791,-0.9880803280292861,-0.9093027189653968
2020-02-20,-0.01676607655830061,-1.020402455490792,-0.4844038213114902,-0.5468178304437281,-1.8588423910410963,-1.8135369906162562,-2.747349805924713,-1.068346530564117,-3.0772531676082506,0.11835358999080747,-0.16695786935950854,-0.4448795502805223,0.5148485001806825,1.4212081682957718,-1.260943842661102,-1.57698746043308,-0.4028345808790488,-0.9093027189653968,-0.8245039572312689
2020-02-21,-2.069227944796588,-0.3752132712589554,1.6474172815301735,-0.39642464331119853,-1.6760709151388467,-1.3080164956551814,0.646290510421544,1.4419871442978789,-1.3962303050661162,0.3111078758526157,0.5778938367505452,-0.3577546343022223,-1.5708556898979171,0.3701942079537664,-0.8003748284565059,-1.617572681943428,0.697134148183893,-0.8245039572312689,-0.7740328058349946
2020-02-22,1.6647154337718275,0.23879192633164498,0.09954415130679227,-0.29992030525988983,-1.4594992370233761,0.7726457930692824,2.6697628084271163,-1.5703941921860043,1.1880545970734306,-0.8180142706165067,1.4655693248741022,-0.2877508934508543,-1.0466466677025172,1.500331931406816,0.8066308649926158,-1.4523871897865774,0.3826633481911304,-0.7740328058349946,-0.6115410500056581
2020-02-23,-0.6466645855639221,0.6866263530705606,-2.5911695154901957,-0.21846151465919844,-1.1899123691438402,2.5838646086707313,-1.7280524129408494,1.4386412087873526,4.066741941498465,-0.7291813847782891,1.2154842322071155,-1.597800915002903,0.4163073163331291,0.6695265614860203,1.1140900876401902,-1.1915577491924467,0.26293004877204107,-0.6115410500056581,-0.28867204374263467
2020-02-24,0.042238708216176854,1.0164598205967719,-1.383630245336523,-0.1195869514376911,-0.8864415357814783,1.5779870281341317,-1.419843109692158,-1.1154894427419455,4.070682997694707,-0.3620160965886744,-0.6942140649027956,-2.0491908688867495,1.5843559237073142,-0.1517178840881224,1.177166380485295,-0.8850834823047908,0.7887364060774986,-0.28867204374263467,-0.39887397602048447
2020-02-25,1.0274735830292936,1.151976863360373,0.2689539898869088,-0.039359438694217916,-0.5510001327120911,-0.7728339628801427,2.593398382549661,0.805355074946263,1.712049782211227,0.9650501573183617,-1.6670838744481462,-0.9044250708742129,0.5881152667784576,0.35299613426980214,0.7529169458942065,-0.510770103040725,-0.5070905020765367,-0.39887397602048447,-0.5359391264773131
2020-02-26,-2.673882519108283,1.0431032202159074,1.2085999720955498,0.04135791331485503,-0.17994365480350633,-3.444088806969182,0.899034474378878,-0.7059127934496752,0.13575442170784993,1.051509616103158,-0.9070159883459123,1.4934947663444202,0.28537920646386356,1.1731489600969285,0.3537299992957045,-0.18854609161696226,-0.33230784465012936,-0.5359391264773131,-0.3581193591046559
2020-02-27,3.1061359978078418,0.720376746935279,-1.1440970885044748,0.05709132643619407,0.32996498115864,-0.7722374557306004,-2.0799875124479454,1.0497765912306705,0.3010756415361441,0.589762047027734,0.01798948461116857,2.1768592521740677,0.7988216235216449,0.1004165713825031,1.9692587424782464,0.1848243112896466,0.5704863461585584,-0.3581193591046559,-0.3474354431529885
2020-02-28,-1.0378788433815576,0.2419680428179084,-1.8014612270683326,0.25825273528587434,0.8422263421396026,1.7042642931640866,-1.1082889050575262,-1.622530432632919,0.7513831634154623,-0.40100948071600995,0.30176310913941906,1.006271798189336,-1.1955588495177354,-1.0010193973145507,0.3921554460033433,0.2065746041760257,-0.26661910207349354,-0.3474354431529885,-0.5005327082817215
2020-02-29,-1.2310973124966218,-0.349293325206724,0.26919137279162714,0.3433612367012277,1.1434602142930042,2.500540607816645,1.4253654495343302,2.340290254659127,0.5111108071933887,-1.5441977412872487,-0.4866638863112676,-0.9632051859006622,-1.0445714284240888,-0.7540274749839264,0.41040202936669423,0.37710426983150724,-0.7296586964428375,-0.5112591662179294,-0.46425587598758794
2020-03-01,1.7286425634034073,-0.8577954152138798,0.8368336834138093,0.4158859825831779,1.3828200487558924,0.09763506102190929,1.1206562792642283,-1.9853703422262499,0.8029761958545399,-0.7821329413583102,-1.3165236156466806,-1.5858182961223422,0.30000252719797876,-0.7339288294090097,-0.7657689048984636,0.3366727560007322,-0.01369110031777896,-0.5118628080720643,-0.5644367084681274
2020-03-02,-0.25192762745133745,-1.0138872283807776,-0.3852197637521421,0.6045883553909291,1.5887078506232422,-1.1393246365452647,-0.6369260752639556,1.702808964713034,0.3775091925791059,-0.2840869027058026,-1.4225295684416257,-0.868749799306454,1.0956022148251232,-0.15316687133641377,-0.8534664182432367,0.2873827667393452,-0.4990402497768129,-0.5644367084681274,-0.4869599743484191
2020-03-03,0.08940442364665738,-0.9153902246559972,-0.4960821331195827,0.6746572180272317,1.7102527730999066,-0.6923727814875512,0.48523569199119404,-0.9924221729018944,-0.22055200363818986,0.46229570730946096,-1.1173349229627692,-0.5867837333246835,1.0961310071972625,0.41976704435686113,0.20008613902977906,0.46385064835182477,0.24938591384690176,-0.4869599743484191,-0.08065570458882479
2020-03-04,0.16654472051955593,-0.5615328435035051,0.7884296971053716,0.5796943984639639,1.776305776164096,-0.1296495741097621,0.33249340176402076,0.35896713859974955,-0.3589112442450835,0.8007143979669958,-1.0393109022186653,0.25319848032616726,1.3987998688263974,0.37438251221371965,-0.7434570678371714,0.48603801346671444,1.2953406503878164,-0.08065570458882479,-0.21727184344171824
2020-03-05,-0.589604274631318,-0.21283701687978052,1.5227702686266826,0.5713221091044387,1.7971462771542444,-0.4931564388700965,-0.33688008887881093,0.12341410380672681,-0.9221381114256304,1.3739604182880114,-0.6665917722305131,0.07791848222058938,3.2741044057323307,-0.4850584120439364,-1.2086676580740834,0.4372911508765375,-0.09976677458613084,-0.21727184344171824,-0.7569834151723001
2020-03-06,0.23493651174402272,0.09091577361568481,1.7689959945544982,0.48718828870747866,1.8392089965889213,0.13340549575785576,0.27909908862469185,-0.3472865425932812,-1.222813146046815,1.0437232266674663,-0.30898087748031516,-0.12669860433482036,2.947520020978166,-1.4087404911704817,-2.2963820596130087,0.1718238138566243,-1.0209155740832976,-0.7569834151723001,-0.8135675088561721
2020-03-07,1.4439605560502964,0.2729274288188112,0.9797246290519427,0.5116478779882576,1.650635402696852,0.99203093261114,-1.51533454134016,0.15215540535064664,-0.7407483319453679,-0.1230513289083094,0.25726420073588296,-0.1705326380895207,0.7462320651544422,-0.6385918293992311,-2.1264606108211983,-0.20058623639055323,-0.7240131556918642,-0.8135675088561721,-1.1582461592130153
2020-03-08,-1.2398846966191008,0.3576997986220926,-0.40680044862216236,0.44195388797041074,1.5906701813463349,0.5937657553775998,-0.26115842817865487,0.23572488900214977,0.23885557351056283,-1.2915231680322787,0.11871069110815997,-0.7279455809406082,0.13315689226371297,0.3549454438276166,-1.1046941498951655,-0.5155272487492065,-0.27368075584801155,-1.1582461592130153,-1.0426296560941237
2020-03-09,-0.10280394146575922,0.30725308520978034,-0.6567098362358076,0.4032095742270778,1.787942428427932,-0.7097514827237289,1.3094697171238558,-0.6025621096775884,0.5704965908719919,-1.5262346605672905,0.0660750646325699,-1.036263841824431,0.41058948961783076,-0.29288312625702645,0.18158167066480022,-0.5957365104706833,0.3796351572933339,-1.0426296560941237,-1.0206791511129933
2020-03-10,1.1057772691944652,0.13943326636292064,-0.46923289936616835,-0.40411961560129267,-0.09041719958889273,-0.5859501974691824,1.4708833836155317,0.7779409948187742,-1.4326560503001657,-0.7828217587994132,-1.1947353945876935,-1.881389133594458,-0.17639175015484848,-0.33082272030503196,0.5009281359634127,-0.5598232840696503,0.19284958476080932,-1.0206791511129933,-0.7301260066812256
2020-03-11,-0.13750201061438067,-0.07331204483074799,0.509755773885672,-0.2856651116496296,-0.3076864614041808,0.8880724479031579,-0.6557816699655612,-0.5120149918962261,-0.8365338055702886,-0.4741244262315402,-1.589184197781225,-0.5305791096053434,0.23564662950231546,-0.37754588593092164,-0.4592498977154315,-0.837161863155163,-0.09146163650085724,-0.7301260066812256,-0.30185986603239845
2020-03-12,-0.9774573345123537,-0.78609026651855,1.4486765239239416,-0.1405989349513615,-0.6025839755491283,1.201859090052172,-1.7994657496150719,-0.014884136431845742,0.3650383754114146,-0.13214642152612335,-0.5141435452170577,-0.26207040536445453,-1.9297950969571662,-0.17672045423070565,0.2652149393228076,-0.8737396807509029,1.7599258732458558,-0.30185986603239845,-0.7270337394882012
2020-03-13,0.8019528652892576,-0.9451898374419383,1.5551156575333587,0.054193087192867063,-0.8978964788246298,0.3313576737237063,0.5666517417974214,0.6444813144467461,1.3178196409884457,-0.27071775972528384,-0.23133379858437472,-0.30808067238164866,0.16012335758197288,0.5608397150209461,-0.48098250586404134,-1.0760909228854292,-0.8241745846779157,-0.7270337394882012,-0.7717988195301574
2020-03-14,0.3495999926655677,-0.8976851662563087,-0.9897308538872441,0.20770583689450847,-1.1686876236079313,-0.8720249366375561,0.0938411965530788,-1.1174690530406615,1.2144664421909042,-1.2141098232223604,-0.7829072486781004,-0.07104481234523717,1.9281504257696351,1.2789451423011684,1.3387509365103107,-0.8695978268630176,-0.0762666128049424,-0.7717988195301574,-0.3994660470969861
2020-03-15,-0.38679159382521633,-0.653773403408653,-2.2003158041457693,0.35877277436524385,-1.464268958373156,-1.3282312478227203,0.17160040832717366,1.1168898598397778,0.6449791646868261,-1.3443210899639333,0.03444572739886384,0.36277989976637137,1.8036619307642152,1.437533222495725,1.2122068426884927,-0.4897275258183473,0.700989340674247,-0.3994660470969861,-0.5330361023856287
2020-03-16,-0.27528388002364135,-0.2712356728581771,-0.018082726125628,0.5845383869898608,-1.6574329836605786,-0.644713191217864,1.4719904275048366,-0.7614550148932481,0.8088835749703557,-1.2739890949897466,-0.4003291781933102,-0.13872261863426988,0.6322297280146787,2.059477098928154,0.48697441034206573,-0.4820113602048918,-0.44993934103231753,-0.5330361023856287,0.7527826734645575
2020-03-17,0.7306502837363342,0.0363072019207551,0.9621131719162352,0.7271500047441269,-1.5891907925937192,1.4340580255114692,-0.3037342902678026,0.3756593721085956,1.2400893578593057,-0.9908117922806454,-1.5107937664835114,-0.7613760725780034,0.8238711457411297,-0.6154812403625942,-0.8177762447659417,-0.4870220084629921,2.6924838768826302,0.7527826734645575,-0.42336194569001934
2020-03-18,-0.15528362635240045,0.20243138547558134,-0.42354784045660027,1.011839875119825,-1.5471095682111002,2.6470197468435983,-1.1992300906491622,-0.1706162165649888,0.5944041960390198,-0.9989708918772793,-1.748677716341376,-0.6520735578049665,1.0993292317078602,-1.1652602933162683,-1.4199423726921534,-0.5652471404549813,-1.980712040194986,-0.42336194569001934,-0.9005882694632463
2020-03-19,-0.7629790794164694,0.3120891686433738,-0.5965165028711175,1.2572889027825005,-1.382473006103035,-0.013938241485357886,-0.35293222302259847,0.24348777348612377,-0.36849791096049545,-0.6839294860851705,-1.0924329752795554,-0.5888923222677632,-0.23319470133286063,-2.960250221872744,-1.5709538831161949,-0.5247421778382358,-1.0072350148510552,-0.9005882694632463,-1.1434161871144484
2020-03-20,1.3495904778175092,0.3835433857050987,0.1924379548759914,1.39012473871526,-0.9943478142278916,-2.156807428982766,0.7959614691136109,-0.45266955376266427,-0.8838233863413468,-0.9519362994949856,-1.116910494991233,-0.42220381950996255,-0.1557728605181653,-2.563276376877475,-1.2228490026191743,-0.4407734308712039,-0.5876074029530958,-1.1434161871144484,-0.8213122692814923
2020-03-21,-0.4473322731726754,0.47653375278795945,0.457270170383039,1.4132120031672206,-0.7195333529858737,-1.6513060979210896,0.33001791957646914,0.5354678190325037,-0.7990902744547275,-0.7418221291076755,-1.274663850796561,-0.29774667269076177,0.41502071116745326,-1.6031507198111374,-0.664457209232545,-0.37127553751874504,0.0010507827864585173,-0.8213122692814923,-0.8174052096056961
2020-03-22,-0.4728458866496343,0.4464334459113048,0.22068578330833313,1.3600240336936356,-0.4598770425176652,0.4509543318528858,-0.19474751262039394,-0.43986508349182807,-0.6037364592842905,-0.6033268567115416,-0.3266977950363163,-0.5038399990728347,1.2661447192533246,-2.5356231262292965,-1.1980165634003763,-0.5836526933788313,0.40137120680229105,-0.8174052096056961,-0.6489784885886833
2020-03-23,-0.16139577913468248,0.4888739074205434,-0.5033996326567304,1.1814355336377185,-0.14214000185271755,1.6059174035909807,0.26892022573886365,0.3242622945688835,-0.6775153338714478,-0.59196939427746,-0.8047995565015644,-0.49600182763434536,-0.11528332149951769,-3.58161644572151,-1.602430084411203,-0.8703076422176743,-0.3096448215453006,-0.6489784885886833,-0.7505326374192627
2020-03-24,1.526821989706552,0.5683704401393531,-0.7380202306692525,1.1094138317226814,0.07031581635544054,1.5026271902717676,-0.06443969406899318,-0.3892237493819038,-0.8057669567155397,-0.20728287548861876,-1.0036104121125153,0.03199846568266205,-0.819226032906628,-3.8025010384943805,-0.32848505622122154,-0.8137962319031811,0.19520596146529975,-0.7505326374192627,-0.7278944442788509
2020-03-25,-1.8480866997559398,0.668651498960496,0.454184591499904,1.0212070096816754,0.2588913709945895,0.071845567581416,-0.9063423493609971,0.672009852800869,-0.47144406882516343,-0.38738437019444816,-1.0690802010059033,-0.05733165278671208,-0.7074025791830819,-1.044458735269953,0.5841301345021114,-0.7343377398104356,0.27947070918465683,-0.7278944442788509,-0.7421250691220399
2020-03-26,1.5762324504611909,0.8769764402976142,1.3610856702627505,0.9486846368554283,0.4658081408315777,-2.3575584498949143,0.397878046592379,-1.1026812309159804,-0.0009804792335519484,-0.666190056477443,-0.6619189858956908,-0.4891636741395718,-0.810211942774083,0.10719123457336185,-0.18974002592805628,-0.6896391032014447,-0.2550958396688733,-0.7421250691220399,-0.5909916128307241
2020-03-27,-0.5773847666186422,1.1603275140654636,0.3911827265597339,0.8775652811241796,0.6583360916050266,-2.4902490565097573,1.0941426987188694,1.6525023863430353,0.43561031550755813,-0.640021089847132,-0.9115011677657495,-0.2493712029823985,-0.050601794034723424,-0.7187504884874187,0.21305616048185164,-0.7733706932746132,0.6316161902489894,-0.5909916128307241,-0.6709467495518407
2020-03-28,-0.5809453378611319,1.4957110230385406,0.04368848179933739,0.7869962535397156,0.9497114011997357,1.1712513483182305,-0.5421792688163939,-1.619557418024275,0.6657819527872566,-0.4718262776089804,-0.3876897947116786,-0.17607631869132148,0.8260920735032312,-0.2935596295943939,-1.2449568697323614,-0.9982265674795636,-0.179427483011891,-0.6709467495518407,-0.8722316763722078
2020-03-29,1.2548011089324747,1.7321117269606172,0.3265770070645248,0.7157633173032414,1.1474681400005784,3.9824971829815006,-0.8019851558957243,0.6392016299628626,0.2021143932343869,-0.1876620645106275,-0.49690523076034865,-0.1397891935932864,0.29373357806756906,-0.9424175640114667,-1.1105973077315685,-1.1002567601632474,-0.9341782196385159,-0.8722316763722078,-1.0414999205399054
2020-03-30,-1.743169980249268,1.15853581662442,-0.9102178601379602,0.7669195036962756,1.5213236857492618,0.9294710796392651,0.8700407289371267,0.015243977427893072,-1.4776194794040338,0.07969868862496758,-0.41087280677395477,-0.2697320097818204,-0.04254800010791626,-0.8579727598696638,-1.4078706163658228,-1.172475543504214,-0.1388712074987566,-1.0414999205399054,-1.0592516459973218
2020-03-31,0.4750602485725629,0.1437769628404012,-1.168172713631372,0.6734044272790067,1.7484831719295453,-2.6464126703856303,1.2113407374229284,-0.4051316936519346,-1.942762123670525,0.3142005412990945,-0.5122489936096708,-0.32838075765771296,-1.1040445924322178,-0.9421524953454422,0.23720378613123513,-1.0485559775879068,0.4864812275047902,-1.0592516459973218,-0.6585668290611975
2020-04-01,0.22670439681578228,-0.5296363409509566,0.11091655568741111,0.5708293986613817,1.8456274847218657,-2.204529579625514,-2.333557486352973,0.6679177010265159,-0.042238069730041905,0.39652705260475535,-1.072989145344837,-0.10509342544823735,-2.718920663918417,-1.4890826150089873,1.899476579219464,-0.6427398474357958,0.18755873244030816,-0.6585668290611975,1.2466080967795006
2020-04-02,-0.8776235551048969,-0.9489706294550759,-0.2108751837984414,0.4370768366802538,1.9015498950067427,0.5974859332208114,-0.7326473255119172,-0.4618629923021154,1.2861372992603903,0.2639523558009907,0.4554329471275711,0.8688940893227911,-0.25670199702617835,-0.9926910232184507,1.5231908656169597,-0.30905507383179254,3.3847785774495494,1.2466080967795006,-0.3597913872072362
2020-04-03,1.2992729187017733,-1.1694241961589502,-0.595241971582157,0.28595894298553776,1.8517325680337335,1.0786739312987579,3.689913506484075,0.152095048765023,2.321012293418152,0.10845446992954529,0.7445202561032266,1.130933002565722,2.2206703152782783,0.6883929734771933,0.6107593176665049,-0.15867159244170073,-4.378878633856012,-0.3597913872072362,-0.05364397501003696
2020-04-04,-2.1154984083561295,-1.2251503891085578,0.24026496905899528,0.06153901468542308,1.7787339630858159,0.6592943057650087,0.19668958248450452,-0.2493976584794961,2.2046563624324933,-0.35080178519021477,-0.2764138919774293,0.27871382893299956,1.344146830490423,0.868811861808522,-0.780878426374096,-0.08070509319782028,0.4195797380830259,-0.05364397501003696,-0.20738317785938865
2020-04-05,0.5709253220819251,-1.0927181795885426,1.8787503748421799,-0.19100685023558145,1.6624971994325903,0.696100370539482,-1.125337802476221,0.6585783552622085,1.8862558367178903,-0.3030297447329123,-1.0384397881069898,-0.32206624608593515,1.0774979795515343,1.4940864741280704,-0.20348172283416466,0.12900166362758658,-0.28450541050478206,-0.20738317785938865,-0.5012504859555825
2020-04-06,-0.04157612993357055,-0.8125657427763977,0.9555664265246202,-0.4426294410501655,1.469597234978793,-0.129845130074692,-0.9153368843813886,-0.874168042178641,0.44561915341015257,-0.17140200344971207,-0.8879239486328576,-0.007023237408328948,0.6517472875855599,2.827481646019331,-0.08782480351959107,0.17990574884646915,-0.28930283379195243,-0.5012504859555825,-0.6830006421970359
2020-04-07,-0.1300655348236297,-0.4809779136695614,-0.7898444938345216,-0.6608987475409678,1.2144887971613803,-2.0894076905191588,0.11115150900509947,0.744015318465774,-0.47004889545431666,-0.8479665125843278,-0.3568852296937218,0.26214613026925837,0.4015329899099583,0.12845837486170844,-0.5642838963350316,0.013184231321970885,-0.47374044794310954,-0.6830006421970359,-0.5452496940128249
2020-04-08,0.7471492381272713,-0.41183975100346853,-1.766113677481107,-0.7491143747998854,0.8817848153451715,-0.7165048380134021,0.9799496507961855,-0.27312756045080955,-0.1293001095861048,-0.8871743238098863,-0.4864148251161716,-0.35009801301746035,-1.0657412837208293,-0.10923825338142959,-0.5817941635221096,-0.04076507243181321,0.14274900101386317,-0.5452496940128249,-0.8752363625271723
2020-04-09,-1.059739209510071,-0.5378808920057058,0.5428053761934306,-0.8286918010782929,0.5703897440161118,0.9421789522766475,-0.17754805073485314,-0.4163726473426621,0.5320412763381446,-0.40813098800207137,-0.825177948020172,-0.5160531946061618,-1.059377471650639,0.7228602966042419,-0.5115772085452911,-0.168128025945,-0.32515828745584097,-0.8752363625271723,-0.23136892468843132
2020-04-10,0.7054515138427703,-0.9194332233377582,0.8500385056725478,-0.8611312207290526,0.15584442869208917,0.9572286255200199,0.0774505158965438,1.060154091058841,1.0255574617473993,-0.17463837143086552,-0.9667826694640294,-0.2760417884292169,-0.941220202329562,-0.08172444661101982,-0.9798951282878223,-0.2089382611045115,1.4626148433692525,-0.23136892468843132,-0.23748749870700944
2020-04-11,-0.9665411050956952,-1.6063789143121294,0.4013155514143285,-0.16818046551154758,0.5345438306502641,-0.008036704219991565,0.17809979730144873,-1.1878053770874042,0.9269480596931913,-0.13715292558489026,-1.0561401141678177,-0.2850599049706625,0.7951443261557641,0.48071963979912424,0.35762552756070626,-0.018274186517788275,0.08502791153033211,-0.23748749870700944,0.40302240031976194
2020-04-12,1.3739188463078476,-2.6217555102225507,-0.3733095985134465,-0.17674184975738244,0.13473615523113663,-0.10761621661774971,0.2949680039753855,0.9666344030876121,-0.019100005758658403,-0.0990371156260114,-0.6876194402655942,0.439473486560881,0.8893814993261477,1.6266731054216472,1.6604282772259107,0.37009137438961254,1.40816825081462,0.40302240031976194,0.6165496108931081
2020-04-13,-0.6921001512501036,-4.130166980809348,-0.8884600297934053,-0.23104120752753995,-0.23770231817614265,-0.28117404753669495,-1.3672801195313826,-0.41031201130799894,-0.8649777169005077,1.0342474264473605,-0.41078736188644216,1.6079115043272008,0.6451015698296662,1.1183236038264222,-1.4284969570215982,0.145610045522747,0.19435480728783408,0.6165496108931081,-0.28852859913366136
2020-04-14,-0.09903152948943048,-2.5271929819763663,-0.6536342819889723,-0.30290460123418395,-0.5931833606145747,-0.27182249500347705,-0.45354048034553973,-0.3645945617606471,-0.8806858390229516,0.7344321931215358,-0.7185850806859757,4.480880707108516,-0.35323985906983746,-0.7389488666997929,-1.3509098876323253,-0.4022773225196084,-2.174277717375803,-0.28852859913366136,-0.5748564396035406
2020-04-15,-0.2755718046096769,-1.1958623750669908,0.12604361765917987,-0.30860656431736994,-0.9792275565267716,0.23707129628236018,2.742421786450279,1.287776143105706,-0.7047083189453879,0.6985557569845187,2.1482491745398304,3.780632079156384,-0.7509461511548997,-2.1056596430293224,-1.457775126979848,-0.8532435981996975,-0.7100513007262196,-0.5748564396035406,-1.1344893891659726
2020-04-16,0.9089769114393057,-0.1696306256901594,-0.47116932342586254,-0.3059110499826387,-1.316190303755299,0.7709314815135618,-0.21192211409327225,-1.9510399876362101,-0.4104088660783726,0.9811064160429723,2.4378481451298146,2.1716335079032865,0.22568626857601282,-2.1595540276136216,-0.38923369220222204,-0.964478130302761,-1.0059888222845739,-1.1344893891659726,-1.2588044316642282
2020-04-17,-0.40265433387800614,0.8854328435482987,-0.08003922248583668,-0.31312581234079284,-1.612176907475212,-0.22816495477213658,-1.822563414551863,1.9445303156684912,-0.3333944916888203,-0.009786763366318427,0.639275651430281,1.5966127957705194,0.0912593455425731,-2.6036859852203986,-0.3336230965472925,-0.8906286746423616,-0.20082367926725023,-1.2588044316642282,-1.4113626698046515
2020-04-18,-0.15233955698697116,2.3270803275339356,0.8859856290803175,-0.31302211713393835,-2.0030588242894574,-1.3513462572333186,0.948714362827235,-0.9109120602722163,-0.19675317758406669,0.6172187318884992,0.3902910384800426,0.2926939513024997,0.07306972093915808,-2.1856981063440295,-1.3335959292416317,-1.0273925875832308,-0.3469684449344571,-1.4113626698046515,-0.9666739154375337
2020-04-19,-0.685277900458903,4.658732636036205,-1.4918976294746684,-0.32668553877066125,-2.209377727652154,0.256468959735451,-0.4048172270412163,-0.10051291644651573,-0.48760215158320186,0.7626813774048867,-1.1757873937223602,-0.5812674127772693,-0.044946585128444086,-0.39445135437409856,-0.4302780899916167,-1.0580707837167278,0.546166750332983,-0.9666739154375337,-0.8959636980425323
2020-04-20,1.9032501294837685,6.225645774147199,-1.2781312533306315,-0.3393315641754005,-2.3427734296867753,1.1412585447683965,-0.974234519464959,0.8043113146551699,-0.2565980921561665,2.157733893292085,-0.481085723274821,-0.08425557119547775,0.0747961677188763,1.919896914735288,0.09625480424751363,-0.9665759331116358,0.1943849805809825,-0.8959636980425323,-1.1363644602980887
2020-04-21,-0.8120822047641524,3.6310042804390763,1.4221545028731564,-0.3882949083671221,-2.396562690804891,-0.20334818107627192,1.7100579407279033,-1.4568621561132031,-0.2702145020117979,2.1226904161232842,-1.328782914689409,0.1872801645569383,1.5966601747687579,2.5507802360397585,-0.577480202501035,-0.9737693862294581,-0.3941624208111775,-1.1363644602980887,-0.6586798979414165
2020-04-22,-0.6708428024021695,2.076572308295369,1.247917612202966,-0.3942815704384163,-2.4050707420356665,-1.0523079233891026,0.9801295488556266,1.7371781017884,-0.27065722537669257,-0.006109412632223308,-0.9019145292143387,0.8828048900358959,3.181545517481193,0.8093112053109537,-0.046725131360626435,-0.9718928447111308,0.8706424093657067,-0.6586798979414165,-0.8227195235164871
2020-04-23,0.6787035477497545,1.1692167364164028,-0.13268083143973303,-0.39375333254936684,-2.3812538537304695,0.28629163137587627,-0.9251966767759473,-1.0570406218329882,0.1190474494413055,1.1383515944932676,-0.4817376863450244,0.4752389259274892,2.9297087719451493,-0.3457075255888825,-0.07452404914123067,-0.8757999447155485,-0.23665891867396577,-0.8227195235164871,-0.48034349174353974
2020-04-24,0.24648443747964213,0.5319761893144017,-0.14333899374678138,-0.363122070836118,-2.391047236739998,0.6437945757442266,-1.69895254170403,0.3215303134146687,-0.772738421382116,2.9695740993285056,0.6052616852210316,1.0916096680478538,1.3864165093166145,-0.19901595501898467,-0.498919901235829,-1.1589253984600993,0.4684309586579132,-0.48034349174353974,-1.0138971420325327
2020-04-25,-0.8614250488088487,0.019125804092103377,-0.02298342581667545,-0.33887570772915754,-2.321909019464067,-0.8798895126719963,0.09551241873731445,0.24419364038579075,-1.1120561256939505,1.6200170807999403,0.7486745816270078,0.6075506356919969,1.3376819334705692,-0.42039482702292,-1.7113744305122371,-1.8265994687578242,-0.8884310698708221,-1.0138971420325327,-1.9130694000095863
2020-04-26,0.3069457354071068,-0.3938377197587024,-0.24398167513492558,-0.3469600078763146,-2.3132400938494277,-0.6635113428019732,3.91362190156105,-0.7399937281610547,-1.1344352669972015,0.16963250987805484,0.4508976463755707,0.9177081012175468,0.7604809601398888,-1.9169111108715948,-1.4090967918468869,-1.7797989943790915,-0.989631306575604,-1.9130694000095863,-1.5917928978703841
2020-04-27,0.629586981862762,-0.691737795502323,-0.6251176947895328,-0.3251284247105489,-2.1551816403630317,0.6304969705640713,-0.005184516028685037,1.1177510925858691,-1.625811478014895,-0.3781351312808425,0.2626768296572482,0.6499007893723884,-0.5390497232364893,-2.491783824083597,-2.3821256359533334,-1.842640080496422,-0.6081929099441038,-1.5917928978703841,-1.810098956828654
2020-04-28,-0.8446055187954291,-0.6661691205358634,-0.409498334469981,-0.2720013424331964,-1.9407587530482757,1.588769546608971,-1.7644576394655553,-0.6378999868565799,-1.1654928023575848,-0.907070443005686,0.20670178435321107,0.15451223463959202,-0.5994919868219876,-1.1972905208342346,-1.6488087826421929,-1.6821843059585133,-0.10787850249438921,-1.810098956828654,-1.9941594232522977
2020-04-29,0.08326941677933433,-0.44992026737170837,0.2280078450110835,-0.2118048273521655,-1.5989355854265213,-0.1873136488096411,-0.5737028838543565,-0.07741797802257472,-0.16371113550778502,-0.2333045753438666,-0.6865360428291367,-0.13814543661086945,-0.6771869719598693,-1.539096291226029,-1.2294176516033237,-1.7408544586666688,0.11368456308304932,-1.9941594232522977,-1.4521795418700296
2020-04-30,1.2046526633020553,-0.3589758115747363,0.05508053796993596,-0.13712763387270016,-1.2279779960218122,-1.2327745031002693,0.28554615888725826,0.7828472412544399,-0.0715603366783326,0.5318753510259084,-0.06857670067861008,-0.2503820105248529,-0.29288068421299357,0.41997227161162054,0.5366370413736642,-1.7580940513571701,0.3472850338010566,-1.4521795418700296,-1.3084478940916835
2020-05-01,-1.7694842807835685,-0.46070094443282805,0.13239200491338243,-0.018810958827417065,-0.7800207312741981,-0.5419429789607559,1.36790225188253,-1.430363203637904,0.20092491071900972,0.37589417149632115,-0.20219509417276446,1.2099822221317338,0.7828846530234176,1.2465803123990613,-0.16824446084634218,-1.736822014541654,0.5555776579102608,-1.3084478940916835,-0.07428353974278455
2020-05-02,0.5807334311211461,-0.818136954508236,0.9424708320554988,0.06744051580860533,-0.4102777734801553,0.3986929389505072,0.06991007445834835,1.6158776029570392,0.24128177960334862,-0.9734088495208978,-0.25741759319333135,-0.23941137083066283,0.4151033721821172,0.40409946653136974,0.6873491374679129,-1.6526861886300295,1.6945794876091052,-0.07428353974278455,-1.2290227010180292
2020-05-03,0.6080823523843186,-1.289382901066191,0.9127710493821343,0.13593187886699357,-0.03815075756411662,1.0338725351900004,0.6572922455400503,-1.2785678194754362,0.16546993388380862,-0.936812343891033,-0.18736939915225892,-1.3083705129888552,-0.6225965964951117,0.07118305979791446,-0.3932031657426551,-1.7182226015013822,-2.4525509965379757,-1.2290227010180292,-1.280299492486624
2020-05-04,-0.32305435666377774,-1.5655914038275418,-0.2812930194922686,0.19788638631910968,0.29796317196850597,0.4834129242730786,-1.0184053754812492,0.7716705027693519,-0.08132998167985223,-0.17543967279207187,-1.173786062716347,-1.7168205098611484,-0.9442876819679925,-0.15335555025159253,-0.7537035636754998,-1.7595665155522286,-0.2399317188363812,-1.280299492486624,-1.700274607841415
2020-05-05,-0.33124587454341764,-1.6272973239250885,-0.2861643363443378,0.22486984808151345,0.554369815985372,-0.5975273107971195,-0.9345913438264892,-0.05315461336401234,-0.4619951013587678,0.21963664232363303,-1.6491053737160153,-1.2466862625414608,-0.40005275790403905,-1.2301227169276778,-0.9978465341938992,-1.8348890607782635,-0.40014819815534575,-1.700274607841415,-0.9007259788119858
2020-05-06,-0.11814704379198743,-1.5925355654561377,-1.284354029224284,0.277017232133033,0.8358469050297328,-1.2776482337786015,1.2219968071896148,-0.6246221543928412,-0.7597976295458366,0.88096832697594,-1.3615677771941415,0.5412378867901242,-1.174047072620442,-0.3259852326115929,-0.2277932121246537,-1.7204105594297823,1.0272156750850825,-0.9007259788119858,-1.2869349709136673
2020-05-07,0.8296640501447473,-1.4614484328362494,-1.0504413567349713,0.2899742729047308,1.0391487676012225,-0.3668342750805917,0.14095412526854995,0.8227210255585319,-0.8903294901975839,1.626196615017196,-0.2273184193082358,-1.041137070803998,0.3080471861693101,0.3136205808496661,-0.42889040322998156,-1.6773874315829218,-0.7256598555214039,-1.2869349709136673,-2.0206716605045516
2020-05-08,-0.6210337375364865,-1.0957353773133964,-0.6924171313795994,0.32566900905677165,1.2573645816249952,1.509335330408743,0.0319055364447727,-0.780135073454711,-0.7917242721159934,1.117426093928046,1.15909145877247,0.541473170715848,-0.6934592501993901,-0.9190417588906135,0.03234338264458827,-1.353018009225408,-0.6331829083825701,-2.0206716605045516,-2.1128483670398333
2020-05-09,0.28017356713497715,-0.32602865942070425,0.40178952235866633,0.25225157082486077,1.4316950800102148,1.3190598051066997,0.11637824149901325,0.5426079728102773,-0.8236471323583018,2.173483141902515,-0.0018900853377366287,0.6088963056235822,-1.3657006956687812,-0.479260329977979,-2.273513147461507,-1.2882736615630141,0.011540630091889182,-2.1128483670398333,-2.225046391304131
2020-05-10,-0.34396059376064236,0.5783174500840108,1.2254344914562803,0.2762682477227341,1.6474225159155833,-0.5720658744287497,0.16776535631636,0.05734630125027264,-0.98018964206513,2.196512708213723,-0.012591995634498919,0.6321174028173763,-1.615364511189714,0.7598156886321195,-1.4155215482835377,-1.1840071112806798,-0.3331252843255648,-2.225046391304131,-1.879701086786627
2020-05-11,1.1072002249514035,1.1989843878579984,0.9772039239136064,0.3003754141791159,1.834360924415317,-2.384373182906063,-0.7532051094037631,-0.8573790756404678,-1.0748717802486554,1.329238217887737,0.14995883610455016,0.21227654159566342,-1.6141196604373458,0.8052412237561536,-1.9412784235474143,-1.2497477335547342,0.3874737700596241,-1.879701086786627,-1.356443569568493
2020-05-12,-2.046697167897659,1.4994137844929314,0.6148836924484327,0.34724172452636354,1.9789538297696492,-0.09845507280747952,0.04122478680387856,1.1869640986954144,0.06664731001266969,0.4192458565967659,0.9928419062499116,1.3584164860089498,-0.07165147820811353,0.30111707319855024,-0.941741682111354,-1.2163538508413425,0.009798506676938344,-1.356443569568493,-1.813063153854095
2020-05-13,1.492352721208592,1.5564268362636984,-1.1299269451356213,0.829980460821366,2.005214004289526,1.0270020278651082,0.5725357686971452,-1.3636164366294896,0.7103978442671076,0.8220557883479134,2.052173730775232,1.3760931865888488,0.04374857683068572,-0.2720185217511142,-0.11744108178647135,-1.3065035451349325,0.5282092676099805,-1.813063153854095,-1.021113917462758
2020-05-14,-0.5842509849514004,1.22426707683998,-2.454343138541896,0.8149930896354826,2.2986222681902295,0.2994912760596786,0.12595520361540788,1.2513367947223013,0.5266066678472212,2.0208362077566777,1.3075453993190354,1.619193712585033,-0.6139628319558516,-0.2913136723133067,-0.16653350785702709,-1.3397183517087152,2.28653641834671,-1.021113917462758,-1.180747830541665
2020-05-15,-0.5436813968482909,0.5572213932504896,-0.034634135303798226,0.802122981556666,2.455431595325278,0.24300510781998175,0.6860078947086531,-1.1134679696996304,0.3934762094305565,1.6507841150535143,-0.3425160911323548,0.07303709719897933,-0.5640697074681585,-0.9984615510295342,-0.15579663147753142,-1.4171083510252187,-0.69817303628988,-1.180747830541665,-1.2063622939476488
2020-05-16,0.43087967767331403,0.06352261337601679,1.3026638717319012,0.639543949904566,2.422800386426953,1.5341486545220917,-0.4037007155499785,0.7136881573443269,0.0009830259601747232,1.4483835662065472,-0.3920750338647826,-0.8244663829150534,-0.42786400461656504,-0.4764742846976017,-0.20092140500872724,-1.5856163688801368,0.5933441401885097,-1.2063622939476488,0.32265486647628955
2020-05-17,0.20008259543505044,-0.4056990654779655,1.4258684645225579,0.503833616970588,2.3679795390454634,0.4767144779419851,-0.3751257174214935,0.21179930235330605,-0.37326527065695436,0.7606137744624618,-1.2410917739313878,-0.42836920272394663,-0.729236913862371,-0.4769716280598967,-1.2447457853988695,-1.6528616140880787,2.8627956728442867,0.32265486647628955,-1.2311216776804859
2020-05-18,-0.15951904120613256,-0.6111208514044189,1.512035288544215,0.3634903638586917,2.2471881570486243,-1.8975525411941212,0.160594182804142,-0.9410119348330368,-0.9154279141908238,1.5336247698766516,-1.6729172585771317,-1.0846526334229984,-1.1501864902769547,0.4988182013947405,-1.436714312379656,-1.893763672549792,-1.8645251281133026,-1.2311216776804859,-0.9351846031074661
2020-05-19,0.012216757900983423,-0.5453598823058083,-0.15550480397719155,0.14232743922983396,2.009004561877712,-1.7686458969103473,-0.41031121664557313,1.452933489542486,-1.0721974184766483,0.9136742920680194,-0.20174765530206204,0.7918567599307001,-1.3865796606791116,0.8152345231984214,-0.771580256304036,-2.4090550939343025,0.230229500948242,-0.9351846031074661,-1.550015543450799
2020-05-20,-0.6255008311064244,-0.4129984762710876,-0.8650647051913621,-0.07705443117123839,1.7645167615605566,0.7296550914386036,0.8625513539531157,-1.874187902430236,-0.5772639396918169,0.29572306323168407,0.16390421868470537,0.6321006097522264,0.05480714928629605,1.4547437197283029,-0.9705960886319419,-2.514322069465603,-0.22858169156978375,-1.550015543450799,-1.5556756885907017
2020-05-21,1.8722212044688078,-0.28211205275046003,0.22854241157841226,-0.3332646417550383,1.4204580937155353,2.3746341637531745,-0.33065324770906396,1.970852852155121,-0.06367710438818701,-0.8417315043512841,0.25227753570999084,0.24647574391624602,-0.019427035374931706,-0.40561682338409455,-2.048956223733243,-2.885332016538193,-0.6719139922851977,-1.5556756885907017,-1.9507411541496413
2020-05-22,-1.809608129175792,-0.17098762250610958,-0.14604955577896717,-0.5668596228244102,1.1002094347341673,0.8528121192315414,-0.7926458935266061,-1.607699145745385,-0.25919386793561855,-0.233478846114605,-1.0805043082843637,-0.6525738910225837,-0.11617872705172193,-0.7029532113701106,-1.0679178749142069,-2.630404738247893,-0.22651424847081528,-1.9507411541496413,-2.1726771663826403
2020-05-23,0.7903991292504061,-0.11731486048684507,0.16462014935026784,-0.7225255610118124,0.8133233177989582,-1.7852825555525664,0.918334805637094,0.890690872777491,-0.9713201475519027,0.6188878481471474,-0.4095578276339453,-0.8318384951502883,-0.5586226147648429,0.02108214514248962,-0.5537916618636588,-2.071069017520697,0.19455043830394456,-2.1726771663826403,-1.5002945020775
2020-05-24,0.9031163341606737,-0.13213261377285318,-0.059881377277240605,-0.844243758935863,0.5319668088672501,-2.3525234450898513,0.33185167405101684,0.043030432073307985,-0.7695705916836626,1.2174183342443587,0.34233779163889105,-0.3176105656631381,-0.7337281966069467,0.2614032279037415,-0.6397174593378734,-1.6935607912017843,0.04630145465642022,-1.5002945020775,-2.0756000743478373
2020-05-25,-1.1877621487288725,-0.2339896399689017,-0.627624890758075,-0.9212728325561843,0.2587835780417088,1.1149445062580616,-0.9585593716991064,-1.0572280856392902,-0.40709818994175473,1.5481340669962689,-0.2397889119252724,-0.1049505970374113,-1.2563010839398479,1.124768813139116,-1.1751649090146974,-1.6157139386348482,-0.25358201991916357,-2.0756000743478373,-1.6469214693001961
2020-05-26,1.786214579072312,-0.31731305850929253,0.683707773616994,-0.99422713192564,0.03539570121899365,1.6015967556688555,0.25123855191188177,1.8366099758574985,-0.4291508151128439,0.7022463720240175,-0.07271015167195789,0.5863064211894045,-0.5282281037209736,0.05477373832598541,-0.626016579345167,-1.7971003537825174,0.05022484732817817,-1.6469214693001961,-1.973404472961835
2020-05-27,-2.2816843209346107,-0.38281990641472957,0.583165689077419,-1.0114069836650588,-0.2549310460031279,-0.6966526906675808,0.9060323646150186,-1.8203095349564562,-0.7534575383309583,0.0882515734667137,0.673538602171822,-0.031521435247668095,-0.7555943822705222,1.0699137515970945,-0.5963265716575573,-1.9527040658183332,-0.2657162053276111,-1.973404472961835,-0.9390153868392517
2020-05-28,0.47657885898763913,-0.3716343751181866,-1.0961016438047333,-1.014873546591065,-0.6190222845787106,-1.1764554782526002,-1.3531409897568065,0.8280670205810956,-0.7115558248873535,-0.7077550314605536,0.745053032266748,0.7149207489463428,-0.9936863888438929,2.5466313377580647,0.6559110451030579,-1.7340070265905307,0.6081992550614229,-0.9390153868392517,-0.9081108537687639
2020-05-29,0.8066609400433293,-0.1581266880554064,0.12016467059242424,-0.9821398300664876,-0.875619457257356,0.4827048908232791,0.3736169058967038,0.5108924988436446,-0.15035105223438766,0.10252881013985135,2.054703032469973,0.5607350092430512,0.41398862925724833,2.788232698720485,1.6502488779957285,-1.2819723263867169,0.4598936634871453,-0.9081108537687639,-1.0908617218754024
2020-05-30,-0.7675281810580308,0.0780742935103021,1.0078583205111362,-0.9322885838291105,-1.1536136088267679,1.2401818609018513,0.5291035610072119,-1.3381864550388411,0.10568842705556208,0.7404476165544472,-0.4923648723361417,2.9510405743720165,1.0165434537136528,2.3954702222221096,0.5223777845398448,-1.062425847922714,-0.15208956555952366,-1.0908617218754024,0.18405178485972104
2020-05-31,-0.04165677966678851,0.26801917147992044,-0.9931120342260464,-0.7911614809692117,-1.4948798918146375,-0.46933692359201873,0.02965395744405588,1.3641049741816953,0.03465059701868969,0.6691634477963225,0.3424343143222018,3.829175703529614,0.9097441297222145,-1.1108334555466985,3.2995551006685875,-0.45669910204794045,2.4331661749679827,0.18405178485972104,0.4730285925343956
2020-06-01,0.7445034943498279,0.38482096643276764,-1.3571423669727734,-0.7014606007399812,-1.6936288021487944,-0.8958462674324812,1.2295936417579731,-0.9620323650987048,0.4575353853882335,-0.39295692847435465,1.4470757581741769,0.978314473092763,0.09795784116142112,-1.5390003578566143,1.0443762943936499,-0.20054336739864445,0.37676248052515554,0.4730285925343956,2.5833310321154443
2020-06-02,-0.7626056363677257,0.4377258443927658,0.2222959083172469,-0.5263794626364231,-1.7753350867917204,0.24543942778929237,-2.7128590224160707,0.5299760382263005,0.7558531316631564,-1.2595661979337391,-0.36639906337807504,-0.15087501326417346,-2.180973694544755,1.41360032769544,0.29921139921635986,-0.024450478526169776,5.908772133481985,2.5833310321154443,0.3923846527921263
2020-06-03,0.417672347920239,0.35238573210806107,0.3156133908520441,-0.4390733084615668,-1.9012514142030013,0.30357288079808165,-1.3578104507896693,-0.33938987016841904,0.06623346185411848,-0.1307426397215222,-0.5003841179503875,-0.0863197114366008,-0.514062123638435,0.7820654747894483,-0.5924716991362537,0.12669019778392818,-3.5793896095436524,0.3923846527921263,-0.3315320329753213
2020-06-04,-0.5221794312164487,0.19647896047118946,-0.5116163698350678,-0.2906790436989506,-1.9378986183419284,-0.07548967905897386,1.5610242251029793,0.5202531583149153,-0.03472397780953889,1.708927934272142,0.8680590450461795,0.3376831643156284,-0.02458465318604121,-1.617014321666881,-0.9699011619802227,0.17299549165778236,-1.0034062161636637,-0.3315320329753213,-0.6899425550565893
2020-06-05,0.30143529264547325,-0.16704178721404303,1.226706134654794,-0.12012806557857018,-1.9240169696505016,0.47358597521857454,1.715701824800988,-0.7925706733631628,-0.4724736569145797,0.6326839366972787,0.20131442336232838,0.990252689665834,-0.2516930258436817,-0.7723878682638842,-1.3516689727623294,0.12030349343491775,-0.22497909488947215,-0.6899425550565893,-1.1200572621757148
2020-06-06,0.30410002049787693,-0.4225196551394804,0.8315332571366685,0.06870218565642489,-1.930441331102405,0.5125236026661637,-1.9225477027033706,0.8659687638875531,-1.0261993125250615,0.4230369387457526,-1.244977316447498,-0.6844234710782037,-1.1768689758137352,-0.16126043780985225,-0.7368074323969063,0.10448639982640512,-1.2248483293648424,-1.1200572621757148,-1.2242662290923927
2020-06-07,-0.4794504798274716,-0.4770952499067105,-1.4557836847060812,0.26041868139517915,-1.8056950569362273,-0.8048975076430126,-0.5070063351342562,-0.29364504917206763,-0.7330510751937528,0.27805670556896667,-0.4426499755233276,-1.4700183529191808,-0.7437999991213917,-0.4746074420865413,-0.39071381534625693,0.14832841279626535,0.22430209905528226,-1.2242662290923927,-0.6382836178704193
2020-06-08,-0.452621774652929,-0.4318319516563434,-0.11108621990675872,0.4696791808162489,-1.5919062711430232,-0.9382771842692937,2.1659012499998838,-1.0604879699148344,-0.1848169435647344,-0.5851975307476185,-0.5611344798887145,-0.3772024909967634,-1.6487605445752607,-0.40338137995285833,-0.38764400122471193,0.2716383474265777,0.9840427650384336,-0.6382836178704193,-0.5978668284606539
2020-06-09,1.1256632658964982,-0.24012369586603025,2.527351843275898,0.6601548089132331,-1.3617621919569627,0.6641393994562941,-1.0257203525335856,1.967703775656638,0.28581086483753443,-1.4047498468215733,-0.06497379624161835,-0.35665111653450576,0.48200854184172204,1.2703518813827857,-0.4886139349551966,0.3997753675614371,-0.1670513290777233,-0.5978668284606539,-0.7617412784469307
2020-06-10,-1.0663777299815553,0.00375425890808458,0.41317022171640455,0.8945259339439968,-1.1130750072651956,1.0087799340254562,-0.7014606321600306,-2.0744835190727304,0.5136269283118259,-1.2710223560513967,-1.9111911440171678,0.9351671878609255,2.1447441159015863,2.5045618601626205,-0.17524173044850028,0.27216951175230625,-0.07172631655780097,-0.7617412784469307,-0.1565119976927066
2020-06-11,0.4382717094514149,0.32787211409020395,-0.4699413676361021,1.0719794197666037,-0.7597737827063002,-0.029490673433515517,0.8306497829359637,1.5422139800835388,1.5178115667041296,-1.2208673529398564,1.9433943552244106,1.260612180723528,1.4456926678573365,0.8954426150871002,1.6594126765139172,0.12321628463658998,1.898689919628993,-0.1565119976927066,-0.20509649987849612
2020-06-12,0.1915491627849311,0.5872805538629395,-1.1753077570526025,1.1878928462116523,-0.49719571909699967,-1.107529962785873,-0.2168137007520211,-0.7470134137495883,2.1263391082451473,-1.04746245105743,1.455111693714414,0.34703687482059253,0.6476240982654933,0.9987355164817278,0.8288912411653327,0.16391486094350297,-0.12238917106637205,-0.20509649987849612,1.3070486501317342
2020-06-13,-0.8724017806256127,0.6960024847980684,-0.697850695783689,1.2664677596269467,-0.2651368170580141,-0.23088230767065857,-0.44534367844608647,0.11896943266760167,1.9540503722174833,-0.0930665959952525,0.227846981954533,1.247601541434748,0.8459693037732463,1.3173951975733402,0.9272315906832683,-0.18445887843686368,2.809207476987981,1.3070486501317342,0.3625895870423407
2020-06-14,1.0002485498047864,0.77333207203316,0.18016924733298165,1.3065047975941946,-0.10681800308628052,1.035901001960231,1.2396035637615186,0.2886450535703205,1.6617322295772814,0.039687881478459676,-0.27084617784544657,1.576229780490407,1.891296271739878,-0.9500781876392562,-0.7832363418665916,-0.6015911945403174,-2.271638147084929,0.3625895870423407,0.2798678185012053
2020-06-15,-0.6677069346855616,0.7282123673853678,0.173847707621986,1.1709725708872882,-0.16764297274717455,0.8468025158166324,0.6993716379972006,0.25056710538206567,0.5914993622817429,-0.12366907735581024,-0.27739898918765743,-1.100410672925364,0.9925610078101232,-1.0279386521480711,-0.3553435923995797,-0.6896589607356982,-0.37809321591213163,0.2798678185012053,0.12508628592459378
2020-06-16,0.13231885017870942,0.8287239444717137,-0.560623717465798,0.8915428306004981,-0.322513126088315,-0.5377566700493227,-2.7904217284336306,-0.9106149613678572,-0.18583675455941245,-0.19892595913624428,-0.34780508011579936,-0.8879871539118996,0.12817751207791706,-0.42815163296108893,-0.32794015043801056,-0.5603076311448119,-0.5210417394723085,0.12508628592459378,-0.062094298275202534
2020-06-17,0.21438041213384967,0.5861096992523591,-0.059234670228918124,0.6818968183758553,-0.3644309300251849,-0.4678115552099785,0.5413938938009316,0.962409520881627,0.108906936100798,0.1581342264030193,0.4922714199921861,1.2737625285465353,-0.7924091209756469,2.0794241749207747,0.3403927329572285,-0.3444271799761935,-0.3595645752807795,-0.062094298275202534,0.38391943417547314
2020-06-18,-0.36133999920337667,0.21108434708587062,0.21670633157422212,0.45547883780451526,-0.4431910332619424,0.20471772402878818,1.472601386645256,-0.23244662005868338,0.6307920496416469,-0.3914976266690183,0.7960587098652594,-0.8156094432398192,-1.1938139401002241,0.9166737834437483,1.899148767830997,0.125486705895223,0.6853445534352135,0.38391943417547314,0.2306515654483213
2020-06-19,0.32229103156117483,-0.18798589874905522,-0.25060637793075363,0.15462322216375088,-0.6756872373759746,0.10903077208384788,0.38647942754419834,-1.2130216005253014,0.3625563945655681,0.02313912576881203,-0.9809589688176658,-0.6807835386114557,1.3259509446459425,1.5654176151800314,-0.2494754787172834,0.3191796636174915,-0.007104983387105486,0.2306515654483213,0.43352651564220923
2020-06-20,-0.3857919745902072,-0.5039123535620691,-0.18076043174675496,-0.1285645112500578,-0.749930122926998,-0.3267414397937478,-0.5097273825280344,2.4968644505528226,0.3024847860800157,0.656477534116156,-0.3361398813217205,1.0256731341982208,1.888124402243162,0.507767853151738,1.5472108417507233,0.7442657286823949,0.09218819306323882,0.43352651564220923,-0.437405155533145
2020-06-21,0.5523823775115421,-0.8094738783096826,-0.008690076208841789,-0.5136264855790657,-0.7628600857054094,0.15971782936182444,-2.00066787194371,-1.73945539911416,-0.8587313573666779,0.2622696290495443,0.29975199568984684,0.1185220609744694,0.8165579339431724,1.6839597380998448,-0.011464890604653794,0.7327448236614231,-1.5673432322917655,-0.437405155533145,1.53456757680156
2020-06-22,-0.9764812804033214,-1.1011106836498372,0.05253847324475514,-0.8259000513295178,-0.812136294162392,0.5584254175084512,1.9526849914036213,0.5215228899625904,-1.2114413207725325,-0.6864700594017792,-0.0620102012557808,-0.4504974505010988,0.012956354596392161,-0.7469565643250944,-0.9198216983198152,0.6952189542357656,2.673884935081226,1.53456757680156,-0.05726214014036624
2020-06-23,1.2583008193042404,-1.3068329392434284,0.11151297875333224,-1.1046762552248608,-0.8478090466791426,0.021465523590674194,0.7354783759434014,0.5462773521637857,-1.2822922324896302,-0.6404982320792855,-1.182145607904367,-1.0861888177122023,-1.297810731526766,-0.7889105410074351,0.3711588968459836,0.7556614561623294,-1.1430710822761174,-0.05726214014036624,-0.463274866557798
2020-06-24,-0.18313910954106755,-1.3709666608048454,0.05733865703289557,-1.303161815093821,-0.8792630627269722,-0.4132667773225705,-1.5051127626163243,-1.3284281429657328,-0.9946299880699127,-0.4906080124416889,-0.4465443320520008,-0.5230642487808917,-1.2952196982721091,0.26142421859435216,0.9711392676921348,0.6902945788033766,-0.7293956847269853,-0.463274866557798,-0.6005502081592852
2020-06-25,-0.13176565682446367,-0.9924492090990785,1.0280535855114326,-1.4695396579049118,-0.8849188924332536,-0.1768919987876051,0.7365464547286594,1.4233269524980894,-0.11216187558089355,-0.534713446753679,0.17459471000424615,0.25635276959678927,-1.2991749890603195,-0.33096363503567633,-1.2597981028532037,0.3391357761908388,-0.18720833487644026,-0.6005502081592852,-0.7960632512933742
2020-06-26,-0.4721386761620026,-0.35663150441139,0.755531489667481,-1.5893616710704555,-0.8728135645487727,-0.11986311693318424,0.3321859043483883,-0.6745072944198082,-0.4032587840056174,-1.1884116005375875,-0.43184188879627555,0.6965825817717751,0.0525917104472941,-1.4780940849192339,-0.5105007658612433,-0.017063320742884067,-0.524747193735015,-0.7960632512933742,-1.0122610055033525
2020-06-27,1.165057798173457,0.17637436332437423,-0.6486613745985891,-1.7537497935959199,-0.773867185839407,0.11359016017222269,-0.44574584417089896,-0.1514429024525811,-1.268415571322484,-1.1042086731956606,0.8689034361636329,0.5040909334309278,-0.1397042852796133,-1.8739952120848777,0.3557919650265305,0.1727432446315251,0.16709400824124226,-1.0122610055033525,-1.0938374921668994
2020-06-28,-0.9077126961545894,0.5539787749865999,-0.4479507175774583,-1.7699549041335785,-0.7072585086665699,0.4713938113996639,0.0362306896997715,0.4979126442717438,-1.4987972962266671,-0.8779563644856598,1.3102353859427234,1.6166712655795077,-1.6065246414448588,-0.7046911341931387,-0.6055644296411654,0.11060548386034648,0.3291676002198903,-1.0938374921668994,-0.7872088370330765
2020-06-29,0.994584100329327,0.7709089743106269,-0.5962679930641693,-1.7666375181471647,-0.5157050188482445,0.21055287448052762,-0.4270551434399,-0.18768652506574246,-0.49503120656017835,-0.2659642392468854,0.835183051200333,0.511570338615161,-1.4452107970871788,-0.8336050891892042,1.4623314718670004,0.3479423728530009,0.36790541527804943,-0.7872088370330765,-0.6934263473374611
2020-06-30,-0.854508182768186,0.8263227698200846,-0.45484335095885575,-1.653794987575841,-0.36802975693791257,-0.40548101251752866,-0.5559553492071841,-0.9613076317858437,0.32244668203122556,-0.8699584221019415,-0.3353321285143564,0.4828901506716874,-0.05768945625109639,0.11710271371751427,1.37835497954331,0.46935463413165135,0.014076109315530787,-0.6934263473374611,-0.029652283675508137
2020-07-01,0.3353608945455808,0.6722749846730558,0.5069715875594489,-1.537028627123589,-0.26057020678120324,-0.3009478059494674,1.2593224252447306,2.6396436324741597,1.3500792765751677,-0.5874863672674142,-1.1913197686777415,0.7476313352144354,0.10881077788515964,1.0951750996202663,-0.9913839261801802,0.18392113753655995,1.1683246571081858,-0.029652283675508137,-0.8496292074510169
2020-07-02,-0.14941042246322886,0.27173383978306453,0.4709650509595822,-1.4947843002282455,-0.1903742734083305,-0.21449414673257505,0.4228190998118265,-3.1286367378200914,0.9086232411704777,-0.44426711253346596,-0.10161061873213699,0.5906173597791624,0.17862547591426436,-0.07616641298889944,0.4333674364979614,0.27174375079941243,-2.040550128819045,-0.8496292074510169,-0.5322736627868606
2020-07-03,0.4971113397552648,-0.3079888820323573,0.3274560561499807,-1.2795197869184098,-0.015988500694061176,0.026972820328556153,-0.22437057504342023,2.408455312581931,0.13770920503328335,0.09884750865441182,0.18943751571019074,1.1355059388929896,0.3689089745522214,-0.5788075043970832,1.3995365247940432,0.23492778552086668,0.9526427136636633,-0.5322736627868606,-0.12649227637601593
2020-07-04,0.05318599001978903,-0.7891238075055991,0.1440655002829929,-1.1282805777895983,0.05285719351678078,0.4245180640589766,-0.6787900156138937,-1.3308322187192734,-0.1310583048465617,0.21122763624678656,0.02707041256853441,0.8538412723012716,-0.3415342834300148,-0.07002729426141702,0.2021743502941969,0.2597510792933444,1.0500846996208466,-0.12649227637601593,-0.1724881348423446
2020-07-05,-1.6322677567768615,-1.26769461451568,-0.5443533917108524,-0.8274942786056,0.16137505280131648,0.8422777202268509,-2.6457234505627643,0.154653269627153,0.20826580042755988,-0.04535248182717881,1.2862327983740733,1.305318920794444,-0.1662470468064464,0.1313971084424876,1.1521126121935314,0.5171205875728889,-0.12249699379380499,-0.1724881348423446,0.7364398267451813
2020-07-06,1.9584510113246412,-1.5977644509231055,-0.016110463326561356,-0.48840512541525954,0.32425709081538356,-0.020128365976321345,1.2165258671187353,0.8593628560783095,1.144480808902864,-0.7592548559081431,0.9881531240393078,0.8388072783104414,-0.13634024712346687,-0.7858383947401846,-0.4010934842719866,0.43528725706037286,1.969198799371332,0.7364398267451813,-0.5081427408754791
2020-07-07,-0.25387113710347614,-1.390554885435585,0.016649875288860774,-0.12906118641502615,0.4775272181027043,-1.4363861765445038,1.6905694424305777,-1.56902631434705,0.45113595689017477,-1.520472046395528,-1.2224873867855859,-0.4193576020282195,0.8932446029557151,-0.1294836610976078,-1.1876268275790876,0.15923109938482757,-2.1962173733715984,-0.5081427408754791,-0.47001562274013053
2020-07-08,-1.3363878653205459,-0.8269102749534514,0.19745294871101401,0.20063665642384465,0.5676905307332337,-0.9609668263543955,-0.9292182683623633,2.0322880521847324,0.07059163455233844,-0.749123365957865,-1.8074631782009873,-1.0388598498466945,0.25835544084933615,-0.3584481145836997,0.07845372343327545,0.3433166630107553,0.4278212574652655,-0.47001562274013053,-0.19829847563198502
2020-07-09,-0.029353930675949158,-0.2051085541688042,0.3824620266184203,0.5753784181667305,0.6876411215002945,0.5277233405514438,-0.2460127129548045,-2.1485411162694033,0.7796358900523803,3.414379857096734,0.49205597843312243,0.23057247994467345,-0.4344009465993314,0.3132020726494179,1.8781158091445718,0.9255796188845862,0.8445746659746693,-0.19829847563198502,0.38349020006911216
2020-07-10,2.244847495300777,0.357574706228075,0.08493226626709323,0.7881777409838056,0.7815856659955845,1.5578878906425018,0.07229565311494686,2.0509615844804685,0.6144690917270897,0.26020916057249155,-0.17809015239413242,1.6279786444000282,-0.05965359655309974,1.2782172618794918,1.570054930027392,1.0681781540172055,1.5734681125640044,0.38349020006911216,0.2088538192516439
2020-07-11,-1.7226644557325446,0.7123902300746291,-0.46650217207883987,1.1228691186573152,0.8644286461602749,0.4716498502472119,-1.2999220465823564,-1.908311076420016,0.23844575683041397,-0.32729951676580094,-0.6734710515668347,0.6851976011983664,-0.5342986496037713,-1.4296007946481402,-0.30669747049982216,1.1571056120154612,-0.7862062851035405,0.2088538192516439,0.8729648273419867
2020-07-12,-0.6265368513164915,0.8629519392390362,-2.192210528182315,1.304298240787489,0.9350172077422662,-1.02149172481649,2.247026144713195,1.6514875707854735,0.7051759371029273,-0.6927666965822962,1.643103135667043,-0.044542044246307734,-0.26878484756364845,-0.37790104866493057,0.022979940917452046,0.8660904402892062,2.2074696132038154,0.8729648273419867,0.3294889138785984
2020-07-13,1.0273991149790203,0.7765841203152585,-0.6706388605362413,1.5514841741059964,0.9178665073006921,-0.9324655317547481,0.9697813428771688,-1.0440289317934695,1.306324299664536,-0.09529133907703208,0.27596313780046877,-1.404211640094311,-0.4325846049182902,0.4972238670131346,1.6834654595739853,0.9426823774940439,-2.5718407852413243,0.3294889138785984,0.1540390557924725
2020-07-14,-0.45028386737359805,0.6487691538092243,0.27142707391757376,1.7838111136687724,0.9351330285571134,0.1029022832897745,-1.7838406199443444,0.17749296073623366,-0.4710636623590253,-0.15977332581733883,-1.6141744001897744,0.10321527860264876,0.6187886009696416,0.20257073618921387,-0.26080548247840596,0.9498704050922903,-1.1235299935337892,0.1540390557924725,0.9513503654034339
2020-07-15,0.2612471301912985,0.42800080376393534,0.21793833489786282,1.8748710378585518,0.9223671476197449,0.8839667729497229,0.3208110220830092,0.6664866676954672,-1.0329829403794186,-0.5219240047110614,-1.0971869179885685,-0.5133745912787394,0.6803357736909819,-0.5171330017394955,-0.30106247166060074,0.8687671768497176,2.2044971222988092,0.9513503654034339,-0.21493483286206444
2020-07-16,-0.6925577427752172,0.319875309411902,0.78480383800961,1.4001689805957127,1.2926967282240003,0.1799485506642416,-0.3470587615068646,-1.2103198639852855,0.16605098262931448,-1.3118807742306071,-1.109517682014228,-0.4763268193012898,-0.3375649619280518,-1.039970669495357,-0.29331466721590294,0.6082387087579292,-2.179398836728907,-0.21493483286206444,-0.241946634350707
2020-07-17,0.159581105751661,0.3519450622281495,1.3650816737699156,1.2408946065087545,1.2102263446261752,-0.06583570565369827,-0.15501574080280844,1.2829621751096236,1.158999086283212,-0.011561373664947357,-1.9513151852808455,-1.9817977662880648,-0.7769229723086444,0.49242489328976496,-1.2215882460750247,0.4041330692605577,-0.24278653651239135,-0.241946634350707,-0.0788484445203702
2020-07-18,0.596591582915031,0.4182473007105704,1.776623253668202,1.1208554451845405,1.1164952948757723,0.1876502009057771,1.9980751114289623,-0.8728934479144632,0.5062933803628925,0.23202429221011234,-1.2114600168842815,-2.3405822140369508,0.5899460304583507,0.8007710400022522,-0.24545170112220707,0.1330418418010615,0.6806828793451847,-0.0788484445203702,-0.3611733908318418
2020-07-19,-0.02065143821838324,0.6078341256601459,1.9357678552557143,0.7417131647266028,0.9007376984547285,-0.009242353411674212,-0.23779536483403782,0.27680631219937796,0.20553164609774666,-0.46022426833864427,-2.577800264687453,-0.8662961844795515,0.4362415942531343,0.3632386312638937,0.3343995653400626,0.24513495793547646,-0.24134606075166526,-0.3611733908318418,-0.25234192747803413
2020-07-20,-1.600701602512636,0.6327690041453787,0.3590062443053268,0.4028141250729691,0.7812926284153217,-0.5193581757307346,-1.5510002035058625,0.13924148488646695,0.5024711303875666,0.13895196143927738,-0.9348327973148776,-0.2269334130791627,0.18231297528571944,-0.16033549773009492,-0.29733387502568326,0.3736689459243802,0.04082114219096524,-0.25234192747803413,-0.27673717098347417
2020-07-21,1.2489795134087414,0.698814846789498,-0.4064872328626599,0.1446016199446101,0.6570469689944306,0.06332625503075523,0.057386964466370184,-0.2410253583400565,0.10472761680262457,1.194966225441501,0.18490356890997559,0.1966511446252201,0.8286690643682681,-0.4604774075340043,-0.7813149252824425,0.2884880771139034,0.0772260906349412,-0.27673717098347417,-0.27420066669642446
2020-07-22,0.23878325905815737,0.5417069296897459,-1.1491146721774546,-0.14327940883695542,0.5349970865227875,0.8143737506303476,0.58124977559211,0.18305641814300092,0.12897165561072813,0.48655212527969327,1.1528095495113657,1.0844444063266099,0.051096660151913935,0.15808442628001085,0.8277052025123841,0.08152887176426521,0.1690552850401874,-0.27420066669642446,0.20961052629335977
2020-07-23,-0.22950664052670552,0.09865814642915155,-0.9634098356652372,-0.40338762729990163,0.40499055753887114,-0.08385695779370632,-0.3098932717718913,-0.20817923932687252,0.49934392347032835,0.1279342733782776,0.42766426066541907,1.679069613167797,-0.6080337754519446,1.2062568337442958,0.949586843648026,0.009039441313111504,0.9712795903631666,0.20961052629335977,-0.16821965805309405
2020-07-24,-0.8936706245409682,-0.5819906788627134,-1.2317829365554251,-0.6410020598080125,0.2690082157892835,-1.0599154230063819,-0.062417649896473665,0.6201933716764713,0.7612364053982291,0.3865060589034608,1.1510011043964055,1.7246565877378675,-0.34248803990244764,1.0728656308903899,1.9318923722730201,0.2636465776725076,-0.6948447521059148,-0.16821965805309405,0.359648741190886
2020-07-25,0.4236544997062094,-1.1626268939510416,-0.6115376778068115,-0.8425101550051284,0.12631373300125548,-0.25803124565033325,1.4284035113266245,-1.3286825316620545,1.037815009312621,2.2125172301671245,1.4662077178063275,2.1297877759788504,0.6896352735764627,0.16604527500292093,5.068319549200567,0.7488832607214782,1.5987174166593743,0.359648741190886,1.2682237123358204
2020-07-26,1.1627989931075562,-1.3306670979665387,-0.8009632181033931,-1.0003797231160472,-0.02177724248675996,1.18006418975515,-0.5706775615573436,1.7593033607528932,0.35775142283787464,1.895676693984975,0.1522906995771482,0.8439698767829692,0.13144584989727257,1.5664941292891326,1.69518264433414,0.6377052727173529,1.6674991916696589,1.2682237123358204,2.184470640063
2020-07-27,-2.0840337744415205,-1.285339105836502,-1.6971220404725043,-1.1613782536284982,-0.17607165047365908,0.771563417107677,-0.07246343922355043,-1.755887197603387,-0.7339275033477226,0.5907747036620824,-0.19319202325730178,-0.09779933370516418,-1.0363186576103198,0.8417311663481044,0.35495503250515004,0.6930112272153613,2.3623706674573173,2.184470640063,2.040712661685972
2020-07-28,1.7247290068462335,-0.8827532409670681,-0.7868920980274612,-1.2921899047357919,-0.33439838421985163,-0.7976517586737158,-0.26530798500761477,1.2281257598000397,-0.40843540358761204,-1.560132875569645,-0.015491156797526797,-0.457258264445823,-1.0525422291289033,0.07971043061703105,0.3953503503533872,0.7671351852768374,1.5017062094619573,2.040712661685972,0.520346307322376
2020-07-29,-0.997202767762186,-0.48158686921375077,0.9682044514275656,-1.4023520595441228,-0.5229135567594663,-0.9703590697545379,-0.4703770756857458,-0.3087943510043014,0.3951191049231822,-3.352876971399175,0.25142831314871095,-0.018997779386789513,-1.1686315423537776,1.0755928349921096,-0.03767510533702455,0.886182326824055,-4.200334766883472,0.520346307322376,-0.002201124994701229
2020-07-30,-0.1736453375301256,-0.15632505312707,0.6985388953631411,-1.4512700562665761,-0.6823366963112442,0.2668482803580221,1.4857574918051022,-0.657777868057765,0.3167006956584509,-2.7900568324761355,-0.2574754184045984,-1.251590054612375,0.758488610914661,-0.36984800377315785,-0.6202745775047563,1.018436366262658,-1.0804398476718289,-0.002201124994701229,0.009279907944022487
2020-07-31,2.08720583123351,0.16062987250794614,1.2423990093533201,-1.314986072518393,-0.9758654445895639,0.4334513093425755,-1.049522307985988,1.330614882461917,3.533872730465469,1.4897075916001155,-0.8973426140176258,-2.370911361636984,1.610562540019361,-1.5225274491160719,1.1294261409488675,1.3315875481670836,0.03126113122573145,0.009279907944022487,-0.3158163488924196
2020-08-01,-3.2179396328149488,0.37287598228272334,1.7421365147878087,-1.2533646027910594,-1.0646892999472364,-0.21119224124029462,-0.06698039582307566,-1.5219685370107192,3.6680124160572767,3.3325152609267303,-1.07429105827012,-1.4722121645615112,0.33777465445252525,1.3813746354331073,0.16627188307083723,1.3382500977506955,-0.7576749772226684,-0.3158163488924196,-0.1484129889404154
2020-08-02,1.6777845965391502,0.5998777623805144,0.8935007392048111,-1.1554614707276523,-1.1662750527318517,-0.2746610721949149,0.6336957842440554,1.2470378879157433,1.7236804253576052,0.30023292283289593,-0.11039198713308045,-0.3439310384521348,-1.562276457094388,2.0731398481611216,0.22912860345254235,1.4575974140728714,0.48178134860603977,-0.1484129889404154,-0.6293846360161183
2020-08-03,-0.4833826217817795,0.5217265073944124,0.9145616740570381,-1.0235067647243457,-1.1727453520256783,0.3661380630674641,-0.10302515209054255,-0.8902498481866535,1.2318075096141416,0.09213314180769779,-0.09488198030854589,-0.8864645023648154,1.0591508282094824,2.0504307763015137,-1.4385969997923962,1.304978833019137,-0.9695588210954589,-0.6293846360161183,-0.7973082720210766
2020-08-04,0.3304478378449596,0.569452894083669,0.23873444298831464,-0.8967322442497856,-1.2149118497702611,1.0619881550850963,0.2601283381658911,0.8327263991558649,0.9854697893056884,1.444785496687007,-0.7716552621911109,0.10347253863865905,2.952994054230434,3.3794957723469614,-0.9620304274775725,0.8710308554488897,-0.17753534659568873,-0.7973082720210766,-0.7294860105964731
2020-08-05,0.030379910518752815,0.7049875446253927,-0.4206891425815436,-0.7450848638956651,-0.9799302879974576,-0.07575400697971517,-1.5288841179971484,-0.9690227210306607,0.29490833157664226,1.5429595042187356,-0.05418214774102687,0.6280480546665596,1.4035854833935792,2.843486885866738,0.10240673828497465,0.7299575767919447,-0.32033078248460295,-0.7294860105964731,-0.9850269286837013
2020-08-06,-0.764549467983824,0.9030699669913296,-0.8458917163366774,-0.5644783192859064,-0.8530004138420819,-1.574123946533468,-0.7165531866044337,0.7574880760122489,-1.0045064538619777,0.2434374992896404,-0.1263415549836619,1.4662637821091549,1.020871679359781,2.9416667395896687,0.2748307943271187,0.5742301264345872,0.17094774257603737,-0.9850269286837013,-0.6625477784697443
2020-08-07,1.3298889847234898,1.141125852501884,-1.601751742369536,-0.4370780205932316,-0.8660179651171878,-1.087554698959458,1.897744140783691,-0.3205382299575833,-0.7284631033426978,0.1883817130517183,0.329709511635187,0.8288924518498669,0.6345734988914676,1.7777080026405812,0.17378170547056593,0.16169140372641344,0.6045165863897027,-0.6625477784697443,-0.20300910674151781
2020-08-08,-1.0909953396782819,1.2687139016646234,-1.8704590501022422,-0.3027999244652406,-0.8770076563189332,1.1508752664553719,1.4206357687841007,-0.004936329998677077,-0.8015967936053432,-0.3094419854093955,0.22837736717562715,-1.680988324981935,0.3213970147796459,1.0347029023107075,0.6245814591503293,0.09830729395565672,0.7524742862794309,-0.20300910674151781,-0.31965340690723854
2020-08-09,0.049623945301649534,1.3643512587738649,-0.12370829098525603,-0.1251106046758958,-0.8665164758221018,1.811153399219722,-1.4179446935427609,0.10575863197503534,-1.6633394200175722,-0.7964297164292435,-0.9625013971341287,-1.1658072442750156,-0.27487671099121114,1.2723978652054722,-0.16942501134380533,0.027967031628956824,-0.31085975566982077,-0.31965340690723854,-0.7909142490480331
2020-08-10,0.04315902489452961,1.0070995257161124,0.9197206507650685,0.01293087091221508,-0.8556854349525308,-0.1986882343228738,-1.7940279387626397,0.005640606603849464,-2.77634209665463,-0.2524198716846086,-0.8295925811687996,0.5402770544840143,-0.7786363475082754,0.6702091414430406,-0.44329268012292106,-0.10712542933880473,-0.5746134391944798,-0.7909142490480331,-0.6840582199520406
2020-08-11,0.04798707151348465,0.17879043313030357,0.887688982096659,0.3014674363519876,-0.7364421361988969,-1.2931529396963506,0.737480707117087,-0.27849814866790107,-1.8955478750150214,-0.6505553092140238,1.0637611126262483,1.2558705165519906,0.5562918537917595,0.7164236464458965,-0.37880445439232974,-0.14267628094773183,0.20089403216161947,-0.6840582199520406,0.2187411402450566
2020-08-12,-0.3704885145619886,-0.5322000932673145,0.4051675971528487,0.4223416986755686,-0.6743795901848193,-0.18682050335838235,2.2645320742660804,0.6579532459854908,0.017226758355009864,-0.6939256033955424,0.27868977803863176,-0.26339429179435825,0.20714311788665707,0.22422361987972303,0.5164509592448565,0.05947680458024237,1.6672608141496899,0.2187411402450566,0.35329798908561166
2020-08-13,0.5214639490367862,-1.0870442432219,0.7475405607648012,0.53608924850653,-0.49888073856480003,0.39368851185777826,-0.6930158608363955,-0.8028910776946925,-0.9179488504797689,-1.2718139252332707,0.7609867867578322,0.7247423622339055,1.2084103064222118,-0.8090503680527877,0.7978975281763464,-0.05275745966952674,0.28006838839585807,0.35329798908561166,-0.09476271794843151
2020-08-14,0.05299722960473627,-1.426118022668833,0.2451849909036784,0.5872281805093674,-0.35836994204669653,-0.4292969582577388,-1.6536868486221472,0.27112132061960026,-1.9049537082576367,-0.5398292984396236,0.10544600261338569,2.3708281822187214,0.6120222935280848,-1.5910801226611957,0.4215664669039906,-0.023142896351805164,-1.3851667913565227,-0.09476271794843151,-0.444603645570171
2020-08-15,-0.9848905598062987,-1.6213966622520746,-0.5311054893465653,0.6032791750859356,-0.28304462308762984,-0.40938628397531673,0.9659541612637067,0.13288504381980476,-1.0781724167880766,-0.5290875134094453,1.5708333238492855,3.371614939938769,-0.4993072909257885,0.14296896837668555,-0.760515538614649,-0.18346400466447643,-0.9537660294244604,-0.444603645570171,-0.32467844525754447
2020-08-16,1.4716504619762234,-1.69659752274376,-0.04873230898006897,0.5528960773271051,-0.20512016402449404,1.0178510463359527,0.4722176138195285,-0.34456475802645764,0.3501170551211643,-0.5271337527644143,1.3939126811106939,2.88680887719605,-1.5390910504848425,0.33808991309612435,0.49398879138866286,0.04228059770828374,0.3636744067954736,-0.32467844525754447,-0.32032350728835224
2020-08-17,-1.5777918514122842,-1.372620758732684,0.17645674521112484,-0.752369539952199,-1.9498460395039199,1.083302819880316,-0.06417984383486101,0.1512100273019905,1.142251272391908,-0.38414841325119736,0.29617428255240175,-0.33082548533957595,-1.3484889800628188,-0.7677269132684033,1.4153466742585994,0.3781049764612362,0.10934571209353525,-0.32032350728835224,0.61841833813618
2020-08-18,1.8200186119309962,-0.8659260652854547,-0.3714795764019094,-0.617516603817701,-1.8507835688091807,0.27836875216750895,0.900972478738601,-0.0975514825895347,1.279774431407301,-0.8539061608215972,0.1559953298643034,-0.2698876802416524,-0.718439687283365,0.09674096565396613,0.88472870297546,0.46030633055542874,2.465402822618296,0.61841833813618,-0.48307380324934607
2020-08-19,-0.8035042471603773,-0.812233846985565,0.10812535567283034,-0.497828049568791,-1.7662162032856576,-1.7472185401408125,-0.22682296210680541,0.21255900094714206,0.8839686141679377,-1.0030481535901363,-0.16139520315639677,1.0799256708962557,-0.2560841559478846,-0.41303359004071666,0.12629635189248728,0.43073239367788746,-1.741795106952666,-0.48307380324934607,-0.22267196632903818
2020-08-20,-1.0433774084046192,-1.1107913727455994,1.3499512360723798,-0.3558010753074359,-1.6469289539528926,-1.6393283479737961,-0.9805327825961169,-0.41739188234420427,0.2859018254613945,1.5496996871631725,0.970306776246414,2.3371661630682063,0.6387610663446901,0.13476910754891772,2.0202340968056194,0.65768353201211,0.7570842556220749,-0.22267196632903818,0.5664860655741273
2020-08-21,2.9472608760740275,-1.4010197226313352,-1.1529100790213065,-0.21949316232017932,-1.492641590606434,0.5848822973535778,-0.21215574048823652,0.4937522145409437,0.6520919643364211,1.4136543734314448,1.08662468041123,2.6087263239155347,-0.36248649240370995,0.4254606206846517,0.322680133582423,0.6053198209449773,1.1877521103426656,0.5664860655741273,0.0519191738410848
2020-08-22,-1.6020039112230666,-1.5469666877682506,-2.91368314247712,-0.10366225384195187,-1.222854248240692,1.8317849441295682,-0.20553470973467142,-0.33243268243752494,1.0876953796115474,0.13355779524829642,0.5567709398931481,0.8819970156237029,-2.0755050066662912,-0.4852061268867658,0.412656231761969,0.6728707835243919,-1.157818797372245,0.0519191738410848,0.31133163166967265
2020-08-23,-0.5218973333407636,-1.425687615594729,-1.0798409562754279,0.029929759767067934,-1.0151412908863178,1.210694650915314,0.8773206228700863,-0.1027210949497918,1.5715813489021853,1.3655543553459912,0.6448391395830568,-0.6652582975905653,-1.517914104399246,-0.48189353655398326,0.8187231509329359,0.865097632962777,0.5419591979283026,0.31133163166967265,0.8665915807539466
2020-08-24,0.9918465052301155,-0.7620446184522152,0.5835942270867817,0.12341347830934743,-0.8152855242732784,-0.4586278116265268,1.4316038119677332,0.39972542925130294,1.369543491725944,2.2384032103721876,-0.13041587684523442,-0.5312026175068525,-1.7736613139559982,0.2034227532177137,2.3024779604875514,1.1373902282737955,0.8896727595097208,0.8665915807539466,0.2805853501048753
2020-08-25,0.6554133870375298,0.5512621659756637,1.35427414638141,0.27502027818273156,-0.5574551715694532,-0.9497488869609173,-0.7758534192380386,-0.6391872664110925,-0.0025566462259086153,0.02942100913851445,0.1405791227719221,-0.40691039515159927,-0.25434920970968944,2.0452862641808025,0.05684852795981906,1.0610134875767727,-1.2042668597795971,0.2805853501048753,2.203209314246149
2020-08-26,-1.1179444048049394,2.0499797348636966,1.1436476224546739,0.42596022711856335,-0.26342122714632604,-1.0100177932193293,-1.1205136504057176,1.0134070356081173,-0.6230158790529072,0.9824546466535476,1.0335093965688857,1.3968992143733694,0.6335440154746997,0.7368861823656885,0.6675942132431126,1.0666857160470513,3.127040835770907,2.203209314246149,0.423324551853483
2020-08-27,-0.5204074190572966,3.0305892012953732,0.4691598276616702,0.5539721081194025,0.01869317382428595,-0.28460084495671095,0.13643503773117102,-1.8035863306387099,-0.6039662562621634,0.37555657504637746,1.4205716096732566,1.1483338837142307,0.20469133289386313,-0.9340216825302624,-0.1006756232656834,1.0768233084097953,-2.191202473461426,0.423324551853483,0.7935326836017068
2020-08-28,1.1333672033370366,3.435494577256793,1.0497937761631801,0.6975470094880205,0.3938188400822602,0.9235501086755884,-0.29858073219542314,2.834600914486988,-0.7332528643463083,-1.3174666911271251,-0.12035278628634692,-0.42596557538303226,-0.2803924787691042,-0.566376755290087,-0.4944165595574058,1.2169155816700021,0.8167533576336244,0.7935326836017068,-0.15118320979406807
2020-08-29,0.6551590148767263,3.26774574396085,0.23552529139317785,0.8268632688332923,0.7722146733060674,1.4064348793967616,1.1110359360711832,-2.9189699800486726,-1.0507503644273335,-1.7228173923168792,-0.36924725573254574,-0.2559833393935213,1.2870397441111088,-0.2676877506273977,-1.3270026769886727,1.0369913776502793,-1.0994637497662734,-0.15118320979406807,-0.3818090192591618
2020-08-30,-2.1220644592788602,2.6947202671935258,-1.5196588635156936,0.8634673577737183,1.1330820902274517,-0.2484793140102733,0.5235028330650195,2.0836723958411647,-0.5075260505313693,-1.4307684769919744,-0.2125573500959271,0.26487680217204596,0.1645392621561535,-0.7123363240754542,-0.8228101100678339,0.7119689544621131,-0.15928949188986127,-0.3818090192591618,-0.8790138762137584
2020-08-31,1.250463004633055,1.5411337939180059,-1.05084725376807,0.9596591344178924,1.4482015958341665,-1.4740811464257664,-1.0524073708999129,-1.3544504576027914,0.9186063555527185,-2.323845462927075,0.0339565665866783,-0.5084199869346254,1.2137000559919962,-0.7338259765972803,-0.5420664420286496,0.5164688240157177,-0.5429786556495187,-0.8790138762137584,-0.8427491851001503
2020-09-01,0.9487956698874052,0.03752103975090544,0.46024747819266104,1.0323595607879037,1.7450301170154092,-0.3814406475932318,0.2753992592668056,0.5709161274646626,0.897738321935056,-0.9561163323840004,-2.5940956680908225,-0.680896311593224,5.288728280872284,-0.6928801728127382,-0.24447385502584887,0.480538904534759,-0.16812166052044783,-0.8427491851001503,-0.7140862852607187
2020-09-02,-1.783263252811506,-1.2970352516309787,0.4426889420798687,1.0758901880157412,1.9640839721994388,1.0777807103125263,-0.6350514974773753,0.35411856946627424,0.7835319177875293,0.7042259663843872,-1.0547024246823917,-0.8266583088174805,3.626529982318273,0.7718823138985063,0.9040425618602097,0.3083413104668954,0.029561211683599292,-0.7140862852607187,-0.12199760135749721
2020-09-03,0.438313561917205,-2.2420089701524555,-1.1615895974428412,1.108521196995028,2.13460318833561,0.9129374865155319,-0.14978285403615102,-1.181695710553039,0.38757189874590187,0.21867953251882297,0.022730549054734477,-0.061283346587607035,0.06024349922304886,2.6500927272667893,7.9791585101726445,1.2891934789573682,1.8247464291246935,-0.12199760135749721,-0.1208584382039975
2020-09-04,0.6719600179736404,-2.7289310121629167,0.2216891901244742,1.0504537796590319,2.385073884733002,-0.9085969442571987,0.30742314302668977,1.1295559741090242,0.10273891160495936,0.5427643496589446,-0.08074035691862183,0.8581434769652883,-1.434309151693705,2.1308320199195427,0.43404281701326775,1.1889586414669036,0.018653509616315216,-0.1208584382039975,-0.4929193403518907
2020-09-05,-0.7741580566102969,-2.6070090205879946,1.2721572836454496,1.0662335934972467,2.470098418858219,-1.415591719705336,1.2980575987254923,-0.21760310472038566,-0.22779712143773845,0.2522269350699051,0.6081794500035744,0.0636765287235918,-0.5282320421524044,1.7972332860385278,-0.0645145709739624,1.0992914378467078,-0.8755822313448275,-0.4929193403518907,-0.6098598739821135
2020-09-06,1.1833791160775453,-1.8909541930101241,0.8367089845017656,1.1346455505723054,2.5670230689943287,0.14018999218787154,0.0705849894291727,-0.6649668092132497,-0.5149656799311952,0.1299245460689928,1.2144508538237657,-0.17490279856447807,-0.8125921003112063,1.2488204031599737,0.01145057757269365,0.7886095936079403,-0.06502794440901566,-0.6098598739821135,0.09809401309865338
2020-09-07,-1.936207992078916,-0.9815570896900409,0.7371763192097557,0.8014758508256051,2.7707335501680452,1.5843815222555604,-0.9601375697792162,0.8770580045428813,0.3265758617868009,1.280188438581905,0.6741813787147736,0.8937500143148431,-1.4251672000663376,0.6415316572517678,0.36224573225236756,0.8421113060404144,1.348705283411244,0.09809401309865338,-0.2637440083600367
2020-09-08,0.8453126494301135,-0.18879881815503446,-0.20497150975622952,0.6063086056695782,2.7697250534330555,0.9530540126106021,-0.6518094710940258,-0.19556666773255774,1.1591176570971882,0.4663747169526713,3.242070916663795,1.52313659725157,0.36688351886758436,0.012893777113016543,0.39954752012285905,0.839366201176488,-0.7085286310551394,-0.2637440083600367,1.193644241774047
2020-09-09,0.3337319413044052,0.3029931848796787,-1.9478523642599839,0.41658625570518704,2.6484086537363187,-1.061434845718147,-0.11527181327095487,-0.8109037841658889,1.2325122013687895,0.04948715673562717,1.9267448914572944,1.7748671034060726,0.9472190012297698,0.2675186627304388,2.6367397682508256,1.3732326885039117,4.002251597289151,1.193644241774047,-0.0004246338084264149
2020-09-10,-1.3490958476259802,0.515583324662192,-0.973919274042985,0.26507181988124023,2.3632966662424737,-1.4819552613684666,2.144750869055172,1.3450109760370936,1.1344225931847982,-0.31813092838802287,0.4409256820075488,-0.5258421569491752,0.7293425926055562,1.0959899958649821,-1.5294417186879476,1.3150905996728999,-1.7002656035057475,-0.0004246338084264149,-0.25392924876105466
2020-09-11,0.5741791523850381,0.489287937770089,0.18889363561749312,0.10766247666762829,2.0029972386178048,0.5312191875467405,0.48565812864401825,-1.3114548818778422,0.5959333932421164,-0.4488533908952128,-1.7465082398821046,-1.4610010377447056,0.2669323075536017,1.2626405435298207,0.2254575773176969,1.4777450566326995,-0.5513861819544364,-0.25392924876105466,-0.4053241265908765
2020-09-12,0.11294973130728418,0.23894535651728926,0.3103695815412337,-0.03043192865809567,1.557674807625435,1.3311871969457223,-1.3466466152483911,0.8612612213529063,0.48997865169584104,-0.21686590269732686,-2.403659224131485,-0.6796435532591366,0.6012855315687001,1.212413399268984,-0.3822933636698766,1.584123871767123,-0.25181033253893603,-0.4053241265908765,-0.16220734877949336
2020-09-13,-0.11833381884096993,-0.11979477998368475,0.9703532642344097,-0.1564400660364119,1.1287128247216076,-0.3117635679666422,-2.1612227227272536,-0.08261420998370045,0.9284526119494249,0.04577648003932663,-0.7689190214522612,0.6316917637619729,0.3318904116205006,0.42961937767975134,0.27058425671982367,1.718282023447499,0.21746026935046162,-0.16220734877949336,-0.20289949389504744
2020-09-14,-0.2526817668862164,-0.33089647094462804,0.8694895818685895,-0.3244619784520435,0.6180855471906718,-1.1558495563762623,0.9284668801237581,-0.8745678421764314,0.6348251317769593,0.5392116583531811,0.08414000513002867,0.18977801974257097,0.5205099928329474,0.4482959344200573,-0.028858587747016735,1.7085066964595013,-0.18892181796932053,-0.20289949389504744,-0.5893677270744951
2020-09-15,0.8482307113170618,-0.34529819675594037,-1.3610755479932524,-0.5185838054375234,0.30489008583056537,0.30331507177584255,1.9966906084558778,1.669880535018788,0.5264211462604641,0.14812212571158614,0.43318405108910724,-0.31915998276460233,-0.3554481624312428,0.5089937433703954,-1.2670575038686431,1.1995786950668101,-0.2274673365664869,-0.5893677270744951,-1.069496389609944
2020-09-16,-1.2568046504839043,-0.24127677103501394,-1.4388863355035737,-0.6096356530974464,0.0417539306607259,0.9960523366040089,-0.8886785097724992,-1.963463627350032,0.41364960624220487,0.27479777512586223,-0.10675390079794936,-1.2563919516306532,-1.2177161496679771,0.5208579046051901,-1.057261821661584,0.05110001325755875,-0.5010552966069387,-1.069496389609944,0.07212572425744189
2020-09-17,0.8920840097861801,-0.021723368326222087,0.14070689752795976,-0.6727668843431538,-0.18668616432583032,-0.1630142604069303,-0.9705243835916424,1.5566163335181908,0.4585096712789417,0.07730046261325879,0.836833031681023,-0.04402663488709885,-0.07579590105655024,-0.7227570900918248,0.950184196852141,0.10511635130048579,1.563488613794187,0.07212572425744189,0.6799372443929084
2020-09-18,0.5026440432767141,0.28754571034400006,0.8326266426974871,-0.4623049122632743,0.8670305436857584,-0.9116477695069789,0.014628026608986102,-1.4228446991488963,0.024945523332461517,-1.1008873975184879,0.22122300136741643,0.686901345796425,1.344781307761679,-1.408088475025653,0.9582520817347767,0.2338405411256561,1.6252257745688556,0.6799372443929084,0.8522249732484847
2020-09-19,-0.5841150731405008,0.6508135070764302,0.8708821446239128,-0.5286082476922074,0.7060559542578735,0.0147603625719885,0.592386442847952,0.8626452708756133,0.33009373685352794,-1.6641842850158954,-0.0018523236817968923,-0.9035966487322954,4.2050732345010555,1.0376835240264746,1.6507284584089832,0.5500251035873234,0.6146965164989158,0.8522249732484847,1.6851913837656354
2020-09-20,-0.30757891768123946,0.4999149593788598,0.17004385294631655,-0.6960317696659212,0.5174733620114327,-0.689762389104788,0.2587850968929668,-0.2994294070140919,0.7810942156350116,-1.1871332437825544,0.5646534953276257,-0.03600252208591053,2.329638529071326,-0.24030502658990613,3.191797600655777,1.0566612477903743,0.3724157142218605,1.6851913837656354,0.6094264399976085
2020-09-21,-0.32405996185165475,0.6120548021402406,-0.3761677880421949,-0.5535419531211347,0.3351801241008,-0.6975922317268461,-0.8256848719126666,-0.15559076740024597,0.8739691463307294,-1.4308727164318595,-0.31986879436525706,0.40822284497757283,0.010099750668995424,0.7648046606446376,0.8950253432232589,1.15933118725621,-0.8377955707358702,0.6094264399976085,0.3341395325876246
2020-09-22,1.8583451065343646,0.6863607112098316,0.32429842986247787,-0.4695228390370586,0.1758980873137366,0.5602023825535811,0.6207624887096833,0.2668416810570343,1.0388925974181522,-0.3193195751322219,-0.2332909212752534,0.1603616946423147,-0.758274751751718,1.4496416837225643,0.20042569463996676,0.6768120690353089,-0.3838195325584801,0.3341395325876246,0.019195748141674216
2020-09-23,-1.052191001220626,0.7661885024823545,0.5802364680465152,-0.2983174465920201,0.039559995082779194,1.8519368114815429,0.5147424095238945,0.03739179147981381,1.2863768535955613,0.5055935347869726,-0.40943734249024855,0.2655772747991651,-1.2843491686114827,0.8555320429766731,-0.8683919227051318,0.7889189062504633,-0.6654336920019387,0.019195748141674216,-0.44106297862443017
2020-09-24,-0.6421682747615075,0.7225887105401391,-0.3184041145162026,-0.1436836909698272,-0.14154120385039498,0.08573130586012394,-0.19047865844053544,-0.5292876594177132,0.5950707381449901,1.7664400364883255,-0.4892531438524383,0.5222468453843996,-0.4115373028620646,0.137532535890361,0.21019155808503903,0.7404834519056411,-0.839924588013551,-0.44106297862443017,-0.5707951113397964
2020-09-25,1.2336505053132878,0.6092846899870148,-0.8098025295304974,-0.04128373621473472,-0.33966849683428385,-1.207816848279423,-1.583318052692563,0.8345953455159033,0.09510123546056244,1.3300682169713387,0.04837359701952555,0.9237436445827721,-0.13245403318855903,0.49924588258926783,1.9335881231616803,1.174364978532922,-0.6058863160520825,-0.5707951113397964,-0.860509991233686
2020-09-26,0.6224984272231153,0.42570325728864045,-0.9800576019007513,0.07975157927937646,-0.5702337905508074,-1.0887546518300981,0.04431476043529124,-0.6998183077127024,-0.27372539064404955,-1.0355124000532854,0.22155967935360263,-1.2099715079561055,-0.5495558388574986,1.9303862315305431,-0.8669844529988517,1.0247716208660105,-0.07507056489144398,-0.860509991233686,-1.0412348441979513
2020-09-27,-1.0942832370853008,0.15949293133361347,-0.39649148283368296,0.18683152299286554,-0.8288086952050887,0.7629129289584123,1.9911402398001943,0.07844837256237734,-0.3082579265701229,-2.6682292794434113,1.5067522558011588,-1.016909391829926,-0.6917423802545491,1.6585556371754946,0.023037226562831196,1.1370417261015857,0.2925913098740604,-1.0412348441979513,-0.7731850345450153
2020-09-28,0.747740676562458,-0.1867763727816976,0.4505066638344133,0.3067203305359989,-0.8201407742294201,1.0086388455160908,-0.29270988718484475,0.7131108234247442,0.2858090377916694,-1.4221517582061902,-0.6612645732509591,0.008143516915771053,3.202452716671291,-0.9542516798071662,0.44369377009833055,1.6264400703512623,-0.062251767419469396,-0.7731850345450153,-1.0165201207951309
2020-09-29,-0.2752292098944493,-0.5897175323314361,1.5149945770984954,0.39152645858368523,-1.0267856522181678,-0.3497073204990256,-0.02409973197354415,-1.2662388961042184,0.3103777828530619,-0.36824014543673,-1.6145505076862399,-0.8147351909494247,1.7754369724600918,-2.9070934352321287,-0.5663836974714065,1.4630123347962176,-1.0104661359491205,-1.0165201207951309,-0.9698215059546824
2020-09-30,-0.23435571830702437,-0.9832790179757781,0.5536748307569203,0.47198154503289397,-1.196147463656408,-0.7193793812835968,-1.0497303616187157,1.3003807671829921,-0.6519177620879048,0.33199877954871615,-1.8390399302760416,-0.6794396699330049,1.2278675649554052,-1.3755894433305818,-0.2919901855056156,1.1078001039319756,0.5641121099641898,-0.9698215059546824,-0.5813585472893357
2020-10-01,0.6495892680871712,-1.004826056931398,-0.9893559918753838,0.5516163704741849,-1.2799507657238587,0.1217810513279992,-0.3741670905843724,-0.9456527389117634,-1.1935687603569956,0.8098087164017459,0.015836622428589475,1.1476842613039846,-0.43715685335407584,0.8659812953102648,0.9760865236456873,1.072105153232956,0.354253423275919,-0.5813585472893357,-0.9265570684800609
2020-10-02,-0.21133999854129282,-0.9106756986003841,-0.32086889766278803,0.6302052874072204,-1.3177675310427588,0.3067537576895532,1.727237940634185,0.25821575103981764,-0.8511480658419064,0.781788981480798,-0.2404186346962559,1.6346983279990388,-1.8914490246866218,0.4099278747419746,0.29484553529103663,0.7870608789861087,-0.48171889292425074,-0.9265570684800609,-0.0651057986592268
2020-10-03,-1.162555120258372,-0.7966118516186181,1.7070181484082507,0.7017185884342472,-1.279241508705375,-0.4653879751526654,-0.09718513756795039,0.164288565796861,-0.43645390755909286,1.3833115241331966,-0.1385862342275926,1.114881855385806,0.33589410916434637,-1.1507044790558532,1.1545603468812788,0.460779027302603,1.637917849852267,-0.0651057986592268,-0.831539439481253
2020-10-04,0.949883268371488,-0.7270887784518809,1.2740562511428912,0.7453719973681829,-1.2323780354166973,0.17471288270956942,-0.4376892121485403,0.11863718997396845,0.06313647889944698,2.052725018222498,0.4252715718833454,0.956412121140949,2.784055659761349,0.25162251754965953,1.5142747866056487,0.5052864159160669,-0.8722319984229103,-0.831539439481253,-0.5021409390025187
2020-10-05,0.7776158472825433,-0.7072559020489029,-3.1711808895732716,0.7955365204004584,-1.1560202137415765,1.7757577425822775,-0.25487355705291076,-0.5419263213051098,0.4414413270598995,2.696849377732788,0.918554113009644,0.44358787371334507,1.1832201879487207,1.2323174195879154,0.9574857131284943,0.6558007637911537,0.06618558564537154,-0.5021409390025187,0.20478019204522788
2020-10-06,-1.9817224939634948,-0.7087862923370299,-2.528227141865322,0.9005592206958939,-1.1017732337830908,0.06490093440919607,-0.5128759002394359,0.8053027267623458,0.40146567456144083,3.105037886012546,0.07092971472560289,0.7979518985910564,-0.48330844823952923,0.22652819732910937,2.80178613023994,1.2513552619284056,1.21755072202476,0.20478019204522788,-0.36945140536102145
2020-10-07,1.3158145523216227,-0.7133840085746753,1.383480638877556,0.9015099007736983,-1.0135934664274233,-1.7344361234057877,1.0330522332453769,-0.8038848734699885,0.5591947970313186,0.23820694655814567,-0.3881294428609277,-0.005211674838252484,0.18907118413667395,0.3053281436132109,0.3049587238366183,1.1870017002841282,-1.4826705215362916,-0.36945140536102145,-0.5879165146002973
2020-10-08,-0.6352857341157658,-0.6183445004964411,0.8020894692768734,0.8556707962891149,-1.010928430124584,-0.8901082876229358,0.9115705262119256,0.38590375858137044,0.3915776831983053,1.0651347985725457,-0.5770840562486252,0.131036253672117,2.574241767843999,1.4426633592029312,-1.0552110752589536,0.8084712266130305,-0.8106450056524246,-0.5879165146002973,-0.6459871620479395
2020-10-09,0.2817666215081066,-0.4585189660410257,-1.14060718548989,0.6086999057167888,-1.1670104282464733,0.8816413154942502,-1.126254614237604,0.40385550626485944,0.4033267796262382,0.6908155644441529,0.6182247124724233,-0.42059869281120355,2.473311698584248,0.9537047647490536,1.845737631963343,1.2898085314488814,0.14090197351922698,-0.6459871620479395,-0.034311296644056376
2020-10-10,-0.11474328024304206,-0.26865368092462133,-0.5415696060545386,0.4205821489974197,-1.0790805865719542,1.4417611484940664,-0.8305080979559527,-0.7875088062511083,-0.0061946802816587945,-0.3092481873315133,-0.5049385524227649,-0.5116413614940498,0.1646708605115686,0.007555103412423627,-0.06422874106990391,1.2515040715358037,2.0603301728891563,-0.034311296644056376,-0.8827908982169248
2020-10-11,0.6619377420807182,-0.022666515277853135,1.3330105470737577,0.23746974913980598,-0.9717644118565519,1.3244899232247964,0.7410330312341085,0.7953829125683369,-0.5041700172157634,-0.9300635218169742,-0.25976164135944513,-2.102139797395049,0.2296157985997604,1.1409474318250652,-0.0906386807167456,1.2003904649840427,-1.0671538284797952,-0.8827908982169248,-1.2206499514138622
2020-10-12,-1.414544682739807,0.274309514992432,1.8923415600945983,0.004089911791122704,-0.83197160916552,-0.6766397605889892,1.0572506568541442,-0.5137149016556664,-0.9060613785313193,-0.6483048946376312,-1.9200347185341722,-1.0619943725129046,0.8913366495252475,-0.30653676873898866,-1.3192989816339744,1.1647165336374063,0.04212115638056644,-1.2206499514138622,-1.1875251278271655
2020-10-13,0.9321501142262404,0.64605336647481,0.18179242107930774,-0.14964885722912077,-0.693536686482268,-2.180606698522812,0.11294735191326571,-0.25751660230611473,-0.6773224395155358,-0.5726968280750415,-0.6768315326326523,0.6372800216035506,0.07618814390335776,0.02306525295963246,0.3045503690116049,1.2657396613530822,-0.3616383944714949,-1.1875251278271655,-0.8770410002696775
2020-10-14,0.357565906024453,1.0235316114812631,-0.5876602607666731,-0.2951615738115417,-0.5168870981030365,-1.2163787250876394,-1.5860594456596564,1.2327905649869144,-0.32307786076545875,-0.13626726903642095,-0.034320243218951926,0.6377772871921574,0.1492601789944596,1.0060203657961169,1.3008084467010579,1.3521617248896116,0.3432267549130716,-0.8770410002696775,-0.8526341722740716
2020-10-15,-0.04934079304338885,1.1618820012494604,-0.006201608841624762,-0.4333113370705065,-0.3456094059094562,1.2658192381150069,-0.3693157727686629,-1.5107159751350125,0.036539349547662185,-0.08979499714099218,0.3181926996754178,-0.970964255355133,-0.7665947670291364,1.9472173078187502,0.2552935115937521,1.3471224013777154,0.19658817476620713,-0.8526341722740716,-0.7023363768251696
2020-10-16,-0.2759372099546123,0.9976753851597864,-0.3345562749095214,-0.4397251814115263,-0.13368613445225577,1.8527124439330718,1.397382489150158,1.6456671392249438,-0.419515452542504,-0.9215707247699072,-1.0315959743062124,-1.1759829012838352,-0.23944373806918418,0.693685295696922,-1.408066703611204,0.9060475472551508,0.03227174535227042,-0.7023363768251696,-0.9749054726989242
2020-10-17,-0.6731421367580018,0.6712429689088528,-0.04697842265387333,-0.5595903389861646,0.07997747725523052,0.6888347897193237,0.531761109017556,-1.8643303885214613,-0.9419918254673724,-0.9093873856223816,-1.8749231457246345,-1.087860913044442,0.1042010329648341,-0.6745650048050965,-1.9380507087352608,0.3887074660444617,-0.5935301243597034,-0.9749054726989242,-1.063497402027983
2020-10-18,1.0825041060463334,0.25978844175306726,-0.27977270050824216,-0.6547170945728152,0.2800988830173593,-1.27763386939318,-0.22387123792967772,2.2990899790029973,-1.0903181954985715,-0.2865175086224261,-1.769865314262353,-1.5343399602928427,0.14810569960999526,-0.8012992384906175,-1.0333632033281357,0.07162145847339563,-0.6670810897047792,-1.063497402027983,-0.6192672607434369
2020-10-19,0.05228687094922458,-0.09524114043672258,-0.38961581313779636,-0.8015575238498086,0.4896420818522315,-2.2337876021911023,-0.9595786533529043,-2.264291644734815,-1.057469895737092,0.07652544931735566,-0.22335414948880986,-0.12140852659108917,-0.05379335962373266,1.7138949681089917,-0.4894704264609032,-0.5558107942532077,0.7419913567175319,-0.6192672607434369,-0.9496409327064746
2020-10-20,-1.0620146968474207,-0.35312077913653184,1.0694197389844544,-1.903982900175463,0.8222686915273146,-0.2590618536680381,0.1765289948324112,2.359337689406673,-0.554084968341806,1.2714128844032824,0.3993120177991998,2.784430035818761,-0.9411516669177655,1.9914672499679549,0.7670217624374658,-0.5148543609680899,-0.3935140342886997,-0.9496409327064746,-1.3163968033935147
2020-10-21,0.226418758940459,-0.49884471012011977,0.30554637582792077,-2.0900871896024458,0.8810126085504295,1.8755219740269402,2.019060697927512,-2.2377639010652395,0.43650849789141505,2.1544175804019514,1.1716321057229229,2.576095419162633,-0.13644969766300918,1.0196219921462188,-0.7512787117524454,-0.4625436101341635,-0.743334316379081,-1.3163968033935147,-1.0952647430495375
2020-10-22,0.20647370990848818,0.010792631203019716,-1.4855086637614254,-2.3382074135811006,0.8661280795887736,1.5900897511028393,-0.6926713466688906,1.944066677331632,0.8282855155159228,1.9187470153134838,-0.3436956841709413,1.4385052137032526,0.43245809811536,0.43745131860589587,0.5331103590248446,-0.7784536473619725,0.03335220781927074,-1.0952647430495375,0.12502168718632506
2020-10-23,0.21489179583312323,0.08574273634836861,-0.1951034494166718,-2.557399312115591,0.6520346631936433,-0.5155416310332321,-0.7769882104117228,-1.262121501955109,0.09152704995242537,1.3429001470953577,-0.8256155771289774,-0.2960473028797754,-0.6614732944896594,0.4570550954336578,0.7442353475034563,-0.7463642830650574,2.2352090085961502,0.12502168718632506,-0.2323442134141723
2020-10-24,0.10243077744941062,0.17686719464852188,1.1369527731982636,-2.719083557380194,0.6181818482797299,-1.9066509372155307,-0.21559909656032583,0.6442526916485639,-0.43600143944524056,1.5043685887136022,-0.8721871772766617,-0.504213269123005,-1.3541099568701915,0.6293467819863068,-0.068265468927561,-0.7975530914862798,-0.5784491736069645,-0.2323442134141723,0.10942459299328011
2020-10-25,-1.2469025525104553,0.37161694293503295,0.4825544220997845,-2.4988139175560202,0.457564902403172,-0.44948592511466723,-0.18275847298329523,0.1646909956520494,-0.6741031079717609,1.7412483899853488,0.1361234044984499,0.7427255194281376,-0.37982235665064884,0.5600589978105219,0.5126601348456706,-0.32983879390941223,0.3666224233747735,0.10942459299328011,-0.5404928739766394
2020-10-26,0.6822367018681735,0.26328201301913606,-0.15258542924331156,-2.235042170185769,0.40624260465865136,0.8991153973198107,1.3832060184212611,-1.4675314486897952,-0.39288509335761757,1.8558426072646776,0.9266766357437235,0.6644221808066484,1.091436731378266,-0.6340121302025137,-1.2208080193403887,-0.6303791990293022,-0.5424414682257561,-0.5404928739766394,-1.0603492951862892
2020-10-27,0.009157775888793507,0.02195095046783225,0.26038664722412275,-1.754526699691415,0.3632377234107493,0.9032372913256775,-0.10132527565591443,2.5875774836797705,-0.626964132916064,-0.29812812297824437,-0.027893978539233755,-0.7152307556198385,0.6011680683077728,-0.41639562862279006,-1.066622675688769,-1.093538987396255,-0.3804905604103852,-1.0603492951862892,-0.698431042311869
2020-10-28,0.1516237422900596,-0.26650299794514876,0.5091244963277312,-1.2686679199540163,0.2963167283257502,0.022833682018931857,-1.0659678452359387,-2.7005351383720493,-0.9528026880617908,-0.6503195299901413,-1.2186253789010808,-1.2385531382466741,-0.01936392482115809,-1.567006682276934,-1.1746028734463982,-1.4084224940375256,0.4590531971777979,-0.698431042311869,-1.6621412689668065
2020-10-29,-1.116668182304523,-0.5265703125647172,-0.9314277102616738,-0.7980445462721556,0.21789327495876418,-0.9953338767184388,-0.6201796261257413,2.1668093760804434,-0.8264313167065761,-0.4193475741829587,-0.3240512638028609,-0.246099576351781,-0.2975199667563696,-1.340935386244318,1.4713473751730597,-0.6867480144724739,-1.3339315695582805,-1.6621412689668065,-0.984570833566799
2020-10-30,0.28946237080288606,-0.70049007106724,0.10105902553773266,-0.37093068003762436,0.1136429449247848,-0.5767871252691957,1.4437330306125182,-1.3578714347203409,-0.5789967890893601,-0.482140416197044,0.906650088726505,1.3320397995403,-0.8353716635264866,-1.3822953482493345,-0.3731083810949976,-0.36213719257393767,0.15869174458662236,-0.984570833566799,-1.4320593529349104
2020-10-31,1.5977940382157467,-0.721602623706484,0.7337384056696623,0.0002073449268695564,-0.003545365210410013,0.878930929913512,1.4978310180899475,0.631159126116618,0.020249001352684756,-0.762398476821263,-0.8965004862509308,0.6915618473231512,0.04554752942208435,-0.9212241541309287,-0.658602558144538,-0.3257525452137799,-0.5217430917207906,-1.4320593529349104,-1.243256553965656
2020-11-01,-1.5966002087244422,-0.46377861490302774,-1.227474539268026,0.3236345052147195,-0.13928571368828377,0.8480727061147887,-1.4286667109607858,-0.2026495829735812,-0.08675905889037161,0.5362132182190558,-1.0064005415053565,-0.5367649531103994,-1.808279602448005,-0.839877647579117,0.6690105821167385,-0.12492859384793113,0.5203109069098526,-1.243256553965656,-0.2580495111443027
2020-11-02,0.028268976746730536,0.03404465851471978,-0.8532655993153047,0.6735080957119361,-0.2755671312146646,-0.7312521966429524,-1.1133195416197772,0.21568205799484644,-0.8524029844606569,2.805284149093883,-0.6171853238796983,0.6488201325304752,-1.2494470818836803,0.3422666471825057,0.2850302330961515,-0.17302971014366036,1.0854536250232318,-0.2580495111443027,-0.999514142868804
2020-11-03,1.4029845029616803,0.5757764049986097,1.5950869136478065,0.9305766383589886,-0.41336827160369777,-0.8515048123854592,0.3962456997117476,-0.6923035026927314,0.46360702109932217,3.2510045841379314,-0.41419279083944166,1.8469859597996923,-1.0109091030964852,2.3466590382147303,-0.6094597268520758,-0.1556104563019223,-1.1077356502389968,-0.999514142868804,-1.1320701112338516
2020-11-04,-1.6469613720029481,1.1202982409543258,0.3856709961404995,1.1367189946579774,-0.5599393731457307,0.4859814033048161,2.1461852101143974,1.2567132419800056,0.1758971913445079,2.0935533508410984,0.16396840897036583,2.8940785244757876,1.5381207622467696,2.818975513300325,-0.8902974136951635,-0.47163782791969006,-0.41339976363298614,-1.1320701112338516,-1.0450619088748656
2020-11-05,0.89848512161483,1.53551000746263,-1.5792389058491947,1.3664378183649266,-0.6382295462990669,0.4015688205406704,0.11009453357066906,-1.2817356662114963,-0.6657524091993747,1.4195406612490178,0.7434395280426548,3.1053480263151876,1.1292185077038062,0.3546179335780383,0.5956026046601689,-0.4661881514516328,0.39271796261209607,-1.0450619088748656,-0.09883323220953316
2020-11-06,0.5250462634394362,1.6476207378656618,-0.7698279240729238,1.5587988819065222,-0.6248677511914579,-0.8454040944945189,-2.1894061565393685,0.7315396952644884,-0.7454938677479974,1.886397240562952,-0.01556382426961634,1.9211936327428696,0.5255741450251525,0.06805415343042608,0.47164811375300475,-0.40290175411771906,1.6662342459846358,-0.09883323220953316,-0.9217414293910147
2020-11-07,-1.2068663344819293,1.326842817059531,1.6817729195557518,1.7009850678434337,-0.5275881955317417,-0.14948139592071713,0.16034199454849996,-0.14298753285112056,-0.21453364560675411,2.133024362822547,-0.6690921161867249,1.1385655416348257,1.0617981590557968,1.5726791891791312,-0.16712189503856772,-0.7298620583028237,-1.092646017341339,-0.9217414293910147,-0.47383609043279706
2020-11-08,1.005069395623926,0.46307191911335815,0.6645164296737123,1.8645449796292943,-0.4477243715246908,1.9115715542534184,1.7537851649695229,0.010586345713082266,1.452725394983544,3.3719007891075297,-0.7699480920539822,-0.8731148485233317,2.534681205400626,0.7137674675642903,-0.33299378600082014,-0.4586356128807673,0.36675649100037566,-0.47383609043279706,0.1384822719704961
2020-11-09,0.23738132791362457,-0.7023101743054035,-0.9358825962324612,1.7884964641691374,-0.40944568898155576,0.5374937671669625,-0.4752382191018235,-0.5336320964376586,2.5792418588145876,1.8029413348816767,-0.8689673454410491,-0.7745160210176648,2.8589351702150188,-0.14700095144389788,0.3286714501671746,-0.16401902397830267,0.8476956695393019,0.1384822719704961,-0.4410863902047567
2020-11-10,-1.515536494904622,-1.7673236719749794,0.5238721594195054,1.7027777159739275,-0.3722742595885908,-1.2978661340187134,-0.5089836934009423,1.4784453527830346,2.6341103286321657,0.943774792713768,-0.5370962239558034,-0.5169482252306773,2.0037277073445097,0.8076345384135801,-0.08872774019745132,0.032690897143291216,-1.1234947027051316,-0.4410863902047567,0.503142358819051
2020-11-11,0.528080666920879,-2.5580001659729996,1.2978958048579248,1.6903259255250926,-0.2994949926657673,-1.216452259676419,-0.14441593357327714,-2.041846279551028,2.1492539475864105,0.7531230429362239,-0.2994868048185464,0.32348438203135943,2.3622385081236006,1.0824284958432682,1.5247777174191615,0.13051984343748838,1.1996267781227707,0.503142358819051,1.8664802790894408
2020-11-12,2.3054918774219146,-2.8330744871871896,0.40509278461934295,1.619938371727768,-0.22779927006665804,0.3117978544611259,-0.36106813835032403,2.0197247037799695,1.880117457386869,0.015214846177739756,0.5140363575617939,0.10422444956983531,1.6443731905335837,0.03149715289196046,1.7689108813617962,0.7367731471809749,3.267381386096517,1.8664802790894408,0.41527859935343236
2020-11-13,-1.9935445072501468,-2.62969612023733,-0.2802630718962975,1.4552012793575613,-0.14443566540310965,0.8780151052340242,1.0793352568067414,-1.594687432383091,2.4510499604178695,0.738836578387389,0.38702150485545705,-0.23754156568456813,0.9362711569143266,-0.8028996560599547,-0.20451875766396377,0.7469793970380341,-3.4595528385890693,0.41527859935343236,3.1982644509147335
2020-11-14,0.1060918883006795,-2.04218378478695,-0.25850254255087934,1.2845027851018636,-0.05916560819379383,0.2796039798962409,0.2291799894200172,0.6642350949485951,1.0083437556902135,0.8328076412371481,-0.31462243084553554,1.1247229387165525,-0.07386802864363398,0.04348961525192075,2.9237597542071234,1.4102522082304563,5.865733716082284,3.1982644509147335,1.3979712197861496
2020-11-15,1.0269499514867226,-1.0918906549961906,0.7033142385087211,1.0853141017739663,0.06606968289271124,0.04457573663942121,-0.48140291906967353,0.7372612997061678,-0.8276273729394229,1.4384656147633577,0.5201170512610961,1.4512634356433527,-0.005520677383640067,0.8705932231449244,0.40071730112957443,1.3701676383619856,-3.4509179904437177,1.3979712197861496,0.11063222850302204
2020-11-16,-0.5125662072864717,0.2389278221641068,0.3028899114499504,0.8594535193535857,0.1624744370967307,0.050997123708743895,-1.1659551482431156,-1.455668111182263,-1.0451470738931194,2.443188548184814,0.7993684657936422,1.3602527425027824,0.4206359259848298,1.4671555267123493,0.1109831250403975,1.5405477990935184,-0.8736972810756913,0.11063222850302204,0.32960276105759384
2020-11-17,0.2940934444318355,1.6356694631911801,-1.2945441121407348,0.6505804891905359,0.32939275473280477,-0.3030125454697429,-0.09331128272904504,1.4069351407242234,-0.6793223937949907,0.8466693589761816,1.0258603516651768,1.563015131213086,0.0997668828089214,-0.043721639598616996,0.9292217053792805,1.8608373780623984,0.2882702241527929,0.32960276105759384,1.371457093311219
2020-11-18,-0.11136252071222202,2.4088848008349744,-2.1173525315185713,0.4171227098002334,0.3906534069386915,-0.9633518037851683,1.4983892083315744,-1.2364012730628768,0.08524548379012233,1.3964643923168245,1.6610738391603308,1.7793176540911269,0.4775607229381661,-1.1133376198742337,3.783717922245685,2.3120122951653497,1.665980694464068,1.371457093311219,1.2386569492480994
2020-11-19,-1.5346893848037055,2.8051580096850057,0.29086917765620873,0.1638549550157892,0.5022142796409432,-0.12365557803381494,0.39672995692308294,1.0747985202635533,0.7885020038275214,1.22988765599109,0.5949307532343093,1.2837124992358973,-0.18615045997044696,0.0585872915404699,-0.6848004132252196,2.1164947823059097,-0.3628411556883887,1.2386569492480994,1.6573212995001425
2020-11-20,3.3630882420553507,2.330910357452953,2.4173061302513243,-0.1198009023767473,0.5793876609762183,0.9135169159363113,-0.023250594007734098,-0.7922383006610496,0.07066715568289829,1.1558477408839,0.1890625149866854,-0.07409589727381391,0.7914465981506821,1.0442841684730408,-0.12097120805849713,2.011340462683975,-0.01704698740063941,1.6573212995001425,0.5301971104931194
2020-11-21,,1.696489799869695,-2.103905765274477,,,0.7367810027095271,-1.4083586812254214,,-1.1294801748249046,1.3550565038033082,0.016680464323370288,0.7251956195521452,-0.0710659360112069,-2.2025207750640865,-0.3268916159840798,1.8042181194224693,-0.5835686630621324,0.5301971104931194,1.0011936971681412
2020-11-22,,1.0818688269020755,,,,,,,-0.6715044290351245,2.0460498668916016,1.160965886332211,1.8264908254452457,-1.4169831107525364,-1.3640296708230462,-0.48586348726417194,1.5041881470367084,0.2192736451457395,1.0011936971681412,0.5773222539523473
2020-11-23,,,,,,,,,0.18352564289620746,1.840651139841342,0.7546937785606318,1.2029957448326465,-1.0073193846112285,-0.19251552747012132,-0.9641717050311165,1.3281129327122254,-0.6446607752337987,0.5773222539523473,0.1576146878822295
2020-11-24,,,,,,,,,0.5773232827132585,-0.4087575234220205,-0.13418607682626454,-0.5270832706803841,2.6874357955253227,1.0101976716719545,0.49145889781431323,1.1776187075894446,-0.8986857843608549,0.1576146878822295,0.9509355265553474
2020-11-25,,,,,,,,,0.47006390566675255,-0.6678398734366457,-0.6661828038488473,-0.9287989716154784,2.023382561038948,0.6242735151908518,-0.31269952411604723,0.9012090080623909,1.1545649343635813,0.9509355265553474,0.7048541949898841
2020-11-26,,,,,,,,,-0.22665541915844767,-1.3946106486982395,-0.3384499608438584,-0.08800685111863508,1.698009031799002,3.0434586821198835,-0.5159947403455072,0.9157081323747628,-0.1273663696468357,0.7048541949898841,0.24915654163752898
2020-11-27,,,,,,,,,-0.08515000570283841,-0.513857356915663,0.17797851184314403,-0.016495172079357818,4.772137737495456,0.6961390859713922,-0.2716710244601584,0.2847139350363223,-0.8027150055281599,0.24915654163752898,0.2354508268137348
2020-11-28,,,,,,,,,0.3139390965050146,1.4489997069143163,0.5009377176650596,0.04280503193239871,6.351361952075026,-0.409387421430981,1.3824669120285742,0.35625025269001254,-0.08711364553754913,0.2354508268137348,2.1402007187138983
2020-11-29,,,,,,,,,0.38442864399037235,1.0242363053234949,0.38145476679042567,-0.22823815642809467,1.2097449447733335,-0.29364812161564036,1.563880884262904,0.4838878299881493,4.4535333936409005,2.1402007187138983,1.5738678939552728
2020-11-30,,,,,,,,,-0.2974438800552763,0.20758209587395754,-0.9239854330924335,-0.4551561416564195,-1.580158039126158,2.0080188316595105,0.7584801755718044,0.45577764623309,-0.29529280984720924,1.5738678939552728,0.8253097018599288
2020-12-01,,,,,,,,,-0.5803773393092646,-0.21119568115674398,-0.919622173667664,-0.0070033323217676404,-1.1581123168927068,1.4344777547390386,0.852964942002018,0.031239505112856655,-3.9633652210973254,0.8253097018599288,0.934301990719989
2020-12-02,,,,,,,,,-0.15207002097033231,0.14318482534916024,0.9789729638937746,1.5072625836057318,-0.21905143339112945,0.09803813055194115,-0.3545775588255484,0.06705606228512269,0.19108089792387,0.934301990719989,1.062729931570623
2020-12-03,,,,,,,,,-0.437351164157817,0.4882695583163375,1.5966590087698282,1.7581105335941143,-0.25346467069866996,0.7660547158319498,0.17595219612447965,0.09999381559335253,1.0196411284154765,1.062729931570623,0.8170254120283056
2020-12-04,,,,,,,,,-0.39697860909819,0.6676784042862598,1.182302413266891,1.3389974378746177,0.06554016892779523,1.6899087172842084,-0.5973233636761766,0.04887458548855896,0.0672799656163909,0.8170254120283056,0.06976663361894847
2020-12-05,,,,,,,,,-0.6085613257891038,0.6385217959539023,0.7274277565875216,0.17247504542201772,-0.14575044443470153,0.2871082832740315,-0.9152716053145429,0.034696734926263934,-1.8913202920853753,0.06976663361894847,-0.15388123324807307
2020-12-06,,,,,,,,,-0.08221745341851777,0.6907149669415623,0.6957667767732539,-0.10607750541223011,-0.7454214029263528,-1.0945133573742165,-0.518042381335559,0.10431734265938453,-0.8693075742206925,-0.15388123324807307,-0.37117283020574116
2020-12-07,,,,,,,,,0.23796137739225745,1.2845342186553816,0.26834710260111877,-0.37931318866952757,-1.7650958793882727,0.3578428624266205,-0.8355373677261723,-0.022138761969161893,-0.35346571822656864,-0.37117283020574116,-0.5222253174873044
2020-12-08,,,,,,,,,0.42130081711034817,0.5498920081963924,-0.12238169605223703,-0.5117965732839281,-0.9808143371819255,0.9168756791496204,-0.6098503580843541,-0.07375506587378221,-0.1701002300542704,-0.5222253174873044,-0.31686944256271604
2020-12-09,,,,,,,,,1.9359071335893558,-0.957723727276992,-0.1871866584526131,-0.283072574446946,0.768465906551652,0.9820544417123402,-0.7358912853305593,-0.09014044216450837,0.5449863470495226,-0.31686944256271604,-0.5557675278911398
2020-12-10,,,,,,,,,2.743359479614393,-0.9432352174617903,0.15936966909718275,-1.2135024463248123,1.3449328484503829,0.5765005338138737,-0.6812378654327415,-0.09803244847738538,-0.6022530981150792,-0.5557675278911398,-0.6113791103377004
2020-12-11,,,,,,,,,1.75666145166253,0.1713375372959216,-1.0399433504934898,-2.4931883626060545,0.9550589570697232,2.0612882222153295,-1.1761624672311766,-0.38065714507359627,-0.11265087715704807,-0.6113791103377004,-0.5395177361397361
2020-12-12,,,,,,,,,0.7915594468247876,0.819886448245648,-1.3938254166420765,-2.0808934300637536,2.4941104474079587,1.8569075713630692,-1.2384973309128442,-0.6516738648275291,0.12562509213844514,-0.5395177361397361,-0.6750922404256829
2020-12-13,,,,,,,,,0.1757903768140832,0.43216621050695736,-1.5991145922378962,-1.5082167567368163,0.4770412941127373,-1.7240322548588756,-1.3086738128136883,-0.924570228958441,-0.4831058638999266,-0.6750922404256829,-0.6660510786099642
2020-12-14,,,,,,,,,-0.2008116821587851,0.2868999872380885,-1.5398700493068462,-1.0943623453615867,-0.8541306550634515,-0.712930509004349,-1.9801603041062505,-1.3485894481385374,-0.30809068617342195,-0.6660510786099642,-0.7877554921873141
2020-12-15,,,,,,,,,-0.11957517021309294,-0.07874063251897466,-1.25786655077031,-0.7682144815761794,-1.3605149534328724,0.16580645892478427,-1.8440174548100265,-1.5779260366603531,-0.014722760979319535,-0.7877554921873141,-0.7397131689989417
2020-12-16,,,,,,,,,0.17199544547047152,0.36922267128190434,-0.12194407578773064,-0.9348751031770378,-1.4871531879681983,0.3833159049019735,-0.7340178023868743,-1.8159340821156085,-0.10880170470554885,-0.7397131689989417,-1.0125987190603556
2020-12-17,,,,,,,,,0.2489225533298701,-0.06263327847823333,-0.32031052161962476,-0.056994900668576556,0.13007782569792242,0.27137265391769233,-0.6179676204444262,-1.863562061637041,-0.3124307442349683,-1.0125987190603556,-0.7031440175757407
2020-12-18,,,,,,,,,0.39037328236241625,-0.6940197530532906,0.19841493211889027,-0.27490030420844214,1.4077063389943767,0.2601724742258839,-0.43971814635844203,-1.7796327798306684,0.8869616073332749,-0.7031440175757407,-0.4299167257471511
2020-12-19,,,,,,,,,-0.11673412176839752,-0.7715873489895855,0.48709499594224764,-0.7094554384829708,0.4457933347960615,0.3960671308510907,-0.46947150965617324,-1.8796449059591291,0.2473269940484832,-0.4299167257471511,-0.6762726046423807
2020-12-20,,,,,,,,,-0.5615619425447906,0.5267986448678218,-0.4019075181456496,-0.2266581847877572,-1.0997976498386246,2.1588897693639835,-0.5952775493442949,-1.8865622762138012,-0.48980381408184376,-0.6762726046423807,-0.6657034589739969
2020-12-21,,,,,,,,,-0.49396535170610073,0.7295395043049123,-0.08599744778899628,0.12963373141099563,-0.14948441517527913,0.052764748527255614,-0.22358468983747729,-2.0292726383042954,0.19787669668921448,-0.6657034589739969,-0.49554621753737826
2020-12-22,,,,,,,,,-0.26274852347286487,-0.6765258456713993,0.589747216602616,-0.7415611196056181,0.5183272167872631,-0.26577640651406986,-0.41948884203790043,-2.1847377807743533,0.5867364498634713,-0.49554621753737826,-0.8203578835720673
2020-12-23,,,,,,,,,0.0997755533034775,-0.5412732579723852,-0.4607237850006298,-0.8189930594079933,-0.2750176232764192,0.032012622139015276,0.9354216006200475,-2.140064558186046,-0.37668162032028174,-0.8203578835720673,-0.5052769764776278
2020-12-24,,,,,,,,,0.1505163978824681,0.1635163550682518,-1.4517750257515791,0.064791961744888,0.18397705408585305,0.11581419769574375,-0.727782606039723,-1.7474172465362372,0.7812746337363605,-0.5052769764776278,-0.6869157436981134
2020-12-25,,,,,,,,,-0.014230284685619677,-0.8515875172161099,-0.09471000638371152,0.09466240962895436,0.7056709837299192,-0.5548836772429161,-0.3636546496057256,-1.3894181706377982,-0.5067058825274646,-0.6869157436981134,-0.09473209791337005
2020-12-26,,,,,,,,,0.7707492399051802,-2.047998507219181,0.5550903194715903,-0.5221267094849122,1.12093432993648,-0.8091977710794631,-0.6660226640558108,-1.2209057049175023,1.1576936879820958,-0.09473209791337005,-0.3585692394347813
2020-12-27,,,,,,,,,1.3830491906236018,-0.268511941412973,0.4733107171130611,0.04430979871197941,0.4300127420658271,-0.2277189718217628,-0.29063800793342937,-0.9294826427276834,-0.5280443022230635,-0.3585692394347813,-0.7827147067546154
2020-12-28,,,,,,,,,1.1725638456743916,0.13658301452225016,0.08340824688868877,1.2216963057003223,0.01208153513635614,-0.12302708190648708,-0.26103858344820174,-0.7168886099663938,-0.5915026122355708,-0.7827147067546154,-1.042117026996118
2020-12-29,,,,,,,,,1.4923120621980754,-0.7758887788851531,0.836467462970011,1.2530628577188938,0.5190757597908702,-0.9726978418902714,0.04232770747483844,-0.6292852982629747,-0.0157705298069649,-1.042117026996118,-1.0064277078495045
2020-12-30,,,,,,,,,1.4275872735543478,-0.9353209525302144,0.5911904148168757,1.8899781589383982,0.00045486038857986665,-1.6349314195015174,2.0998344345574473,-0.4034836317673418,0.3565132803110072,-1.0064277078495045,-0.5865567919975944
2020-12-31,,,,,,,,,0.9566252550734569,0.3308173344616108,0.418668484732252,2.056299262713306,-0.5632010051991684,0.5540150281737973,5.007217610510924,-0.027458871846177242,1.1420885316595255,-0.5865567919975944,0.11892947266455507
2021-01-01,,,,,,,,,0.20670576966591367,,0.6576636398267086,1.6817480772148927,1.6599434346515558,2.554265371962704,1.8471332406765912,,2.659291811412181,0.29095228267108697,2.528125867069752
2021-01-02,,,,,,,,,,,0.92309438987435,,1.9342845254758423,2.323782971441998,,,1.6877222411394686,2.528125867069752,1.1460226476774955
2021-01-03,,,,,,,,,,,,,0.5577330453421194,1.738520461953025,,,-5.426338427960575,1.1460226476774955,2.315141285887815
2021-01-04,,,,,,,,,,,,,,,,,3.435033390384184,2.315141285887815,0.9784445707703652
2021-01-05,,,,,,,,,,,,,,,,,-4.838774222620566,0.9784445707703652,-0.033768103260014136
2021-01-06,,,,,,,,,,,,,,,,,-1.1110720991805416,-0.033768103260014136,-0.09794023067876462
2021-01-07,,,,,,,,,,,,,,,,,-0.10385776679314876,-0.09794023067876462,-0.2885432756327789
2021-01-08,,,,,,,,,,,,,,,,,-0.5077786244627286,-0.2885432756327789,0.015618441374312906
2021-01-09,,,,,,,,,,,,,,,,,0.4684509143493704,0.015618441374312906,-0.1485880135494736
2021-01-10,,,,,,,,,,,,,,,,,-0.7078338597775358,-0.1485880135494736,-0.19962538039590352
2021-01-11,,,,,,,,,,,,,,,,,-0.12507366263435468,-0.19962538039590352,-0.027643538979108654
2021-01-12,,,,,,,,,,,,,,,,,0.5123730770462916,-0.027643538979108654,0.6865500839395668
2021-01-13,,,,,,,,,,,,,,,,,1.5157614245606645,0.6865500839395668,-0.14439865812594654
2021-01-14,,,,,,,,,,,,,,,,,-3.2124367215385377,-0.14439865812594654,-0.282525737623605
2021-01-15,,,,,,,,,,,,,,,,,-0.11456372467588337,-0.282525737623605,-0.47834028297433556
2021-01-16,,,,,,,,,,,,,,,,,-0.4531237647913853,-0.47834028297433556,-0.4902165271124703
2021-01-17,,,,,,,,,,,,,,,,,-0.1815785269645119,-0.4902165271124703,-0.5729225847868128
2021-01-18,,,,,,,,,,,,,,,,,-0.38561367387895956,-0.5729225847868128,-0.7268954773270332
2021-01-19,,,,,,,,,,,,,,,,,-0.45850458445028974,-0.7268954773270332,-0.7138615671799818
2021-01-20,,,,,,,,,,,,,,,,,0.3398142534748923,-0.7138615671799818,-0.6886014976804918
2021-01-21,,,,,,,,,,,,,,,,,-0.17017157445257636,-0.6886014976804918,-0.718419676025512
2021-01-22,,,,,,,,,,,,,,,,,0.32091729746218356,-0.718419676025512,-0.5663377287325421
2021-01-23,,,,,,,,,,,,,,,,,-0.262026050302324,-0.5663377287325421,-0.6468146536785699
2021-01-24,,,,,,,,,,,,,,,,,0.31955392181706693,-0.6468146536785699,-0.5078810871558043
2021-01-25,,,,,,,,,,,,,,,,,0.9387406332698153,-0.5078810871558043,-0.5204844691985924
2021-01-26,,,,,,,,,,,,,,,,,0.07716828618766569,-0.5204844691985924,-0.6284813234700657
2021-01-27,,,,,,,,,,,,,,,,,0.10005196570886268,-0.6284813234700657,-0.619077965952544
2021-01-28,,,,,,,,,,,,,,,,,-0.15773059199940187,-0.619077965952544,-0.7061765459973063
2021-01-29,,,,,,,,,,,,,,,,,0.17747231124915896,-0.7061765459973063,-0.7181496371925018
2021-01-30,,,,,,,,,,,,,,,,,-0.17239672480841067,-0.7181496371925018,-0.7662255999922988
2021-01-31,,,,,,,,,,,,,,,,,0.21533269916794218,-0.7662255999922988,-0.698575928309839
2021-02-01,,,,,,,,,,,,,,,,,-0.18751636955069856,-0.698575928309839,-0.7941437450780664
2021-02-02,,,,,,,,,,,,,,,,,-0.2143403684414746,-0.7941437450780664,-0.6211523399669902
2021-02-03,,,,,,,,,,,,,,,,,0.8501402473705439,-0.6211523399669902,-0.7865149770633781
2021-02-04,,,,,,,,,,,,,,,,,-0.12740392390471467,-0.7865149770633781,-0.6714016854530221
2021-02-05,,,,,,,,,,,,,,,,,0.6026402219231154,-0.6714016854530221,-0.7012019248868478
2021-02-06,,,,,,,,,,,,,,,,,-0.41320426159548873,-0.7012019248868478,-0.5075426530652819
2021-02-07,,,,,,,,,,,,,,,,,0.22595993547859786,-0.5075426530652819,-0.5043375998676624
2021-02-08,,,,,,,,,,,,,,,,,-0.18518378737193983,-0.5043375998676624,-0.24266101491061576
2021-02-09,,,,,,,,,,,,,,,,,1.4027786036534582,-0.24266101491061576,0.09750789926365983
2021-02-10,,,,,,,,,,,,,,,,,0.5519663077882482,0.09750789926365983,-0.1629028593500765
2021-02-11,,,,,,,,,,,,,,,,,-0.24344623909597246,-0.1629028593500765,-0.2626510779517843
2021-02-12,,,,,,,,,,,,,,,,,-0.6322943473552806,-0.2626510779517843,-0.5682904751652551
2021-02-13,,,,,,,,,,,,,,,,,0.030617044267569112,-0.5682904751652551,-0.4320762068813501
2021-02-14,,,,,,,,,,,,,,,,,-0.15416546415197907,-0.4320762068813501,-0.36253114679651166
2021-02-15,,,,,,,,,,,,,,,,,0.2852738487845068,-0.36253114679651166,-0.1773429330220409
2021-02-16,,,,,,,,,,,,,,,,,0.5189392514373766,-0.1773429330220409,-0.24121374706698315
2021-02-17,,,,,,,,,,,,,,,,,-0.13445362602488586,-0.24121374706698315,-0.4295769619255422
2021-02-18,,,,,,,,,,,,,,,,,-0.3856156681161699,-0.4295769619255422,-0.6262588898468759
2021-02-19,,,,,,,,,,,,,,,,,-0.864871685949561,-0.6262588898468759,-0.6922678385321559
2021-02-20,,,,,,,,,,,,,,,,,-0.4398588520990448,-0.6922678385321559,-0.7742821633890401
2021-02-21,,,,,,,,,,,,,,,,,0.047969775924717226,-0.7742821633890401,-0.9303355781107481
2021-02-22,,,,,,,,,,,,,,,,,-0.21892088077501404,-0.9303355781107481,-0.880988290967341
2021-02-23,,,,,,,,,,,,,,,,,0.03374623647962792,-0.880988290967341,-0.5058344248957741
2021-02-24,,,,,,,,,,,,,,,,,0.9037135474928133,-0.5058344248957741,-0.10963986050017552
2021-02-25,,,,,,,,,,,,,,,,,0.7325001374169666,-0.10963986050017552,-0.5865977776629935
2021-02-26,,,,,,,,,,,,,,,,,-1.6996729258202325,-0.5865977776629935,-0.5540975063650619
2021-02-27,,,,,,,,,,,,,,,,,0.23009916431606953,-0.5540975063650619,-0.3468115673982867
2021-02-28,,,,,,,,,,,,,,,,,0.1324055599328738,-0.3468115673982867,
2021-03-01,,,,,,,,,,,,,,,,,,,-0.2633462518308736
2021-03-02,,,,,,,,,,,,,,,,,,-0.2633462518308736,-0.17552587767637334
2021-03-03,,,,,,,,,,,,,,,,,0.33203896156307566,-0.17552587767637334,-0.18122998993643544
2021-03-04,,,,,,,,,,,,,,,,,-0.10865900969601565,-0.18122998993643544,-0.1820228102984042
2021-03-05,,,,,,,,,,,,,,,,,0.14054692809451116,-0.1820228102984042,-0.565027946697806
2021-03-06,,,,,,,,,,,,,,,,,-0.7058439427786688,-0.565027946697806,-0.1360844746587407
2021-03-07,,,,,,,,,,,,,,,,,0.5191752987702489,-0.1360844746587407,0.22931050517691967
2021-03-08,,,,,,,,,,,,,,,,,0.6073231597394597,0.22931050517691967,0.1982994050870876
2021-03-09,,,,,,,,,,,,,,,,,-0.09653264287697316,0.1982994050870876,-0.48280232301914694
2021-03-10,,,,,,,,,,,,,,,,,-1.0545196948917919,-0.48280232301914694,-0.5886671378170438
2021-03-11,,,,,,,,,,,,,,,,,-0.5396403283824608,-0.5886671378170438,-0.14784966434643043
2021-03-12,,,,,,,,,,,,,,,,,1.6760214854947002,-0.14784966434643043,0.331839186582551
2021-03-13,,,,,,,,,,,,,,,,,1.238174177401776,0.331839186582551,-0.14151269627424018
2021-03-14,,,,,,,,,,,,,,,,,-0.6990719582113224,-0.14151269627424018,-0.20987238131155356
2021-03-15,,,,,,,,,,,,,,,,,-0.13084797691196295,-0.20987238131155356,
2021-03-16,,,,,,,,,,,,,,,,,,,1.9826038444851923
2021-03-17,,,,,,,,,,,,,,,,,,1.9826038444851923,1.0118107655127497
2021-03-18,,,,,,,,,,,,,,,,,-0.9218352355014962,1.0118107655127497,0.44642436868960206
2021-03-19,,,,,,,,,,,,,,,,,-1.010933333352315,0.44642436868960206,0.40034068452598653
2021-03-20,,,,,,,,,,,,,,,,,-0.02844947178253878,0.40034068452598653,0.24357156671234031
2021-03-21,,,,,,,,,,,,,,,,,-0.08948571476740111,0.24357156671234031,0.5286507712624194
2021-03-22,,,,,,,,,,,,,,,,,0.2799450579616765,0.5286507712624194,0.20494560236549658
2021-03-23,,,,,,,,,,,,,,,,,-0.15884956668471534,0.20494560236549658,-0.039657229400865975
2021-03-24,,,,,,,,,,,,,,,,,-0.8858179047335486,-0.039657229400865975,0.873998980903931
2021-03-25,,,,,,,,,,,,,,,,,3.087402824274522,0.873998980903931,1.0253899379032823
2021-03-26,,,,,,,,,,,,,,,,,0.7031210425150706,1.0253899379032823,3.079555555213458
2021-03-27,,,,,,,,,,,,,,,,,4.994397771851264,3.079555555213458,2.324730749450953
2021-03-28,,,,,,,,,,,,,,,,,-1.2012914522467086,2.324730749450953,1.1352720761535326
2021-03-29,,,,,,,,,,,,,,,,,-4.922163152187914,1.1352720761535326,0.4292733983311691
2021-03-30,,,,,,,,,,,,,,,,,-1.8767520828102633,0.4292733983311691,1.0833390807953136
2021-03-31,,,,,,,,,,,,,,,,,1.1434850600984696,1.0833390807953136,0.036527822594052996
2021-04-01,,,,,,,,,,,,,,,,,-1.5210127638075648,0.036527822594052996,0.21863338891289244
2021-04-02,,,,,,,,,,,,,,,,,0.2967500409596374,0.21863338891289244,0.37835666525081846
2021-04-03,,,,,,,,,,,,,,,,,0.43361633694008306,0.37835666525081846,1.150023712820589
2021-04-04,,,,,,,,,,,,,,,,,1.1704527713270827,1.150023712820589,0.7970903302941134
2021-04-05,,,,,,,,,,,,,,,,,-0.14919758423273788,0.7970903302941134,1.2409019264082106
2021-04-06,,,,,,,,,,,,,,,,,0.3335498673194102,1.2409019264082106,1.3647705459240909
2021-04-07,,,,,,,,,,,,,,,,,0.47823728810293864,1.3647705459240909,0.5707879826247578
2021-04-08,,,,,,,,,,,,,,,,,-1.5800548206103344,0.5707879826247578,0.7668226590531815
2021-04-09,,,,,,,,,,,,,,,,,0.048493744852214984,0.7668226590531815,3.0981787299848302
2021-04-10,,,,,,,,,,,,,,,,,5.371824023543503,3.0981787299848302,1.6394839178577025
2021-04-11,,,,,,,,,,,,,,,,,-3.77226409527079,1.6394839178577025,0.35506093504741487
2021-04-12,,,,,,,,,,,,,,,,,-2.3763967608003393,0.35506093504741487,0.1520378024257327
2021-04-13,,,,,,,,,,,,,,,,,-0.3590245678315328,0.1520378024257327,-0.37688004882962167
2021-04-14,,,,,,,,,,,,,,,,,-1.2961449083024912,-0.37688004882962167,-0.589371504821447
2021-04-15,,,,,,,,,,,,,,,,,-0.5817896445863167,-0.589371504821447,0.16835306680134926
2021-04-16,,,,,,,,,,,,,,,,,1.5399796015647984,0.16835306680134926,-0.24286183100669229
2021-04-17,,,,,,,,,,,,,,,,,-0.49265150760775567,-0.24286183100669229,-0.3712506358872174
2021-04-18,,,,,,,,,,,,,,,,,-0.2539527406955748,-0.3712506358872174,0.018576450501635464
2021-04-19,,,,,,,,,,,,,,,,,0.5483210297330562,0.018576450501635464,-0.27047574034143385
2021-04-20,,,,,,,,,,,,,,,,,-0.5276005250433163,-0.27047574034143385,-1.0616685626383693
2021-04-21,,,,,,,,,,,,,,,,,-1.3172034315781158,-1.0616685626383693,-0.9621773650591435
2021-04-22,,,,,,,,,,,,,,,,,0.3709852217746391,-0.9621773650591435,-1.0462785839959052
2021-04-23,,,,,,,,,,,,,,,,,-0.13207035698106526,-1.0462785839959052,-0.8807324164736778
2021-04-24,,,,,,,,,,,,,,,,,0.2785051912579265,-0.8807324164736778,-1.019352263638465
2021-04-25,,,,,,,,,,,,,,,,,-0.1993297406274711,-1.019352263638465,-1.3999681343491543
2021-04-26,,,,,,,,,,,,,,,,,-0.3148466999461195,-1.3999681343491543,-0.9122555513190475
2021-04-27,,,,,,,,,,,,,,,,,0.09869368486094397,-0.9122555513190475,-0.15205926760550165
2021-04-28,,,,,,,,,,,,,,,,,0.981971604773675,-0.15205926760550165,0.36053267957460866
2021-04-29,,,,,,,,,,,,,,,,,0.7683987483815526,0.36053267957460866,0.9467447922778444
2021-04-30,,,,,,,,,,,,,,,,,0.9183399459271315,0.9467447922778444,2.279559598394105
2021-05-01,,,,,,,,,,,,,,,,,1.4556353043812686,2.279559598394105,0.8163205335522259
2021-05-02,,,,,,,,,,,,,,,,,-1.9381072860649442,0.8163205335522259,1.5039696488833654
2021-05-03,,,,,,,,,,,,,,,,,1.6160954031338763,1.5039696488833654,2.346021697426322
2021-05-04,,,,,,,,,,,,,,,,,1.4992420441851606,2.346021697426322,1.1062308069200393
2021-05-05,,,,,,,,,,,,,,,,,-1.444187975721357,1.1062308069200393,0.8980889279210017
2021-05-06,,,,,,,,,,,,,,,,,-0.2856456734025952,0.8980889279210017,0.5641491236021239
2021-05-07,,,,,,,,,,,,,,,,,-0.3743638265107999,0.5641491236021239,2.1123511354757603
2021-05-08,,,,,,,,,,,,,,,,,2.2415568286268495,2.1123511354757603,2.146583424608065
2021-05-09,,,,,,,,,,,,,,,,,-0.1181312376305653,2.146583424608065,3.502964221340909
2021-05-10,,,,,,,,,,,,,,,,,1.6510411204703919,3.502964221340909,1.4391871139025616
2021-05-11,,,,,,,,,,,,,,,,,-2.52534950714348,1.4391871139025616,0.40184769779553736
2021-05-12,,,,,,,,,,,,,,,,,-0.6825402736326512,0.40184769779553736,0.9577514621883689
2021-05-13,,,,,,,,,,,,,,,,,0.2712050801340441,0.9577514621883689,0.9472281912451541
2021-05-14,,,,,,,,,,,,,,,,,-0.10260662344717113,0.9472281912451541,-0.2452293522017723
2021-05-15,,,,,,,,,,,,,,,,,-1.7063158229626558,-0.2452293522017723,-0.31128806147838933
2021-05-16,,,,,,,,,,,,,,,,,0.04134016915809203,-0.31128806147838933,0.32710325631137926
2021-05-17,,,,,,,,,,,,,,,,,1.2378030730268188,0.32710325631137926,1.5821399343468587
2021-05-18,,,,,,,,,,,,,,,,,1.6608680017835593,1.5821399343468587,1.8885567503729006
2021-05-19,,,,,,,,,,,,,,,,,0.872767081124666,1.8885567503729006,0.9974677964291794
2021-05-20,,,,,,,,,,,,,,,,,-2.2125543409292683,0.9974677964291794,0.18696936154994964
2021-05-21,,,,,,,,,,,,,,,,,-1.1767025193025502,0.18696936154994964,-0.23817662770020134
2021-05-22,,,,,,,,,,,,,,,,,-0.48533474499684265,-0.23817662770020134,-0.74188970496475
2021-05-23,,,,,,,,,,,,,,,,,-0.5977926122140088,-0.74188970496475,-0.6764668542545808
2021-05-24,,,,,,,,,,,,,,,,,-0.1784474301672844,-0.6764668542545808,-1.1604722584954386
2021-05-25,,,,,,,,,,,,,,,,,-0.448746004843663,-1.1604722584954386,-0.8395047596714116
2021-05-26,,,,,,,,,,,,,,,,,0.15231303524772,-0.8395047596714116,-0.3848710809140776
2021-05-27,,,,,,,,,,,,,,,,,0.5326701496085189,-0.3848710809140776,-0.7149910423282686
2021-05-28,,,,,,,,,,,,,,,,,-0.7795661161824853,-0.7149910423282686,-0.44082238169596627
2021-05-29,,,,,,,,,,,,,,,,,1.1702853680384038,-0.44082238169596627,0.09505336840233655
2021-05-30,,,,,,,,,,,,,,,,,0.9100412305442667,0.09505336840233655,0.8222220449338884
2021-05-31,,,,,,,,,,,,,,,,,1.4975654068236912,0.8222220449338884,0.5252342255052422
2021-06-01,,,,,,,,,,,,,,,,,-0.7360066587266598,0.5252342255052422,1.7379226056845414
2021-06-02,,,,,,,,,,,,,,,,,3.302065197732257,1.7379226056845414,3.5466783447843304
2021-06-03,,,,,,,,,,,,,,,,,1.133190901608383,3.5466783447843304,0.5890385474534134
2021-06-04,,,,,,,,,,,,,,,,,-3.2279691082246753,0.5890385474534134,1.2564449154761939
2021-06-05,,,,,,,,,,,,,,,,,0.4330906648858047,1.2564449154761939,0.2437288451249689
2021-06-06,,,,,,,,,,,,,,,,,-0.7551685689766324,0.2437288451249689,1.5163964939095653
2021-06-07,,,,,,,,,,,,,,,,,1.4934966065891229,1.5163964939095653,0.5600582219310543
2021-06-08,,,,,,,,,,,,,,,,,-1.6597019374259572,0.5600582219310543,0.2981731356222674
2021-06-09,,,,,,,,,,,,,,,,,-0.1629805834882532,0.2981731356222674,1.304357669517696
2021-06-10,,,,,,,,,,,,,,,,,2.496101361372831,1.304357669517696,0.6335777678621768
2021-06-11,,,,,,,,,,,,,,,,,-2.236315848913043,0.6335777678621768,-0.16663161737998436
2021-06-12,,,,,,,,,,,,,,,,,-1.3701245122767827,-0.16663161737998436,0.7268344082363422
2021-06-13,,,,,,,,,,,,,,,,,1.6657671871869317,0.7268344082363422,1.3166097564881736
2021-06-14,,,,,,,,,,,,,,,,,1.1101720910948303,1.3166097564881736,1.627101487026788
2021-06-15,,,,,,,,,,,,,,,,,-0.046383242646770434,1.627101487026788,0.947416070465117
2021-06-16,,,,,,,,,,,,,,,,,-2.3811263762988695,0.947416070465117,1.1349827810686985
2021-06-17,,,,,,,,,,,,,,,,,0.32912151058753963,1.1349827810686985,0.36851193400955873
2021-06-18,,,,,,,,,,,,,,,,,-1.3351787567405384,0.36851193400955873,0.23661163384635134
2021-06-19,,,,,,,,,,,,,,,,,0.016138314951662992,0.23661163384635134,-0.09050770769913381
2021-06-20,,,,,,,,,,,,,,,,,-0.5148033480089341,-0.09050770769913381,-0.3233171912742003
2021-06-21,,,,,,,,,,,,,,,,,-0.47517810310812164,-0.3233171912742003,0.9378875779148295
2021-06-22,,,,,,,,,,,,,,,,,1.7313880427258432,0.9378875779148295,0.23468115449266536
2021-06-23,,,,,,,,,,,,,,,,,-0.35877531730841905,0.23468115449266536,0.2857615684907284
2021-06-24,,,,,,,,,,,,,,,,,-0.02006817546258041,0.2857615684907284,1.1076670775628668
2021-06-25,,,,,,,,,,,,,,,,,1.298135657572602,1.1076670775628668,0.12776652189360124
2021-06-26,,,,,,,,,,,,,,,,,-0.9939731234431529,0.12776652189360124,0.9939701733420777
2021-06-27,,,,,,,,,,,,,,,,,0.9885871179183002,0.9939701733420777,1.5619668140522913
2021-06-28,,,,,,,,,,,,,,,,,0.5460641999676018,1.5619668140522913,0.6969365988699043
2021-06-29,,,,,,,,,,,,,,,,,-1.3866223558420425,0.6969365988699043,0.6195374162556696
2021-06-30,,,,,,,,,,,,,,,,,-0.0016744777594143029,0.6195374162556696,-0.12036455762902724
2021-07-01,,,,,,,,,,,,,,,,,-1.2487530420168698,-0.12036455762902724,-0.28999977409660654
2021-07-02,,,,,,,,,,,,,,,,,-0.4309935413331306,-0.28999977409660654,1.695233897974725
2021-07-03,,,,,,,,,,,,,,,,,5.045876318030776,1.695233897974725,1.7165779659049196
2021-07-04,,,,,,,,,,,,,,,,,-0.8096757041509154,1.7165779659049196,0.11891737540079145
2021-07-05,,,,,,,,,,,,,,,,,-2.4583033961328677,0.11891737540079145,0.4945629380913997
2021-07-06,,,,,,,,,,,,,,,,,0.9616429255283033,0.4945629380913997,-0.0893807781515055
2021-07-07,,,,,,,,,,,,,,,,,-0.9193601556318127,-0.0893807781515055,-0.08365455943063985
2021-07-08,,,,,,,,,,,,,,,,,0.07321601377998066,-0.08365455943063985,0.4795448895098719
2021-07-09,,,,,,,,,,,,,,,,,1.6016007787177675,0.4795448895098719,-0.10784289795916639
2021-07-10,,,,,,,,,,,,,,,,,-1.584931054363275,-0.10784289795916639,0.48101417877940245
2021-07-11,,,,,,,,,,,,,,,,,1.8655725738495839,0.48101417877940245,1.8687695074504638
2021-07-12,,,,,,,,,,,,,,,,,4.643164996843154,1.8687695074504638,1.066028814738625
2021-07-13,,,,,,,,,,,,,,,,,-3.90505886306119,1.066028814738625,0.6159731950465466
2021-07-14,,,,,,,,,,,,,,,,,-2.8430802840130847,0.6159731950465466,0.16982442477191692
2021-07-15,,,,,,,,,,,,,,,,,-1.5005818081197946,0.16982442477191692,0.1145848044284929
2021-07-16,,,,,,,,,,,,,,,,,-0.005709173182706233,0.1145848044284929,-0.18455916483446205
2021-07-17,,,,,,,,,,,,,,,,,-0.5098798582208741,-0.18455916483446205,0.09351392873907138
2021-07-18,,,,,,,,,,,,,,,,,0.994578467579538,0.09351392873907138,-0.053133556474419
2021-07-19,,,,,,,,,,,,,,,,,-0.2398203316577969,-0.053133556474419,-0.1909414882703484
2021-07-20,,,,,,,,,,,,,,,,,-0.4430815888113316,-0.1909414882703484,-0.29878326542530437
2021-07-21,,,,,,,,,,,,,,,,,-0.23336898315297763,-0.29878326542530437,-0.5484938274607496
2021-07-22,,,,,,,,,,,,,,,,,-0.6354073832161583,-0.5484938274607496,-0.7415403646972062
2021-07-23,,,,,,,,,,,,,,,,,-0.10171965097060345,-0.7415403646972062,-0.2565432126595291
2021-07-24,,,,,,,,,,,,,,,,,0.7571086486723141,-0.2565432126595291,-0.40816140245564014
2021-07-25,,,,,,,,,,,,,,,,,-0.6355968593907967,-0.40816140245564014,0.8735244863808809
2021-07-26,,,,,,,,,,,,,,,,,3.0664653598190807,0.8735244863808809,0.3819674254596228
2021-07-27,,,,,,,,,,,,,,,,,-1.8376176630341683,0.3819674254596228,0.5157715391114234
2021-07-28,,,,,,,,,,,,,,,,,0.6471896183542781,0.5157715391114234,0.6304921451698955
2021-07-29,,,,,,,,,,,,,,,,,0.46425776341062286,0.6304921451698955,0.2945435047405004
2021-07-30,,,,,,,,,,,,,,,,,-0.9462107086283471,0.2945435047405004,0.06657647696084017
2021-07-31,,,,,,,,,,,,,,,,,-0.6962556697902214,0.06657647696084017,-0.09592170409540655
2021-08-01,,,,,,,,,,,,,,,,,-0.36273522991889434,-0.09592170409540655,-0.3285030831665261
2021-08-02,,,,,,,,,,,,,,,,,-0.5477136497554078,-0.3285030831665261,-0.4494086501709007
2021-08-03,,,,,,,,,,,,,,,,,-0.3335566222586106,-0.4494086501709007,0.22127389040228806
2021-08-04,,,,,,,,,,,,,,,,,2.1647655491263635,0.22127389040228806,-0.36413158892226993
2021-08-05,,,,,,,,,,,,,,,,,-1.2605021389334365,-0.36413158892226993,-0.3751222334564344
2021-08-06,,,,,,,,,,,,,,,,,0.2326435388944686,-0.3751222334564344,0.05720675397567184
2021-08-07,,,,,,,,,,,,,,,,,0.8234696457460667,0.05720675397567184,-0.2431390105889398
2021-08-08,,,,,,,,,,,,,,,,,-0.5929929124097253,-0.2431390105889398,0.2960216735593861
2021-08-09,,,,,,,,,,,,,,,,,0.9003223073709048,0.2960216735593861,0.3666746348288015
2021-08-10,,,,,,,,,,,,,,,,,0.035329871906277746,0.3666746348288015,0.11765876506893042
2021-08-11,,,,,,,,,,,,,,,,,-0.49753249922832793,0.11765876506893042,-0.23812354324602558
2021-08-12,,,,,,,,,,,,,,,,,-0.6893283296684968,-0.23812354324602558,0.013346256246375624
2021-08-13,,,,,,,,,,,,,,,,,0.6446932990409049,0.013346256246375624,0.0886279872670997
2021-08-14,,,,,,,,,,,,,,,,,0.2421020701872963,0.0886279872670997,0.8230596995109858
2021-08-15,,,,,,,,,,,,,,,,,2.0294827415202734,0.8230596995109858,2.099701974947664
2021-08-16,,,,,,,,,,,,,,,,,2.5852107261078716,2.099701974947664,0.5933995472090661
2021-08-17,,,,,,,,,,,,,,,,,-4.596240752500247,0.5933995472090661,0.690902603176806
2021-08-18,,,,,,,,,,,,,,,,,0.2848111256482315,0.690902603176806,1.087757768083768
2021-08-19,,,,,,,,,,,,,,,,,1.1088460110529703,1.087757768083768,2.061043521484938
2021-08-20,,,,,,,,,,,,,,,,,0.8520624044725978,2.061043521484938,1.590500011836578
2021-08-21,,,,,,,,,,,,,,,,,0.3564247271144405,1.590500011836578,2.0717003671638086
2021-08-22,,,,,,,,,,,,,,,,,-0.10657295210271148,2.0717003671638086,0.6456707265362385
2021-08-23,,,,,,,,,,,,,,,,,-2.494256128169749,0.6456707265362385,0.5137502729958001
2021-08-24,,,,,,,,,,,,,,,,,-0.03145252176931546,0.5137502729958001,1.5554368392739861
2021-08-25,,,,,,,,,,,,,,,,,2.69352860375581,1.5554368392739861,1.2058203646306598
2021-08-26,,,,,,,,,,,,,,,,,-1.0412582284835927,1.2058203646306598,0.16173813748072427
2021-08-27,,,,,,,,,,,,,,,,,-1.2943700073712667,0.16173813748072427,0.7859907897576595
2021-08-28,,,,,,,,,,,,,,,,,1.5854174867073478,0.7859907897576595,-0.005005901768529134
2021-08-29,,,,,,,,,,,,,,,,,-0.9182255017409947,-0.005005901768529134,0.347630906823683
2021-08-30,,,,,,,,,,,,,,,,,0.36812873332110646,0.347630906823683,0.41694141016010555
2021-08-31,,,,,,,,,,,,,,,,,0.13239592333876968,0.41694141016010555,-0.04731208272169308
2021-09-01,,,,,,,,,,,,,,,,,-0.4694310510894066,-0.04731208272169308,2.03118413649361
2021-09-02,,,,,,,,,,,,,,,,,5.423469586395199,2.03118413649361,1.1926284519622798
2021-09-03,,,,,,,,,,,,,,,,,-2.719450024177672,1.1926284519622798,0.32966203402017086
2021-09-04,,,,,,,,,,,,,,,,,-1.5407150777802074,0.32966203402017086,-0.06690587134652234
2021-09-05,,,,,,,,,,,,,,,,,-0.5622019469149503,-0.06690587134652234,0.4065706329770354
2021-09-06,,,,,,,,,,,,,,,,,1.436981204575737,0.4065706329770354,1.2148172286025127
2021-09-07,,,,,,,,,,,,,,,,,0.6214145102086694,1.2148172286025127,1.3202645685201453
2021-09-08,,,,,,,,,,,,,,,,,0.04576875099828916,1.3202645685201453,0.8058888273649143
2021-09-09,,,,,,,,,,,,,,,,,-1.7547284521546018,0.8058888273649143,1.0947370803770988
2021-09-10,,,,,,,,,,,,,,,,,0.89444460502947,1.0947370803770988,0.54359235238912
2021-09-11,,,,,,,,,,,,,,,,,-1.6325684856970375,0.54359235238912,1.8965393062087206
2021-09-12,,,,,,,,,,,,,,,,,2.182168891583262,1.8965393062087206,0.6185020041942552
2021-09-13,,,,,,,,,,,,,,,,,-1.2289637585123598,0.6185020041942552,-0.11934309498629267
2021-09-14,,,,,,,,,,,,,,,,,-0.8226725191338192,-0.11934309498629267,0.4651671456947381
2021-09-15,,,,,,,,,,,,,,,,,0.7201214489592817,0.4651671456947381,1.0244718817146414
2021-09-16,,,,,,,,,,,,,,,,,0.6366652975582981,1.0244718817146414,0.8302332475820309
2021-09-17,,,,,,,,,,,,,,,,,0.011111300679279384,0.8302332475820309,-0.027169718523180047
2021-09-18,,,,,,,,,,,,,,,,,-2.4927485383544,-0.027169718523180047,-0.1396466093451962
2021-09-19,,,,,,,,,,,,,,,,,-0.26708923796844486,-0.1396466093451962,1.20461222757873
2021-09-20,,,,,,,,,,,,,,,,,1.23748494453048,1.20461222757873,-0.08242241921803183
2021-09-21,,,,,,,,,,,,,,,,,-1.4071349753426017,-0.08242241921803183,2.119016937487399
2021-09-22,,,,,,,,,,,,,,,,,4.0171821909467145,2.119016937487399,0.531710996702474
2021-09-23,,,,,,,,,,,,,,,,,-3.506535823108776,0.531710996702474,2.24960353313582
2021-09-24,,,,,,,,,,,,,,,,,3.4350778761994367,2.24960353313582,0.04203915599456962
2021-09-25,,,,,,,,,,,,,,,,,-4.237903549285355,0.04203915599456962,-0.32555329992370885
2021-09-26,,,,,,,,,,,,,,,,,-0.44300149036497094,-0.32555329992370885,-0.7129858889434673
2021-09-27,,,,,,,,,,,,,,,,,-0.2938914528529118,-0.7129858889434673,0.007906391151513863
2021-09-28,,,,,,,,,,,,,,,,,1.2046788492139284,0.007906391151513863,-0.4543806898357067
2021-09-29,,,,,,,,,,,,,,,,,-1.3823234374532742,-0.4543806898357067,0.24286341622036614
2021-09-30,,,,,,,,,,,,,,,,,1.4523013075053777,0.24286341622036614,3.1664833725709878
2021-10-01,,,,,,,,,,,,,,,,,4.164562788414719,3.1664833725709878,2.0292153560273123
2021-10-02,,,,,,,,,,,,,,,,,-2.9185036183234403,2.0292153560273123,0.3871601012602142
2021-10-03,,,,,,,,,,,,,,,,,-3.1127563834543586,0.3871601012602142,0.7248808674895986
2021-10-04,,,,,,,,,,,,,,,,,0.2718974765987482,0.7248808674895986,0.42111701867601103
2021-10-05,,,,,,,,,,,,,,,,,-0.08476644344538553,0.42111701867601103,0.05204920920103812
2021-10-06,,,,,,,,,,,,,,,,,-0.5120264366470199,0.05204920920103812,0.33477950955488184
2021-10-07,,,,,,,,,,,,,,,,,0.7078330400821083,0.33477950955488184,-0.303077858518311
2021-10-08,,,,,,,,,,,,,,,,,-2.6788724689839074,-0.303077858518311,1.3651829635835313
2021-10-09,,,,,,,,,,,,,,,,,2.8083457153133926,1.3651829635835313,0.263615248729262
2021-10-10,,,,,,,,,,,,,,,,,-3.6988315284313447,0.263615248729262,1.1247640548452877
2021-10-11,,,,,,,,,,,,,,,,,1.0757130481849093,1.1247640548452877,2.771907218106172
2021-10-12,,,,,,,,,,,,,,,,,1.5565137956436452,2.771907218106172,-0.10992995430413383
2021-10-13,,,,,,,,,,,,,,,,,-3.867381537886281,-0.10992995430413383,-0.21611871899436633
2021-10-14,,,,,,,,,,,,,,,,,-0.1293187315951682,-0.21611871899436633,-0.5176057724809442
2021-10-15,,,,,,,,,,,,,,,,,-0.5056149304031566,-0.5176057724809442,0.13766154974724643
2021-10-16,,,,,,,,,,,,,,,,,1.0181720637201288,0.13766154974724643,-0.562236666852012
2021-10-17,,,,,,,,,,,,,,,,,-1.4276336187576655,-0.562236666852012,0.298720127047456
2021-10-18,,,,,,,,,,,,,,,,,2.4489268725963247,0.298720127047456,-0.6096810359895619
2021-10-19,,,,,,,,,,,,,,,,,-1.0705132731702722,-0.6096810359895619,-0.3065967329022706
2021-10-20,,,,,,,,,,,,,,,,,0.7641980978167169,-0.3065967329022706,-0.7165096941270361
2021-10-21,,,,,,,,,,,,,,,,,-0.7993827694838159,-0.7165096941270361,-0.7577315121123787
2021-10-22,,,,,,,,,,,,,,,,,-0.2557680661493598,-0.7577315121123787,0.2544014149667424
2021-10-23,,,,,,,,,,,,,,,,,1.8180099480903784,0.2544014149667424,-0.2124456688632858
2021-10-24,,,,,,,,,,,,,,,,,-0.78159594572335,-0.2124456688632858,-0.32696217575257264
2021-10-25,,,,,,,,,,,,,,,,,-0.22137600139266597,-0.32696217575257264,-0.36728700360587335
2021-10-26,,,,,,,,,,,,,,,,,0.1064725834019137,-0.36728700360587335,1.2728349045515346
2021-10-27,,,,,,,,,,,,,,,,,1.3555832020449752,1.2728349045515346,2.0980209526967544
2021-10-28,,,,,,,,,,,,,,,,,0.79449301709732,2.0980209526967544,-0.17735203911829903
2021-10-29,,,,,,,,,,,,,,,,,-2.6694501701375275,-0.17735203911829903,1.2879787851709406
2021-10-30,,,,,,,,,,,,,,,,,1.5918434906123973,1.2879787851709406,-0.15007413375960355
2021-10-31,,,,,,,,,,,,,,,,,-1.4673342364361501,-0.15007413375960355,0.6572634479990875
2021-11-01,,,,,,,,,,,,,,,,,1.480056445845666,0.6572634479990875,1.8488030034608933
2021-11-02,,,,,,,,,,,,,,,,,0.8872833806051754,1.8488030034608933,0.18825299185061345
2021-11-03,,,,,,,,,,,,,,,,,-1.7092064100631226,0.18825299185061345,-0.29420172009635215
2021-11-04,,,,,,,,,,,,,,,,,-0.5159542691387193,-0.29420172009635215,0.7765731781763148
2021-11-05,,,,,,,,,,,,,,,,,0.9926435501994862,0.7765731781763148,-0.10458362913334442
2021-11-06,,,,,,,,,,,,,,,,,-1.4476649999263924,-0.10458362913334442,-1.1491879813223673
2021-11-07,,,,,,,,,,,,,,,,,-1.3775200759255906,-1.1491879813223673,-1.0250811444456958
2021-11-08,,,,,,,,,,,,,,,,,-0.3437611342894427,-1.0250811444456958,-1.2799120329832154
2021-11-09,,,,,,,,,,,,,,,,,-0.10740457100924528,-1.2799120329832154,-0.47764206541519566
2021-11-10,,,,,,,,,,,,,,,,,1.0460157403859567,-0.47764206541519566,-0.7537776016960092
2021-11-11,,,,,,,,,,,,,,,,,0.0033280587170636472,-0.7537776016960092,-0.7347678549158467
2021-11-12,,,,,,,,,,,,,,,,,-0.4762743578746319,-0.7347678549158467,-1.10407463614938
2021-11-13,,,,,,,,,,,,,,,,,-0.5441111392058265,-1.10407463614938,-1.1035847347669503
2021-11-14,,,,,,,,,,,,,,,,,0.06762565514499785,-1.1035847347669503,-1.3796694712547082
2021-11-15,,,,,,,,,,,,,,,,,0.10139561314446636,-1.3796694712547082,-0.8365655108270428
2021-11-16,,,,,,,,,,,,,,,,,-0.15622216093612987,-0.8365655108270428,-0.9109919799738416
2021-11-17,,,,,,,,,,,,,,,,,0.24200140056006922,-0.9109919799738416,-1.319240916547983
2021-11-18,,,,,,,,,,,,,,,,,-0.13593906954426876,-1.319240916547983,-1.58019071551928
2021-11-19,,,,,,,,,,,,,,,,,-0.21810628124219128,-1.58019071551928,-1.8710287502132887
2021-11-20,,,,,,,,,,,,,,,,,0.20889917834523322,-1.8710287502132887,-1.179740353176362
2021-11-21,,,,,,,,,,,,,,,,,-0.15750898506286054,-1.179740353176362,-1.1347328485006274
2021-11-22,,,,,,,,,,,,,,,,,0.5628250610486049,-1.1347328485006274,-1.2397427685367415
2021-11-23,,,,,,,,,,,,,,,,,-0.008028057048682848,-1.2397427685367415,-0.752693633306251
2021-11-24,,,,,,,,,,,,,,,,,0.9301727494993048,-0.752693633306251,0.3645690269493514
2021-11-25,,,,,,,,,,,,,,,,,1.537103683870086,0.3645690269493514,0.5919364937837117
2021-11-26,,,,,,,,,,,,,,,,,0.4469544512696078,0.5919364937837117,1.299113574510365
2021-11-27,,,,,,,,,,,,,,,,,1.4923335083073779,1.299113574510365,0.01725758112812731
2021-11-28,,,,,,,,,,,,,,,,,-2.7033158380393285,0.01725758112812731,-0.25856850280244126
2021-11-29,,,,,,,,,,,,,,,,,-0.6418041403841614,-0.25856850280244126,-0.028985493807263722
2021-11-30,,,,,,,,,,,,,,,,,0.30061057870299834,-0.028985493807263722,0.1273987558507797
2021-12-01,,,,,,,,,,,,,,,,,0.6252557073561753,0.1273987558507797,0.3006793532476078
2021-12-02,,,,,,,,,,,,,,,,,0.26055740600126304,0.3006793532476078,-0.29748038810360744
2021-12-03,,,,,,,,,,,,,,,,,-2.264566801253099,-0.29748038810360744,-0.4499580226327364
2021-12-04,,,,,,,,,,,,,,,,,-0.49136552627250285,-0.4499580226327364,-0.04859473241039485
2021-12-05,,,,,,,,,,,,,,,,,1.0205552646756328,-0.04859473241039485,-0.34120077584273323
2021-12-06,,,,,,,,,,,,,,,,,-1.0462708153783205,-0.34120077584273323,-0.6997205895534596
2021-12-07,,,,,,,,,,,,,,,,,-0.5415280506731628,-0.6997205895534596,-0.868760861856193
2021-12-08,,,,,,,,,,,,,,,,,-0.1269322930624785,-0.868760861856193,-0.8896859717235402
2021-12-09,,,,,,,,,,,,,,,,,-0.11577068515776694,-0.8896859717235402,-1.0640894701092292
2021-12-10,,,,,,,,,,,,,,,,,-0.25763324213308725,-1.0640894701092292,-1.00209283185378
2021-12-11,,,,,,,,,,,,,,,,,0.182791242123571,-1.00209283185378,-1.0557244371048424
2021-12-12,,,,,,,,,,,,,,,,,-0.09152180645140279,-1.0557244371048424,-0.7747939411411799
2021-12-13,,,,,,,,,,,,,,,,,1.093146301860277,-0.7747939411411799,-0.7628759530718706
2021-12-14,,,,,,,,,,,,,,,,,-0.3486417716839317,-0.7628759530718706,-0.9155427450682216
2021-12-15,,,,,,,,,,,,,,,,,-0.053321963661634664,-0.9155427450682216,-0.8258186029283567
2021-12-16,,,,,,,,,,,,,,,,,-0.024068291819118206,-0.8258186029283567,-0.8963823360066325
2021-12-17,,,,,,,,,,,,,,,,,0.06871031356856969,-0.8963823360066325,-0.746968851449459
2021-12-18,,,,,,,,,,,,,,,,,0.46183275768620685,-0.746968851449459,-0.6348981519017596
2021-12-19,,,,,,,,,,,,,,,,,0.05529302591967075,-0.6348981519017596,-0.8491153320698467
2021-12-20,,,,,,,,,,,,,,,,,-0.42616721417696385,-0.8491153320698467,-0.9734800413885971
2021-12-21,,,,,,,,,,,,,,,,,0.03415537605470463,-0.9734800413885971,-0.8377043764974889
2021-12-22,,,,,,,,,,,,,,,,,0.4846695431235869,-0.8377043764974889,-0.19535653743782114
2021-12-23,,,,,,,,,,,,,,,,,1.785770976187172,-0.19535653743782114,-0.3925033520767996
2021-12-24,,,,,,,,,,,,,,,,,-0.3536153566209558,-0.3925033520767996,-0.48049966142044226
2021-12-25,,,,,,,,,,,,,,,,,-0.28711391592252894,-0.48049966142044226,-0.03942577304165636
2021-12-26,,,,,,,,,,,,,,,,,0.86408740352419,-0.03942577304165636,0.23767310509121573
2021-12-27,,,,,,,,,,,,,,,,,0.5323532464882403,0.23767310509121573,0.07700077173326732
2021-12-28,,,,,,,,,,,,,,,,,-0.2694999420911658,0.07700077173326732,-0.06443182891168771
2021-12-29,,,,,,,,,,,,,,,,,-0.3213554712672889,-0.06443182891168771,-0.0017648515888177593
2021-12-30,,,,,,,,,,,,,,,,,0.19106995990538936,-0.0017648515888177593,0.5895510399924545
2021-12-31,,,,,,,,,,,,,,,,,1.2246159941619614,0.5895510399924545,-0.09320841081581807
2022-01-01,,,,,,,,,,,,,,,,,-1.6883816395236777,0.049783188695345086,0.19122214610816377
2022-01-02,,,,,,,,,,,,,,,,,0.0366494285319884,0.19122214610816377,0.5498791737198022
2022-01-03,,,,,,,,,,,,,,,,,0.9040435595378187,0.5498791737198022,1.385039854081297
2022-01-04,,,,,,,,,,,,,,,,,2.505544230354756,1.385039854081297,0.4909489789975451
2022-01-05,,,,,,,,,,,,,,,,,-3.206004125858857,0.4909489789975451,-0.2379879946253504
2022-01-06,,,,,,,,,,,,,,,,,-0.951696095105926,-0.2379879946253504,-0.38216366431186205
2022-01-07,,,,,,,,,,,,,,,,,-0.11517210544443954,-0.38216366431186205,-0.048793858116815435
2022-01-08,,,,,,,,,,,,,,,,,0.6392456160792361,-0.048793858116815435,-0.4081029969942305
2022-01-09,,,,,,,,,,,,,,,,,-0.8019073814416369,-0.4081029969942305,-0.5249268839661319
2022-01-10,,,,,,,,,,,,,,,,,-0.6526076103917737,-0.5249268839661319,-0.6175988473250835
2022-01-11,,,,,,,,,,,,,,,,,-0.1991660164682244,-0.6175988473250835,-0.663959705529533
2022-01-12,,,,,,,,,,,,,,,,,0.035835642105665914,-0.663959705529533,-0.6725832693032019
2022-01-13,,,,,,,,,,,,,,,,,0.2904733650416952,-0.6725832693032019,-0.638851411355931
2022-01-14,,,,,,,,,,,,,,,,,-0.10848483934850711,-0.638851411355931,-0.5896575041914455
2022-01-15,,,,,,,,,,,,,,,,,0.45708943469517016,-0.5896575041914455,-0.6037784382269451
2022-01-16,,,,,,,,,,,,,,,,,-0.16796874945424986,-0.6037784382269451,-0.5560910071169263
2022-01-17,,,,,,,,,,,,,,,,,-0.09388281640824978,-0.5560910071169263,-0.6126418211282737
2022-01-18,,,,,,,,,,,,,,,,,-0.36996115069791335,-0.6126418211282737,-0.6903861713011362
2022-01-19,,,,,,,,,,,,,,,,,-0.2266269352445857,-0.6903861713011362,-0.5758210215928329
2022-01-20,,,,,,,,,,,,,,,,,0.4230197346266396,-0.5758210215928329,-0.6122747727011396
2022-01-21,,,,,,,,,,,,,,,,,-0.2337482034187927,-0.6122747727011396,-0.7283963971438209
2022-01-22,,,,,,,,,,,,,,,,,0.04471543661083408,-0.7283963971438209,-0.5654714438882666
2022-01-23,,,,,,,,,,,,,,,,,-0.25051509966463925,-0.5654714438882666,-0.4847392994082674
2022-01-24,,,,,,,,,,,,,,,,,0.6243370645720162,-0.4847392994082674,-0.4392064160888956
2022-01-25,,,,,,,,,,,,,,,,,0.2978208181890087,-0.4392064160888956,-0.4854082564312296
2022-01-26,,,,,,,,,,,,,,,,,-0.07646606352846863,-0.4854082564312296,0.2524668962453869
2022-01-27,,,,,,,,,,,,,,,,,2.3024678292423553,0.2524668962453869,-0.3661337942187191
2022-01-28,,,,,,,,,,,,,,,,,-0.8227419234069474,-0.3661337942187191,-0.4726034222340359
2022-01-29,,,,,,,,,,,,,,,,,-0.03564319172543444,-0.4726034222340359,-0.6093371461396716
2022-01-30,,,,,,,,,,,,,,,,,-0.3373655199426469,-0.6093371461396716,-0.5750256769529996
2022-01-31,,,,,,,,,,,,,,,,,0.34855409648452845,-0.5750256769529996,-0.5546119323356379
2022-02-01,,,,,,,,,,,,,,,,,-0.19167139758640822,-0.5546119323356379,-0.6642912946158345
2022-02-02,,,,,,,,,,,,,,,,,-0.2690989868640206,-0.6642912946158345,-0.7104432826450896
2022-02-03,,,,,,,,,,,,,,,,,0.09314190101083243,-0.7104432826450896,-0.8147834615335737
2022-02-04,,,,,,,,,,,,,,,,,0.05030137755993532,-0.8147834615335737,-0.7422798351896434
2022-02-05,,,,,,,,,,,,,,,,,0.3952223830044222,-0.7422798351896434,-0.3973655133203633
2022-02-06,,,,,,,,,,,,,,,,,0.6698851694464335,-0.3973655133203633,-0.20393185687954046
2022-02-07,,,,,,,,,,,,,,,,,0.27213982448485,-0.20393185687954046,-0.0006638797428356837
2022-02-08,,,,,,,,,,,,,,,,,0.38120277502590333,-0.0006638797428356837,0.40664757598502993
2022-02-09,,,,,,,,,,,,,,,,,1.8459634726799137,0.40664757598502993,0.7184752521351331
2022-02-10,,,,,,,,,,,,,,,,,0.22131543235495196,0.7184752521351331,0.23704174566760725
2022-02-11,,,,,,,,,,,,,,,,,-0.11875194514993885,0.23704174566760725,-0.1023635077252377
2022-02-12,,,,,,,,,,,,,,,,,-1.553065941163591,-0.1023635077252377,-0.028107270601083454
2022-02-13,,,,,,,,,,,,,,,,,0.13702236055662506,-0.028107270601083454,-0.44802242486365124
2022-02-14,,,,,,,,,,,,,,,,,-0.853018226253543,-0.44802242486365124,-0.06162877467545877
2022-02-15,,,,,,,,,,,,,,,,,0.8143162313921483,-0.06162877467545877,0.09824018058559712
2022-02-16,,,,,,,,,,,,,,,,,0.4140222218301855,0.09824018058559712,0.1762516328078698
2022-02-17,,,,,,,,,,,,,,,,,0.20918671756012078,0.1762516328078698,0.09914371761776179
2022-02-18,,,,,,,,,,,,,,,,,-0.2633416934203708,0.09914371761776179,-0.32718518253771683
2022-02-19,,,,,,,,,,,,,,,,,-1.3713522818333006,-0.32718518253771683,0.09134557594923233
2022-02-20,,,,,,,,,,,,,,,,,0.4912503130162757,0.09134557594923233,0.5443924002006227
2022-02-21,,,,,,,,,,,,,,,,,1.4502347563505116,0.5443924002006227,0.46319435308317153
2022-02-22,,,,,,,,,,,,,,,,,-0.3887331281568812,0.46319435308317153,0.18719381720911446
2022-02-23,,,,,,,,,,,,,,,,,-0.5030656906881522,0.18719381720911446,0.2098977001738565
2022-02-24,,,,,,,,,,,,,,,,,0.07268530428978617,0.2098977001738565,0.03233198955551468
2022-02-25,,,,,,,,,,,,,,,,,-0.34016385230381824,0.03233198955551468,0.12993707495639328
2022-02-26,,,,,,,,,,,,,,,,,0.34361702457878435,0.12993707495639328,-0.020228630694719838
2022-02-27,,,,,,,,,,,,,,,,,-0.39867896812190046,-0.020228630694719838,0.27611071844317536
2022-02-28,,,,,,,,,,,,,,,,,0.8297672597593821,0.27611071844317536,0.9947618311576133
2022-03-01,,,,,,,,,,,,,,,,,2.699636339497469,0.9230373964742508,1.264859017774696
2022-03-02,,,,,,,,,,,,,,,,,1.84227586737558,1.264859017774696,0.8411795240661849
2022-03-03,,,,,,,,,,,,,,,,,-1.602622102900184,0.8411795240661849,0.6719478568555677
2022-03-04,,,,,,,,,,,,,,,,,-0.22282795763204313,0.6719478568555677,1.5679361845923474
2022-03-05,,,,,,,,,,,,,,,,,0.5426914522089692,1.5679361845923474,1.66303520546844
2022-03-06,,,,,,,,,,,,,,,,,-0.8447707274357503,1.66303520546844,2.1605436543672405
2022-03-07,,,,,,,,,,,,,,,,,2.4298534784888046,2.1605436543672405,3.7839917403737036
2022-03-08,,,,,,,,,,,,,,,,,1.8199680602542447,3.7839917403737036,1.934443300650576
2022-03-09,,,,,,,,,,,,,,,,,-5.1135854771768114,1.934443300650576,0.7908300872331679
2022-03-10,,,,,,,,,,,,,,,,,-2.0161277483652973,0.7908300872331679,0.23444059388851865
2022-03-11,,,,,,,,,,,,,,,,,-0.6049734004816723,0.23444059388851865,0.6385491432811014
2022-03-12,,,,,,,,,,,,,,,,,0.8924770710540383,0.6385491432811014,0.9957575263788115
2022-03-13,,,,,,,,,,,,,,,,,0.4494209966907919,0.9957575263788115,1.7084317727823102
2022-03-14,,,,,,,,,,,,,,,,,1.0725391550776469,1.7084317727823102,1.002959038206806
2022-03-15,,,,,,,,,,,,,,,,,-1.326324656389309,1.002959038206806,2.113329712523828
2022-03-16,,,,,,,,,,,,,,,,,3.4526572639844666,2.113329712523828,1.0738519219038287
2022-03-17,,,,,,,,,,,,,,,,,-1.9620577499003025,1.0738519219038287,0.9407414421156507
2022-03-18,,,,,,,,,,,,,,,,,0.2937081279099195,0.9407414421156507,0.8742057089351986
2022-03-19,,,,,,,,,,,,,,,,,-0.01995191775194666,0.8742057089351986,0.9064350431812934
2022-03-20,,,,,,,,,,,,,,,,,0.1795359485104528,0.9064350431812934,0.14529936798755672
2022-03-21,,,,,,,,,,,,,,,,,-1.0254513853031124,0.14529936798755672,0.9380332798472848
2022-03-22,,,,,,,,,,,,,,,,,1.034921197832274,0.9380332798472848,1.2266591295245979
2022-03-23,,,,,,,,,,,,,,,,,1.1610993864141388,1.2266591295245979,0.6456355232204214
2022-03-24,,,,,,,,,,,,,,,,,-2.671554013244789,0.6456355232204214,0.8310222692199425
2022-03-25,,,,,,,,,,,,,,,,,0.4494419005150177,0.8310222692199425,0.5979298969024142
2022-03-26,,,,,,,,,,,,,,,,,-0.4454736188244078,0.5979298969024142,1.3356173065819852
2022-03-27,,,,,,,,,,,,,,,,,1.7193624149488707,1.3356173065819852,1.4583762852536086
2022-03-28,,,,,,,,,,,,,,,,,0.2998466585988141,1.4583762852536086,1.3234819815254313
2022-03-29,,,,,,,,,,,,,,,,,-0.44458217673723094,1.3234819815254313,1.530904455840591
2022-03-30,,,,,,,,,,,,,,,,,0.10095282880905239,1.530904455840591,1.9568378256246284
2022-03-31,,,,,,,,,,,,,,,,,0.11581981406437905,1.9568378256246284,2.5077650267380234
2022-04-01,,,,,,,,,,,,,,,,,2.34759530337617,2.5077650267380234,1.4844141894089833
2022-04-02,,,,,,,,,,,,,,,,,-2.3980549817249157,1.4844141894089833,1.6672218508310341
2022-04-03,,,,,,,,,,,,,,,,,0.4898992068948188,1.6672218508310341,1.7940332288704317
2022-04-04,,,,,,,,,,,,,,,,,0.33330268678139446,1.7940332288704317,1.765122492063149
2022-04-05,,,,,,,,,,,,,,,,,0.6605829865909829,1.765122492063149,1.1270120197443683
2022-04-06,,,,,,,,,,,,,,,,,-1.1014587750193587,1.1270120197443683,0.9692647607893831
2022-04-07,,,,,,,,,,,,,,,,,-0.14130023586696325,0.9692647607893831,1.2105767182826916
2022-04-08,,,,,,,,,,,,,,,,,0.8877251960455467,1.2105767182826916,1.00845806429061
2022-04-09,,,,,,,,,,,,,,,,,-1.1042982291382175,1.00845806429061,0.6984336063524685
2022-04-10,,,,,,,,,,,,,,,,,-0.6929347494362259,0.6984336063524685,1.939865272927803
2022-04-11,,,,,,,,,,,,,,,,,1.8339667662627968,1.939865272927803,0.8563912393691311
2022-04-12,,,,,,,,,,,,,,,,,-1.7904140524348204,0.8563912393691311,3.206361360347934
2022-04-13,,,,,,,,,,,,,,,,,2.983637320812552,3.206361360347934,1.0745219603390197
2022-04-14,,,,,,,,,,,,,,,,,-4.9063896322018925,1.0745219603390197,-0.1286257888821501
2022-04-15,,,,,,,,,,,,,,,,,-2.213034602849469,-0.1286257888821501,0.16249538652234524
2022-04-16,,,,,,,,,,,,,,,,,0.5789440408177767,0.16249538652234524,-0.5659188655390456
2022-04-17,,,,,,,,,,,,,,,,,-0.8786097908027712,-0.5659188655390456,1.0524956819820432
2022-04-18,,,,,,,,,,,,,,,,,3.0322005027112633,1.0524956819820432,-0.03216013413394096
2022-04-19,,,,,,,,,,,,,,,,,-1.5240818055070227,-0.03216013413394096,0.9505392846384172
2022-04-20,,,,,,,,,,,,,,,,,1.791595115742287,0.9505392846384172,0.9034101727710722
2022-04-21,,,,,,,,,,,,,,,,,-0.08566586074305246,0.9034101727710722,2.977254497771664
2022-04-22,,,,,,,,,,,,,,,,,2.4380616048459554,2.977254497771664,1.4819954103084045
2022-04-23,,,,,,,,,,,,,,,,,-2.002765758421929,1.4819954103084045,1.154371961948673
2022-04-24,,,,,,,,,,,,,,,,,-0.5039648852565272,1.154371961948673,0.30780001453659994
2022-04-25,,,,,,,,,,,,,,,,,-1.489477876072473,0.30780001453659994,1.1326963083411234
2022-04-26,,,,,,,,,,,,,,,,,1.0176154377894369,1.1326963083411234,-0.17195986210853317
2022-04-27,,,,,,,,,,,,,,,,,-2.0388572216329464,-0.17195986210853317,0.7423862190695902
2022-04-28,,,,,,,,,,,,,,,,,1.0941853283949763,0.7423862190695902,1.326251723928069
2022-04-29,,,,,,,,,,,,,,,,,0.6839432943396317,1.326251723928069,0.9814117814504488
2022-04-30,,,,,,,,,,,,,,,,,-0.2085786587833812,0.9814117814504488,-0.029042466700498457
2022-05-01,,,,,,,,,,,,,,,,,-1.539328860798438,-0.029042466700498457,-0.4019259234086412
2022-05-02,,,,,,,,,,,,,,,,,-0.5533671956386684,-0.4019259234086412,-0.3898683866453783
2022-05-03,,,,,,,,,,,,,,,,,-0.055546894894683334,-0.3898683866453783,-1.1136701011514987
2022-05-04,,,,,,,,,,,,,,,,,-1.1707152508783176,-1.1136701011514987,-1.5788301182701523
2022-05-05,,,,,,,,,,,,,,,,,-0.45626470614864245,-1.5788301182701523,-1.2953060292739127
2022-05-06,,,,,,,,,,,,,,,,,0.39107471885877276,-1.2953060292739127,-1.0974469801179045
2022-05-07,,,,,,,,,,,,,,,,,0.10662684282142472,-1.0974469801179045,0.6599875791336657
2022-05-08,,,,,,,,,,,,,,,,,3.275979544469336,0.6599875791336657,0.16829070104422666
2022-05-09,,,,,,,,,,,,,,,,,-0.8946304952654218,0.16829070104422666,-0.36364923135274396
2022-05-10,,,,,,,,,,,,,,,,,-0.5449069288961875,-0.36364923135274396,0.39732119540329297
2022-05-11,,,,,,,,,,,,,,,,,0.9510448872894992,0.39732119540329297,2.244660465797225
2022-05-12,,,,,,,,,,,,,,,,,2.073737258513299,2.244660465797225,4.0376058405169974
2022-05-13,,,,,,,,,,,,,,,,,0.1806431907050911,4.0376058405169974,2.3644725254630394
2022-05-14,,,,,,,,,,,,,,,,,-4.846741099890865,2.3644725254630394,3.3467059224260107
2022-05-15,,,,,,,,,,,,,,,,,2.6923725584512543,3.3467059224260107,1.2978528451085825
2022-05-16,,,,,,,,,,,,,,,,,-4.542031452537974,1.2978528451085825,1.0713331277380542
2022-05-17,,,,,,,,,,,,,,,,,-0.17668238455515226,1.0713331277380542,1.132280941442386
2022-05-18,,,,,,,,,,,,,,,,,0.3587030526814878,1.132280941442386,0.7152413792312871
2022-05-19,,,,,,,,,,,,,,,,,-0.4582628820559259,0.7152413792312871,0.5367981406647039
2022-05-20,,,,,,,,,,,,,,,,,-0.6385380026661359,0.5367981406647039,1.2436020138585466
2022-05-21,,,,,,,,,,,,,,,,,1.6257708528432344,1.2436020138585466,1.1848949375085096
2022-05-22,,,,,,,,,,,,,,,,,-0.22508895111541793,1.1848949375085096,-0.0912138229796662
2022-05-23,,,,,,,,,,,,,,,,,-1.9581205785340159,-0.0912138229796662,0.03379996086100518
2022-05-24,,,,,,,,,,,,,,,,,0.11646670953910788,0.03379996086100518,0.8127605130101099
2022-05-25,,,,,,,,,,,,,,,,,1.1461835597653927,0.8127605130101099,1.194776986116677
2022-05-26,,,,,,,,,,,,,,,,,0.8206641490392296,1.194776986116677,0.16070121340745286
2022-05-27,,,,,,,,,,,,,,,,,-1.174465368324565,0.16070121340745286,0.1928160127893865
2022-05-28,,,,,,,,,,,,,,,,,0.14695852586943278,0.1928160127893865,0.05776916633033368
2022-05-29,,,,,,,,,,,,,,,,,-0.5155565058281678,0.05776916633033368,-0.43668809411694914
2022-05-30,,,,,,,,,,,,,,,,,-0.787521669802991,-0.43668809411694914,-0.17884015114208723
2022-05-31,,,,,,,,,,,,,,,,,0.45903496197000704,-0.17884015114208723,-0.06246897476693586
2022-06-01,,,,,,,,,,,,,,,,,0.2389617121246179,-0.06246897476693586,0.7539402636515872
2022-06-02,,,,,,,,,,,,,,,,,2.376409622540025,0.7539402636515872,0.5200251459627206
2022-06-03,,,,,,,,,,,,,,,,,-0.6071970557503207,0.5200251459627206,1.0629804923325747
2022-06-04,,,,,,,,,,,,,,,,,1.1177505277359159,1.0629804923325747,1.5024934418586768
2022-06-05,,,,,,,,,,,,,,,,,-0.052150144955723225,1.5024934418586768,0.17575517082866446
2022-06-06,,,,,,,,,,,,,,,,,-1.0954012967921796,0.17575517082866446,1.145372324064645
2022-06-07,,,,,,,,,,,,,,,,,1.140992345671922,1.145372324064645,0.8068829075524317
2022-06-08,,,,,,,,,,,,,,,,,-0.5195536997587186,0.8068829075524317,1.0793265744774883
2022-06-09,,,,,,,,,,,,,,,,,0.6535090454072312,1.0793265744774883,0.93049629647685
2022-06-10,,,,,,,,,,,,,,,,,-1.0539550905164539,0.93049629647685,0.854975276552672
2022-06-11,,,,,,,,,,,,,,,,,-0.4765686631328519,0.854975276552672,3.2924168296603007
2022-06-12,,,,,,,,,,,,,,,,,4.73332664014195,3.2924168296603007,1.2399261032526507
2022-06-13,,,,,,,,,,,,,,,,,-4.205574261792797,1.2399261032526507,1.1342906027708244
2022-06-14,,,,,,,,,,,,,,,,,-0.47265787892835065,1.1342906027708244,2.6573624008077807
2022-06-15,,,,,,,,,,,,,,,,,2.686581030614565,2.6573624008077807,2.121837353955702
2022-06-16,,,,,,,,,,,,,,,,,-2.1977073900262463,2.121837353955702,1.04395146543564
2022-06-17,,,,,,,,,,,,,,,,,-2.1113069166425222,1.04395146543564,1.1840697921142023
2022-06-18,,,,,,,,,,,,,,,,,0.052499413196498666,1.1840697921142023,0.4336171323063099
2022-06-19,,,,,,,,,,,,,,,,,-0.4409697596235662,0.4336171323063099,2.1197365016034513
2022-06-20,,,,,,,,,,,,,,,,,1.658752538501139,2.1197365016034513,2.329079493153623
2022-06-21,,,,,,,,,,,,,,,,,0.9824151715224075,2.329079493153623,2.2477846856114967
2022-06-22,,,,,,,,,,,,,,,,,-1.2382093382842794,2.2477846856114967,0.7716622712557814
2022-06-23,,,,,,,,,,,,,,,,,-0.5962120537660364,0.7716622712557814,1.0609611566254267
2022-06-24,,,,,,,,,,,,,,,,,0.1604116284353746,1.0609611566254267,0.4894141279741496
2022-06-25,,,,,,,,,,,,,,,,,-0.9924649551485072,0.4894141279741496,1.411729557279308
2022-06-26,,,,,,,,,,,,,,,,,1.544261274371896,1.411729557279308,1.7773705000048172
2022-06-27,,,,,,,,,,,,,,,,,-0.31801262612701303,1.7773705000048172,3.9688697810336047
2022-06-28,,,,,,,,,,,,,,,,,3.0714375923648727,3.9688697810336047,5.066075552188508
2022-06-29,,,,,,,,,,,,,,,,,3.1204257951059886,5.066075552188508,3.6036246724785084
2022-06-30,,,,,,,,,,,,,,,,,-1.7366446597430238,3.6036246724785084,4.633680080535826
2022-07-01,,,,,,,,,,,,,,,,,0.17909737691939068,4.633680080535826,3.81345917554447
2022-07-02,,,,,,,,,,,,,,,,,-1.6799239164587223,3.81345917554447,4.502395960661959
2022-07-03,,,,,,,,,,,,,,,,,1.039566845385453,4.502395960661959,3.3183976458543554
2022-07-04,,,,,,,,,,,,,,,,,-4.544257490832709,3.3183976458543554,2.50006755277698
2022-07-05,,,,,,,,,,,,,,,,,-0.5419657166278632,2.50006755277698,0.8791577381262157
2022-07-06,,,,,,,,,,,,,,,,,-1.807985741055742,0.8791577381262157,0.17483364533502474
2022-07-07,,,,,,,,,,,,,,,,,-0.8982262660665581,0.17483364533502474,0.2770799192735037
2022-07-08,,,,,,,,,,,,,,,,,0.09247602914199451,0.2770799192735037,0.1818308059951145
2022-07-09,,,,,,,,,,,,,,,,,-0.31485141055709054,0.1818308059951145,0.0770495452552073
2022-07-10,,,,,,,,,,,,,,,,,-0.2814596639836266,0.0770495452552073,0.08028165249198592
2022-07-11,,,,,,,,,,,,,,,,,-0.041211631708333356,0.08028165249198592,-0.03987968165290777
2022-07-12,,,,,,,,,,,,,,,,,-0.31906084590492817,-0.03987968165290777,0.5612267103957469
2022-07-13,,,,,,,,,,,,,,,,,2.6746845278344824,0.5612267103957469,0.5317758383860999
2022-07-14,,,,,,,,,,,,,,,,,-0.0993753657259199,0.5317758383860999,0.5020157188804248
2022-07-15,,,,,,,,,,,,,,,,,-0.28669304723053674,0.5020157188804248,-0.20703452891278976
2022-07-16,,,,,,,,,,,,,,,,,-1.384664083059013,-0.20703452891278976,-0.3087890665490862
2022-07-17,,,,,,,,,,,,,,,,,-0.3882863929499103,-0.3087890665490862,-0.12880081400874135
2022-07-18,,,,,,,,,,,,,,,,,0.7815941430842643,-0.12880081400874135,0.5167571421852603
2022-07-19,,,,,,,,,,,,,,,,,0.81495164967175,0.5167571421852603,0.0801619705965437
2022-07-20,,,,,,,,,,,,,,,,,-0.8784660152609798,0.0801619705965437,-0.08525511100127885
2022-07-21,,,,,,,,,,,,,,,,,-0.5898650350756867,-0.08525511100127885,0.10183542093371073
2022-07-22,,,,,,,,,,,,,,,,,0.6557192063684031,0.10183542093371073,-0.16067303232800048
2022-07-23,,,,,,,,,,,,,,,,,-0.5066069927701058,-0.16067303232800048,-0.14222458113245276
2022-07-24,,,,,,,,,,,,,,,,,-0.00899991033064286,-0.14222458113245276,0.005188801590607363
2022-07-25,,,,,,,,,,,,,,,,,0.3913474017960216,0.005188801590607363,0.7760459569238821
2022-07-26,,,,,,,,,,,,,,,,,1.6487401408658486,0.7760459569238821,1.3237388044854457
2022-07-27,,,,,,,,,,,,,,,,,1.4055337536593144,1.3237388044854457,0.6982686347648897
2022-07-28,,,,,,,,,,,,,,,,,-0.3927217419710171,0.6982686347648897,1.0561305288239018
2022-07-29,,,,,,,,,,,,,,,,,1.2479133757368897,1.0561305288239018,3.800866861999437
2022-07-30,,,,,,,,,,,,,,,,,2.4538949779499766,3.800866861999437,1.3693656721764271
2022-07-31,,,,,,,,,,,,,,,,,-7.624802720956202,1.3693656721764271,1.8814147223295439
2022-08-01,,,,,,,,,,,,,,,,,1.5505887342527236,1.8814147223295439,2.2001837092676073
2022-08-02,,,,,,,,,,,,,,,,,0.3525549780266705,2.2001837092676073,1.610184370459069
2022-08-03,,,,,,,,,,,,,,,,,-0.4544414092440677,1.610184370459069,1.9658400383898516
2022-08-04,,,,,,,,,,,,,,,,,0.23984776824837947,1.9658400383898516,0.493145744745258
2022-08-05,,,,,,,,,,,,,,,,,-2.3193707364628717,0.493145744745258,0.764927424814369
2022-08-06,,,,,,,,,,,,,,,,,0.009589814552177904,0.764927424814369,3.532982021381633
2022-08-07,,,,,,,,,,,,,,,,,5.3160358971794,3.532982021381633,1.3484031209673155
2022-08-08,,,,,,,,,,,,,,,,,-3.4739405467997746,1.3484031209673155,0.15779651649005316
2022-08-09,,,,,,,,,,,,,,,,,-1.6196245819131707,0.15779651649005316,-0.47814525577983846
2022-08-10,,,,,,,,,,,,,,,,,-0.8960869089072294,-0.47814525577983846,-0.1832485971165016
2022-08-11,,,,,,,,,,,,,,,,,0.5883285495869325,-0.1832485971165016,0.19808310127118353
2022-08-12,,,,,,,,,,,,,,,,,0.7266886899304092,0.19808310127118353,-0.32197508614434966
2022-08-13,,,,,,,,,,,,,,,,,-1.2780862898579362,-0.32197508614434966,0.09965760255249441
2022-08-14,,,,,,,,,,,,,,,,,1.3048166022753565,0.09965760255249441,0.5187393049471336
2022-08-15,,,,,,,,,,,,,,,,,1.145955412515416,0.5187393049471336,1.0981834507656074
2022-08-16,,,,,,,,,,,,,,,,,1.1397725225555762,1.0981834507656074,0.8274837991218386
2022-08-17,,,,,,,,,,,,,,,,,-1.0433241582355188,0.8274837991218386,0.6387182784658061
2022-08-18,,,,,,,,,,,,,,,,,-0.4607558252062981,0.6387182784658061,0.06162807138320684
2022-08-19,,,,,,,,,,,,,,,,,-0.7467779313353179,0.06162807138320684,-0.29467590462736876
2022-08-20,,,,,,,,,,,,,,,,,-0.6262354527301067,-0.29467590462736876,-0.11334057496806889
2022-08-21,,,,,,,,,,,,,,,,,0.13847958558390921,-0.11334057496806889,0.5446407191384106
2022-08-22,,,,,,,,,,,,,,,,,1.1377678563404803,0.5446407191384106,0.06964897633045508
2022-08-23,,,,,,,,,,,,,,,,,-0.8607232389202463,0.06964897633045508,0.08878841087176247
2022-08-24,,,,,,,,,,,,,,,,,0.045396578245244734,0.08878841087176247,-0.08736333692619278
2022-08-25,,,,,,,,,,,,,,,,,-0.40820804513196207,-0.08736333692619278,-0.05962421242511919
2022-08-26,,,,,,,,,,,,,,,,,0.0720097686520021,-0.05962421242511919,0.5686829836123857
2022-08-27,,,,,,,,,,,,,,,,,0.8482183686729384,0.5686829836123857,0.5601626397866692
2022-08-28,,,,,,,,,,,,,,,,,-0.2369234437875604,0.5601626397866692,0.48334047047325573
2022-08-29,,,,,,,,,,,,,,,,,-0.0798693559447831,0.48334047047325573,1.1514170803785218
2022-08-30,,,,,,,,,,,,,,,,,0.4374871330587649,1.1514170803785218,0.3641692912233892
2022-08-31,,,,,,,,,,,,,,,,,-0.521516120393245,0.3641692912233892,0.5391282303909976
2022-09-01,,,,,,,,,,,,,,,,,0.3030342096610042,0.5391282303909976,1.0089384233742718
2022-09-02,,,,,,,,,,,,,,,,,1.4263281755426547,1.0089384233742718,2.173681874869259
2022-09-03,,,,,,,,,,,,,,,,,3.269807032710392,2.173681874869259,3.0304871217079823
2022-09-04,,,,,,,,,,,,,,,,,1.0663039025279195,3.0304871217079823,1.0718107401314914
2022-09-05,,,,,,,,,,,,,,,,,-1.6418887424706488,1.0718107401314914,0.14542831182265537
2022-09-06,,,,,,,,,,,,,,,,,-3.346921801158832,0.14542831182265537,0.23770220793731178
2022-09-07,,,,,,,,,,,,,,,,,-0.011506033708481774,0.23770220793731178,0.4871599231222638
2022-09-08,,,,,,,,,,,,,,,,,0.4490082103739257,0.4871599231222638,0.8173074755357159
2022-09-09,,,,,,,,,,,,,,,,,0.7541572103478642,0.8173074755357159,0.634115985736311
2022-09-10,,,,,,,,,,,,,,,,,0.0190616637314338,0.634115985736311,-0.02527566040842669
2022-09-11,,,,,,,,,,,,,,,,,-1.6857118490167915,-0.02527566040842669,0.7514312991218187
2022-09-12,,,,,,,,,,,,,,,,,1.23942957362524,0.7514312991218187,0.07290955204875428
2022-09-13,,,,,,,,,,,,,,,,,-0.7460547524530015,0.07290955204875428,0.4263629328629421
2022-09-14,,,,,,,,,,,,,,,,,0.664050284507608,0.4263629328629421,1.5088935446665612
2022-09-15,,,,,,,,,,,,,,,,,0.7624340929593557,1.5088935446665612,0.3602752760645562
2022-09-16,,,,,,,,,,,,,,,,,-1.8972162201014489,0.3602752760645562,1.5530298902275774
2022-09-17,,,,,,,,,,,,,,,,,2.1195714580445455,1.5530298902275774,1.3754861141593517
2022-09-18,,,,,,,,,,,,,,,,,-0.8127694213642516,1.3754861141593517,0.9855136643130038
2022-09-19,,,,,,,,,,,,,,,,,-0.45270130279557164,0.9855136643130038,1.7694320188090396
2022-09-20,,,,,,,,,,,,,,,,,0.2734071728217037,1.7694320188090396,0.767805667258596
2022-09-21,,,,,,,,,,,,,,,,,-0.6801052440148343,0.767805667258596,0.6599473491581435
2022-09-22,,,,,,,,,,,,,,,,,-0.04572400045219895,0.6599473491581435,1.1052558920958018
2022-09-23,,,,,,,,,,,,,,,,,0.5431451477743259,1.1052558920958018,0.6828791201863751
2022-09-24,,,,,,,,,,,,,,,,,-0.22981750745288684,0.6828791201863751,1.4071040302722397
2022-09-25,,,,,,,,,,,,,,,,,2.2747643855207205,1.4071040302722397,2.204085427193459
2022-09-26,,,,,,,,,,,,,,,,,0.2805341524344909,2.204085427193459,0.4575728920869993
2022-09-27,,,,,,,,,,,,,,,,,-3.5511036999042678,0.4575728920869993,-0.14923638936656908
